ID,ORDER_ID,SKU,QUANTITY,PRICE
69761c5e-0563-411b-acd7-78680ad2c5cb,a41fec7b-f36c-4f13-98ca-84e6c7a02f6d,BEV-003,4,59.57
b970f82d-350f-454e-9afe-6ea1178f66e6,4805dd93-ba0a-46d0-ac57-0c5c6116b075,BEV-003,3,109.86
e7534717-0919-4986-846b-9d7fd8099eea,028c2daa-07be-4c72-87f3-9b13bf86451c,BEV-003,9,886.27
f0494f63-aea0-41d3-bdac-f41f5029118d,b6ef0c35-dcb8-43be-8f08-1221bf33c32d,BEV-001,1,180.06
07e339dc-cc11-45fa-a519-d5d237981c9d,4d74a10a-35e6-4a47-a90b-a8df7a2d1b9b,BEV-004,4,889.23
5037684c-d59a-47e8-b1ed-b64f971b7c1c,9307a1d4-58b1-428c-bf94-1228d3b00017,BEV-003,2,349.79
fd90d9ae-1ab6-4f4a-a299-1ae565a8ec57,9307a1d4-58b1-428c-bf94-1228d3b00017,JAF-004,1,526.2
8ee569ae-8297-4d7b-80f0-c5cbbb140f5a,5cf1b24a-4738-483f-8cc6-5744dafaed13,BEV-003,7,706.36
65e477a4-43ae-4c88-8268-b175b05863c0,65dfbb29-e073-4856-945a-6f8e49ee9f37,BEV-003,1,141.15
d7b06a57-f652-4787-ad8d-4c00cbf98265,65dfbb29-e073-4856-945a-6f8e49ee9f37,JAF-001,5,704.37
6f4219b8-8b45-4432-b90e-80b99771c149,45fb2e99-a0f0-46cd-ba60-062e5952a821,BEV-002,3,800.7
123ee73f-d79a-401e-b9fd-4d93b4afeeb6,0683561b-d4e0-4f7f-8dc6-621001300348,BEV-004,3,41.87
d1092915-bade-4344-a396-0678bb26bd3c,0683561b-d4e0-4f7f-8dc6-621001300348,JAF-003,6,217.38
a98021da-d50f-4ce2-b231-9a9530f239f5,e19b37df-d726-46da-bb55-fdb63871ab07,BEV-003,3,626.85
80c72012-40f2-4ad3-b2d5-97a2205f491f,788726e8-fb32-43bb-a837-92087fcfe4fa,BEV-001,8,532.83
bb9827b3-ee28-4f63-8c67-071e273b9f46,4edaadfc-cbeb-428c-8097-83017abf67a0,BEV-003,1,758.23
00d876ba-6a94-4b19-977f-bc7bd2b7a279,b2d7e64e-cb89-4b28-8adb-600af3df4f23,BEV-002,8,458.61
8cedea6a-4c35-4f6f-8df0-8fbc758557bd,5bb5fa86-8b84-4363-9a43-3e0b4f5b4c94,BEV-001,7,120.56
b138f726-3777-46d9-93ca-3ac402521a4c,76516485-c460-4da1-8818-2057064ae4cc,BEV-004,1,155.15
bc1648ba-613f-42e1-8a44-856fec4b4b4a,3bc449c7-62ff-46f8-89d9-2427427fdbc3,BEV-002,7,661.44
c0bf3e3d-746a-4c9c-ba1f-be687eca0bce,ecd33195-46a8-453a-8e1c-9038a7e6ca16,BEV-005,5,518.17
5ba254b0-d85f-4c9c-a1d8-d9288e0b32f9,8f434bd6-5514-495d-9d3f-5560139873bb,BEV-002,4,809.9
3b726819-ae60-4035-9f12-d165bcafa310,d46c0db4-fdd1-41aa-854f-11f0653a6b2e,BEV-002,4,920.51
e431996c-deed-4fd7-8e54-120f805094e4,b82dadc0-8ea9-4260-aafe-565e4d497a96,BEV-004,2,625.35
c15f20c7-369a-4b5a-9043-1dca3d0d4abe,c87ab8eb-dfd0-47de-ab6f-0ad7935411ad,BEV-004,4,982.42
ba8c3126-c2f5-4cde-9038-fd087c0d6605,081c9521-e875-4abe-a516-f3c6ea4120ec,BEV-003,10,276.74
ae6b50e1-ff3b-41e4-b076-966a6d4c752e,081c9521-e875-4abe-a516-f3c6ea4120ec,BEV-001,9,177.75
f31d485e-dd45-4873-b160-b30df4b36b7a,4576e304-135b-41f9-b2d8-70add76a39b3,BEV-001,3,848.5
df20a6cf-2707-48b6-8b85-eeb9a1805a1f,53d0d2a7-ac94-44c3-b16e-d7bd53af04a0,BEV-005,9,307.05
9969eec0-38ae-425c-b4a4-4e218dc9ec08,53d0d2a7-ac94-44c3-b16e-d7bd53af04a0,JAF-001,7,461.34
6be063e6-b6ef-4755-8386-289cd544def2,88851058-f53e-40f6-ba4e-f229c1233732,BEV-001,1,328.73
155234d4-5984-4942-8105-9d8cad163ed6,a4432a58-af66-46ab-ae5c-7b10ca2d5d5a,BEV-005,8,848.8
b97e6018-94f9-49e8-91bd-a2b9d1530b29,f50763b1-391a-40b1-a462-b862c4f96807,BEV-005,1,340.19
5a58d7c5-6248-4295-9e34-bdc6e5f90974,4efb3f10-ef98-4aff-855d-4b17855e6f7a,BEV-003,1,651.77
3d698031-6b90-4bd2-a5d5-89edd0db4f0d,61ddc676-0296-40b8-af92-c9b2b3c6fabe,BEV-005,1,561.3
08ac8fc1-af8e-4b06-b4ea-50aaa3b301ad,61ddc676-0296-40b8-af92-c9b2b3c6fabe,JAF-003,5,277.88
c909550d-ba46-46a0-8b3d-ce5a7cecd4f5,086cd47f-3cdd-4e85-8c86-ab82e0efe85f,BEV-003,10,236.26
843b76a5-7a0f-4d81-965e-d5a74ef68fb1,086cd47f-3cdd-4e85-8c86-ab82e0efe85f,BEV-004,3,34.43
74ccccf6-cb00-4905-b6e9-b0bb60fc90f4,a725dc4c-815f-4a6d-9202-0668f30bf96b,BEV-005,3,439.05
cc085df6-6501-4aa6-a4d0-93d7e8934375,a725dc4c-815f-4a6d-9202-0668f30bf96b,BEV-002,2,341.67
76f0163c-287b-440f-8bd6-c6744f539b27,18a2d07b-1a6e-49be-aa7a-f0a4b91ce774,BEV-002,4,537.08
fda66ac2-c339-40ee-b86b-7cd7c1150f50,a0e7119d-337e-4d48-9b5e-a10150c8ea05,BEV-005,6,834.69
a87bed41-4dad-4e23-b0a4-ad6c772508be,a0e7119d-337e-4d48-9b5e-a10150c8ea05,BEV-002,9,49.56
339e4947-80d1-4675-9c3e-04287b412710,6b59799f-15c7-4f16-bfc3-d0ad8fb3fcc5,BEV-003,3,269.85
9b7a5857-5ba7-4808-a939-2c56287117a2,ca7a253e-4bad-4c3c-bb30-1cf59c706064,BEV-005,2,786.06
52c80eca-5999-4ed7-b9db-d14ac86df12a,3e34ca2a-ee7e-4a7a-8fad-f3a36d6559cb,BEV-003,5,514.69
0b83baff-7104-47ff-a30f-09afe72c0992,f7de609e-4e61-48b1-9b31-a8e8b3b6c077,BEV-001,10,758.94
319d1c05-6360-4708-bd97-6e183ee48c04,a30ceda3-453b-4be7-8e4d-dd7483634a6d,BEV-002,5,216.51
aca491ba-5b22-4338-b073-9013f792a3e8,cc923762-edce-435e-b757-c6081f17d8d6,BEV-001,9,377.84
d94679c3-41f7-46c1-9c43-fdcaf4f24c7b,af4d1b82-791b-4c2f-bea1-9c9accd819db,BEV-005,7,357.18
886233d8-6456-44ed-990e-99fe5d708ada,af4d1b82-791b-4c2f-bea1-9c9accd819db,BEV-001,1,692.08
f4c78dc4-4c3d-433d-be52-635538427fe7,af4d1b82-791b-4c2f-bea1-9c9accd819db,JAF-002,8,593.0
00f5ea91-ad16-4927-802c-39aaec0ab46a,024b5126-50b3-480e-af1c-e0dde695b937,BEV-005,10,833.59
4b61a86c-cd64-40cd-af34-085012709e13,8d826088-bcbb-4d0f-9db3-89c7cadde2f5,JAF-002,7,220.0
b25cb0e0-e9d0-48ae-8c32-62bd9f6ba6c6,b85b3711-5f66-415f-8a0f-18c0b7aebd3b,BEV-003,5,78.65
c5733d80-3c23-4330-9c91-ed884cee5ecb,b85b3711-5f66-415f-8a0f-18c0b7aebd3b,JAF-004,5,606.35
d3283fad-cfae-4e0e-9a33-e31828a13889,e065d1df-7b5c-4986-8421-e44b6c19214e,BEV-004,2,205.66
70f8cd0b-20b2-4e36-8801-556c0a9480d6,22e42cf6-ae99-4bd4-8ae8-696cd7790805,BEV-001,3,665.29
43ea1fce-e0f1-4f8f-98a2-af2d95bce801,22e42cf6-ae99-4bd4-8ae8-696cd7790805,JAF-005,6,53.11
ab7b2507-8804-4114-b9c4-694a958d2091,94818d6c-c1f5-4ff9-b780-e900624248cb,BEV-005,1,792.14
465d6c63-4647-4f5f-b7c9-a81c5334e6ce,9526cd8d-aa12-40f9-b59d-4e6b769640ba,BEV-005,1,465.75
4cb23f36-62f9-44d4-8ea2-18ccbe2666dc,940be2cf-4a8b-45e6-ac37-6605c138bee4,BEV-003,6,321.13
8bc3b2ad-1105-40a4-a9ce-d5e6aee60930,940be2cf-4a8b-45e6-ac37-6605c138bee4,JAF-001,9,906.93
35e43ee3-75cd-479d-b0d6-e5b088c6b296,dd27cdff-aebe-4748-a644-26a0f77824d9,BEV-004,5,986.78
c9b31247-e805-4432-8b9a-718f88046e5d,6652efc7-4d11-4835-9396-e28dadbfcc74,BEV-002,4,324.96
89228fbe-2af6-4416-a418-435c975133f7,e73273e5-caa4-4745-bf62-7651907e52ae,BEV-002,8,129.04
b96503f9-5c33-4e8b-b03f-c259ffd9f4db,dede3b77-6e53-44d1-89e0-3571ae932229,BEV-004,5,716.41
88cd592c-b613-4126-a5eb-b81be2a4dbac,22390c24-13dd-4ffd-bba7-7c38a5459e00,BEV-001,10,877.79
1f3beb0f-7530-452f-82e5-1fad9bbb75cd,b02c4d38-cd5a-4c20-af2d-e8e4238eaca5,BEV-005,3,988.37
30609ddf-0917-4009-9387-1d9efbd06fbc,5763eb8d-0074-4905-abd2-2f73cd770578,BEV-005,4,172.67
dff7f166-3a0f-4836-b8d9-414f2e453f74,89983e36-0070-424b-acce-dd83947c1282,BEV-002,2,904.48
bf525f8d-4ddd-4297-a037-f6c9689326dc,a1370ac9-b844-48c1-a852-cd8c2f7bcb44,BEV-004,2,123.41
0d923a82-38df-4cae-baa8-1f054081d31e,bc8bad5e-049d-4497-a9a2-999dde6872dc,BEV-004,1,318.81
ac014bf5-9687-4e19-bbc6-f1a86d0a7f57,8e674c1d-d222-43a0-b5ae-c85662d4ecd3,BEV-001,2,801.3
6b47803b-afcc-44eb-a681-9df592d61e30,7612f1a2-01df-4276-8f59-647ae3e6d691,BEV-005,5,897.15
1bf740e8-8b85-4407-8509-e80c666516c2,48a6e3ec-897c-4c5a-9e5a-51e18256feee,BEV-003,10,950.01
fd7ec86e-7bf9-4f9e-a8a1-0c16cbb5b257,afcf5487-472e-40c2-943a-51e378991a33,BEV-002,1,197.32
45055a03-2f64-446a-b4fe-436803f92b2d,e6175f7c-bb21-42d0-9a72-86beb584c533,BEV-002,5,25.79
2e01c19e-6e0f-4c44-a785-bddc596420f0,ffe9e20f-4b9b-41bf-80aa-ddedce6eb383,BEV-005,9,258.34
5750e837-c0e4-4cfd-9400-75fe48d398e0,3f9b3395-225b-4994-a9a7-a20cf1413265,BEV-005,3,514.79
1c4beb60-20a5-42d8-8f49-939aa65df89e,c30a4e22-fa4a-4f5d-902c-d9eadc46cc2d,BEV-002,8,578.6
9b69ffe2-fa0a-47b2-b6ea-99c939e31005,bd8aef0a-5607-49a2-8ec5-eb3d66ad7431,BEV-004,2,441.33
8cc4103a-495a-4075-94cb-155c130b32d3,7fe884eb-1bc6-4e4f-ac35-73c8417ca520,BEV-002,3,800.24
fdfbe688-a3c0-41ae-bcee-c50e032a5d5b,7fe884eb-1bc6-4e4f-ac35-73c8417ca520,JAF-004,8,921.93
35d3ee77-b728-4284-87cc-ef5bbca19e28,d8589163-bab3-4cdd-ad60-17cf9a1b4bab,BEV-005,1,756.65
5a2ffced-a611-43f8-a003-e76eba07bc74,d8589163-bab3-4cdd-ad60-17cf9a1b4bab,BEV-003,10,245.99
7c15ebe4-7153-4cb8-8561-053e290c3cf7,e7acfb3c-f30b-4e6c-80f6-f6658cdf5b40,BEV-001,3,92.7
34001a58-68ef-4e4f-a75c-d352dc6e6660,7f78adf7-7ce4-4a19-9f58-a2accab8235e,BEV-001,1,979.37
0fa7b951-4a84-4a57-b3ff-4bc80a3d5177,7f78adf7-7ce4-4a19-9f58-a2accab8235e,JAF-002,4,543.84
4d88a8c9-30d0-4b94-a30b-8f5df899741b,cc36bda9-29d2-413e-9328-f3473a9ad7e5,BEV-003,8,417.11
05a7e770-736a-403f-8eb3-db29bcc44c22,29d86892-d63c-47e1-a052-c79193b89626,BEV-005,3,164.41
47543669-87a0-4ed6-9b6b-c0c84004c618,6ef4188b-a8f8-4698-8006-2b04bb4a614c,BEV-003,5,889.43
fbd88428-ee40-4422-9386-b1b31c2f987d,2c068d04-3220-4d0c-b033-d0c84d91ad71,BEV-005,8,860.33
d3d12689-f0fc-47f4-b249-a80d729b7fa5,ca34ba8d-e436-4fce-a2ef-4a9524dfbf04,BEV-003,6,717.37
422761fb-a1eb-4853-83cf-10675184ef18,52f5e2eb-3e71-4be3-acfa-edb337fb1083,BEV-002,1,159.59
d8289aef-299c-44e9-8e44-76f0bcdc4d49,a68b97ca-e358-421c-8a35-a32930218877,BEV-002,9,788.72
9eb10c24-8d85-47d3-937d-6492d2e09f12,ef01dcda-ec0a-49ec-aee1-ff96270bc145,BEV-003,8,405.85
68e2e6d1-a8ef-4809-9a9b-25342ad94ae0,f1b1cc80-9a0c-4aa4-973c-8de1e6a4761c,BEV-005,1,80.66
0613a653-382b-4f47-a648-eab1f64c7972,415e2787-d70a-4acc-a1b4-bb5150ac80c3,BEV-003,6,135.82
e3bbc12c-830b-48b5-90bf-972b0d3ef748,06b64735-e069-42e7-bbd9-7e78d74256a8,BEV-001,3,251.91
c9105041-495c-459b-8dad-6de6e96026bc,d6df6a56-a77e-4068-b96f-cfd63eb94a20,BEV-003,6,918.96
b2a7d3e1-1b7e-4559-affc-7b94fe04c338,0ffd03ae-d6bd-4bbc-a44c-68a17da2882d,BEV-001,1,202.41
5ea32b65-638e-4f8f-a757-c66a4c7c10c8,0ffd03ae-d6bd-4bbc-a44c-68a17da2882d,JAF-002,1,948.76
6efe8cc3-f804-461c-bffb-22e97bca3a33,2d2ca8b7-208c-40dd-8578-248984a11993,BEV-002,4,632.41
a14b587c-1383-4ee5-af35-9b5236f11e53,2d2ca8b7-208c-40dd-8578-248984a11993,BEV-001,1,410.97
6e0bc4c2-3385-42a2-b386-0c07674f3faf,04ce864a-31ab-447a-83b1-7f5a20622736,BEV-003,2,195.17
1e6a341e-b237-4947-aa1b-c421fed8e442,8589e1a3-7ae3-4530-a301-29d3ab331a89,BEV-001,2,984.64
2939e5ff-ec89-4cde-8c1c-5e84886a1ea2,8589e1a3-7ae3-4530-a301-29d3ab331a89,JAF-002,10,433.5
09915123-45fb-45bd-94a9-4f7f4e919de5,97ab1dcf-7209-4dfc-b9fe-9d86e7e3c908,BEV-003,10,829.99
bae63444-a4b6-4dd8-8983-a878c596c52c,97ab1dcf-7209-4dfc-b9fe-9d86e7e3c908,BEV-002,2,974.86
f777f617-6084-426d-914c-07c63680255a,97ab1dcf-7209-4dfc-b9fe-9d86e7e3c908,JAF-005,10,764.95
2e27ed11-3b93-4f74-a2cf-4ff792e7c08a,7cb0e5d8-3a01-4998-8caf-369ddb8d24c8,BEV-005,2,821.61
f7137772-2b5b-4b57-a389-51fe48255517,676d2ccc-d7d3-46c0-8b91-53ed745d8cac,BEV-003,9,43.8
744f120d-901e-45b9-87b1-98e5540fe2f2,569190ef-514d-4cf0-9c15-3f68bdc63af7,BEV-002,4,679.19
55aa537e-ce1c-4883-bfb1-b5750e36de6b,d1781949-837c-4e4c-8317-1c9b534acddc,BEV-003,3,829.57
7c98d5fd-4f63-4fe3-bacf-b4345d69a8fe,bcf5f5c9-6c5e-4175-81d4-342d0df24a2c,BEV-004,4,921.65
6f7f68a5-9f3f-401b-af66-5f5fe5b46253,c4c81773-32fc-4e4e-92d9-4b35d46b5e7a,BEV-002,6,820.51
46011de7-cf84-494a-b2d5-476f40772281,80054d14-3921-4903-bd68-7ae1742d4ead,BEV-001,8,423.01
3974d47d-1587-44bf-8a5c-11db9b38750f,97085601-f180-4bf2-90bd-b8222ebce147,BEV-002,10,330.31
a9bb361f-6694-4dab-b8ab-7a7c3a42d0fd,97085601-f180-4bf2-90bd-b8222ebce147,JAF-001,4,887.39
fdfd4e81-3705-43b4-90d1-9142793b4d94,96273018-55f5-456e-abaf-88b1b4c2cfbd,BEV-004,2,405.75
8c4cb01d-f44c-464e-b620-ebf3a9bccfe5,648e2404-744c-489e-81e9-c27e8ea36318,BEV-003,2,744.12
b91aa4e8-db65-4a30-90ba-79b73a1b36b8,17db6764-098d-4ded-a382-cb0d83cd806f,BEV-002,4,496.54
c42f4a0a-65ba-49e5-a428-ea366aa2a2b9,17db6764-098d-4ded-a382-cb0d83cd806f,JAF-001,2,505.14
b899aa79-eabb-4147-adea-37be4d3736a4,b4e74750-3945-4646-acbe-8ce365ada492,BEV-002,9,444.0
0c51593a-1f16-4e41-bc8d-f1d9746de3eb,38239b0e-1a37-4cc8-967f-71ea3cd85392,BEV-001,1,537.87
fdec4e74-2026-4fd8-9277-ad1fa8a45e1f,52aabaea-5f20-44d0-a2a0-4c9097a0105e,BEV-003,8,596.11
e38e4e8a-0925-443c-af29-55152739616b,473bce28-6941-4308-97cb-38454fb87f8c,BEV-001,3,487.07
9654e5ef-eba5-4639-a097-6fdb8c6505fd,473bce28-6941-4308-97cb-38454fb87f8c,BEV-001,2,890.77
f0f5e2d4-f5c6-4dc5-ae23-05636e9cdc2b,c1185d36-c4b6-4b18-9c19-a4fc5c317754,BEV-001,2,459.94
46f5f2ab-b3fe-4f36-a20e-214604e8b797,ddc74ed3-226e-4abf-8156-4c57510f017d,BEV-004,7,94.24
888814a7-6a22-4ddd-aaf8-99a9e666a036,06b9257d-c375-406b-8fa6-52b90b4c659b,BEV-005,7,387.92
c6996533-fbb7-4f3f-9533-85680c7c97f4,e2b3a120-34c6-4344-84c1-5180a3a729d5,BEV-001,10,121.02
7fa33778-d90e-4a98-b7ed-0ca690e12b15,ce387e71-938b-49c1-bf8a-94a1fe109584,BEV-001,5,385.48
7eddd1c9-1181-4c78-a7b0-437808b27852,99627513-5530-4127-b55a-b3422108e4a3,BEV-004,8,945.71
8baf57ae-3764-4bf8-abfb-277e70d20c11,ea92e372-3159-4683-8443-75c62540a50a,BEV-005,1,931.11
543e8536-6036-4550-aaa9-7d5829f607cf,f75df8f3-ffcc-400b-a052-f60c322b798c,BEV-002,5,869.84
e43ac772-734e-4431-b0a2-a6ae5dd78b82,e752cd55-f215-40e8-a90d-6ee705e3e598,BEV-003,7,241.39
9b3b7f18-0bc2-462a-915b-50a5c39534d3,e752cd55-f215-40e8-a90d-6ee705e3e598,BEV-002,10,376.7
77d7449c-f1e6-4a4b-9b3b-8934dcaa8069,6f924f5a-cb5c-4956-9a9b-05704635b350,BEV-005,3,98.46
598f4b0f-ee90-42d0-9f6c-709a59be4989,dea632da-5214-453c-b02d-ad824c18bd4d,BEV-002,7,628.83
ff41bdcc-5233-4930-9544-5459d428b752,41967748-4101-48ac-b186-15703e52d27b,BEV-001,9,221.49
886220f2-bbd5-4950-ad2b-9adac3ffc9f5,41967748-4101-48ac-b186-15703e52d27b,BEV-002,1,357.72
b7ba66d9-8324-4201-8bdc-20d87a265b15,361e34ef-429c-4ef3-a91f-6deec0f01609,BEV-005,6,831.69
92012456-f3b8-41f2-9ea8-d61680b05296,361e34ef-429c-4ef3-a91f-6deec0f01609,JAF-003,8,752.2
4e2fa465-a537-4f06-991c-626a1b2a482e,79160f11-5e50-4405-96a9-7166ef01945f,BEV-005,7,506.2
c20df778-5b1d-44b4-9138-d39b0704c237,a02ca49c-44ac-4e1c-99e1-54d0777e76fb,BEV-001,8,613.62
ef0bc766-6ec2-4931-b67a-a5b375ae29f8,0077cd8e-c44b-4122-a7ee-f81dde0eaeb9,BEV-003,10,227.46
e5a07d1c-ccbe-4e07-bdca-c06c92004be7,10887539-8ade-4954-83b9-4abb68459d75,BEV-001,5,378.07
53c57c74-3d39-4126-9efd-2717d46c7cdb,f21fd00b-d68d-490f-b602-e33fc9bc3c0f,BEV-005,3,121.43
bcb912ea-b51b-4dee-9a57-4cf29c5dfc1a,6ea149ee-5679-4fcc-8d24-fd8472e3b88e,BEV-001,7,803.66
6f9baccf-b2a1-495d-aa12-e808278d692c,6ea149ee-5679-4fcc-8d24-fd8472e3b88e,JAF-001,3,814.18
8f43ed4f-a7e0-4dbc-8035-ca1e94d35dde,76ec8904-ae76-4752-8c5f-9c321e5162a6,BEV-005,7,354.88
fd5d075c-b38d-4ed8-91bd-2b3353770073,76ec8904-ae76-4752-8c5f-9c321e5162a6,BEV-002,4,861.77
4cf6d21c-f7e2-491f-82f5-1b1e65aa4643,76ec8904-ae76-4752-8c5f-9c321e5162a6,JAF-005,9,426.37
8c271bc0-202f-46c0-b508-423a8d3bdf9e,4aea5405-eeae-48f5-9c5a-dd58a466bce2,BEV-002,5,473.77
6a8273e2-b39f-4dda-a985-b5233d699d4b,99ac7101-2cf9-47c7-b44d-a290ec67ed35,BEV-004,2,182.23
9ee1135e-703b-425c-bbe6-833c308e7413,8af69a18-6ecd-4ae6-9a07-9374df3ea26e,BEV-005,4,779.63
d91592da-089c-481b-b99e-74782ce6a378,8af69a18-6ecd-4ae6-9a07-9374df3ea26e,BEV-001,10,594.75
e08da36b-5194-42c0-8393-904f0df69536,d6a1384a-5fa3-40a9-bd5e-2ad761b74c7b,BEV-005,1,578.85
e5af8025-5163-47f4-9a12-719c1ffdd302,d6a1384a-5fa3-40a9-bd5e-2ad761b74c7b,JAF-005,6,46.26
0429b987-b1c8-473c-a144-000e8b6d4821,c83f3cf8-379c-45f2-a867-ecd3abf9c8a7,BEV-004,1,673.91
f79c5615-bd8b-4ac0-a2f3-506479971ddb,95723f64-4dc9-4bbc-aaea-f52e3e022e54,BEV-005,5,443.46
f580e130-3159-455a-9e00-00357ac1cbab,eb543d36-445a-406b-a345-fe6950102fad,BEV-002,7,967.63
9d727683-166d-43b3-abea-e5e9f876324c,7bd50145-afe2-4149-bca9-826e83e047e5,BEV-004,10,948.16
6b495660-537f-48e0-815d-e3f5417bfcd5,9931f8f0-944a-4983-b862-8e408df6cd1e,BEV-001,5,631.76
816d74d8-6913-4099-a924-2adaf8f5f9ba,177fed99-6e14-4e4a-8361-634d382d0a49,BEV-003,5,248.17
e38071fd-2bbb-4835-a7f7-ccd39bc124cd,59461c60-c11a-48ea-9263-83ec386ef0ad,BEV-002,4,26.6
5a02fcc7-a74c-4ffd-8353-ad7099bfd828,6171a930-ea4d-4f4f-8b35-ba569104eeb9,BEV-004,6,100.72
3bfcb779-5076-4193-bc4e-455000e5b858,f4a2956a-d002-4ce7-b367-525738f55b51,BEV-003,9,147.41
72c7ed79-6048-464a-b296-ceb51ade8c5d,3ebf7772-4600-47c5-8813-5c06ab98b37f,BEV-001,3,281.95
56b0a123-fd6e-4c3b-bff0-7009bcf52d9a,3ebf7772-4600-47c5-8813-5c06ab98b37f,JAF-004,10,554.01
c7708833-e4fd-49f7-96a7-251cdb15097f,77255210-0d50-4fd1-b452-f583520742c0,BEV-002,2,599.11
13a0ea14-a745-49bf-a476-e39de6ca0110,77255210-0d50-4fd1-b452-f583520742c0,JAF-001,4,577.14
609f8bc1-14ff-44eb-b62e-b4b4e57913b5,c92df1cd-e94e-43d2-bff2-b602407b9fd6,BEV-002,3,985.87
aab85369-6195-4495-96ce-2f2f6fcfbf8e,f6af5415-8d33-4e33-859e-38cbb0fa8c21,BEV-003,10,466.25
ad2a2b55-39fc-48d7-999e-1065fb1c5eb2,7f943d0a-0944-4efd-9a15-2c8004b3be6e,BEV-005,5,834.78
35269116-db7d-4c97-a9b4-094e0d8b2b52,3ed79616-a2cb-4069-8691-0c737dcff82f,BEV-002,1,293.37
df9e4e9f-86f7-41d2-bbe9-6c2424eba0f6,e12c3d15-9414-4e76-b0d9-92d57786068e,BEV-003,7,349.42
9fd5e18a-0243-4079-848f-d2b580671a76,e12c3d15-9414-4e76-b0d9-92d57786068e,JAF-004,7,830.52
8d20843f-1c41-4b40-8502-43da9b94ec31,f2781220-b847-4ee6-aeaf-87a3fb71955e,BEV-001,2,874.77
83ab324d-e9fd-4e1a-a76e-e0c891d12a82,cd8a0e6d-2a9f-4eab-90d8-7096b65235b2,BEV-003,4,442.39
6efddc8d-29ef-4bf3-ba6b-b549d074c78e,44f8c5d8-0b91-48f2-9ae6-865eb109774b,BEV-005,10,810.99
8fb70a96-576e-485e-bba9-52cc2d9212a3,39b5f032-b485-4cc6-9cae-cae0e08f8b87,BEV-004,8,709.2
3f2fbc0d-61fd-457c-94de-fa1e9bcad19f,e31ec130-7fe7-4918-8c40-73611eb18df5,BEV-001,3,930.12
f8194284-8662-420e-bfdb-3144c2ab5449,77a642f5-3795-4ecb-95ce-52ee7f634036,BEV-001,4,204.31
08cd8d73-1224-4648-a838-4dc8d0b64a71,27b1f66d-ad66-45e4-8e66-370e585c3dd9,BEV-003,4,767.85
8f7a3096-7a2f-483e-8568-3cd5d37ea523,276a23a0-1914-4adf-82a6-1f5e2f84722f,BEV-004,3,140.48
10bf341d-5ef1-4648-96fb-e416000dd6ff,49c4fce8-9fbd-4826-ac64-9503d78f5444,BEV-002,3,424.58
86d3253d-fea9-4e74-a933-dd537bf56456,3785bd78-5edf-4d22-bda2-87296427639e,BEV-005,10,245.43
80ac56e0-89c8-4102-a23a-46282c3206fd,e3a740b3-ae89-4a16-8dbe-4d7c71649a8d,BEV-001,8,136.02
76c2549c-b95d-4e1f-a93d-98f20d6bab9c,4d998549-13c0-4ad2-88f4-4b9f71aef942,BEV-002,5,185.04
d36a1e3c-0635-4e0c-8949-f617b8a673a8,4d998549-13c0-4ad2-88f4-4b9f71aef942,JAF-003,6,62.35
110607b9-af3a-4f0b-ac7d-0ee3ec71ea37,50cd6901-cea3-4f24-85fc-c7a2abff8c84,BEV-003,8,427.07
cfa0e4a0-27aa-4fd7-9fc4-3f0325eec4a7,50cd6901-cea3-4f24-85fc-c7a2abff8c84,JAF-001,8,332.49
fa4b1ebf-dee0-44b9-91f6-ce09e734d68d,511be590-eede-4ea0-9174-7b2dfcb02a49,BEV-005,7,520.55
bbd575b0-44a6-421f-aa38-4aed35d5258d,798ee8c1-8859-409f-99ba-dc6f40d12d3d,BEV-005,9,56.28
0f6b7c2f-c115-4233-8782-6a8f1afb7263,798ee8c1-8859-409f-99ba-dc6f40d12d3d,BEV-005,8,874.49
1835d6ae-02d7-45fd-9ab3-21d6ac71e81f,798ee8c1-8859-409f-99ba-dc6f40d12d3d,BEV-003,6,680.07
592278bb-1832-45dd-b82c-78ba3ffbfe31,798ee8c1-8859-409f-99ba-dc6f40d12d3d,JAF-005,10,649.49
bab6ac38-c8fb-49d2-9176-c2ed72c56716,798ee8c1-8859-409f-99ba-dc6f40d12d3d,JAF-001,3,811.91
967b4de6-7cf6-4d31-b39a-db59a420c64d,45b8eb6b-418f-4997-bbda-7ef3cf5da3a2,BEV-004,7,21.64
f1a3c966-8009-4e8f-a2dc-a1f614676602,4f812f66-c775-44db-88bc-00353c0f512d,BEV-004,3,199.26
29981ec5-087a-4c37-aa0d-5106a4893d39,f7089572-f9e4-40db-982e-35265376655c,BEV-003,1,360.13
bbb89056-7a52-4020-bbac-35890f766757,7121de50-a0bc-4430-afef-74444dc91dee,BEV-003,1,734.96
07143cc6-93eb-4995-a762-ce6d28990a46,bf9ac4a7-95da-4de7-9a97-a937ac967e21,BEV-003,8,368.48
3782d8d1-6ccd-4fe9-a1b7-8cfafafef0e8,eded95e6-7a9c-4379-93fa-5728fe836f17,BEV-002,7,761.41
5f8fc139-2bd1-4934-9d98-087150376dce,cc1e4679-de3d-4ef9-b14d-b1e4d441c977,BEV-003,6,120.29
5f9387db-cc4e-4f9f-ac9f-33729f8f67fd,864c19ac-3952-4302-a041-14c0180e4e3e,BEV-004,9,868.13
ea5a7057-62f3-4d7d-8420-919fe9158c6c,e69af13c-d262-4879-aedf-9ab21e5f95fb,BEV-001,4,684.31
22b2d385-b635-4564-a538-c897a364b657,e69af13c-d262-4879-aedf-9ab21e5f95fb,BEV-003,3,683.96
524cd6a4-7f07-4c5e-9e35-391524e67b4b,e69af13c-d262-4879-aedf-9ab21e5f95fb,BEV-002,6,446.08
53d936c0-50f7-49e9-a324-951a539a3fc5,81fc4cc8-492d-4f45-8250-71a5335a1013,BEV-005,1,744.57
c3478ed3-0752-4c01-83b1-dadb2725aa20,81fc4cc8-492d-4f45-8250-71a5335a1013,BEV-004,6,517.38
91bd32b1-4914-46cc-b745-c4ccaa48ba72,2ab31698-7c94-4a20-bb44-87ed8b828e7a,BEV-003,6,576.99
476f31a5-a491-464a-95e7-ffd468576253,72f0681d-8b78-40f8-b105-0fec0a298fdc,BEV-004,3,646.08
cd1ffe26-d811-44a4-9bad-1bc9749f872a,95a519e1-1e77-4567-8785-e8c1f6861b26,BEV-003,7,119.47
0679a6bf-fe9c-4d86-a310-024763ee611c,95a519e1-1e77-4567-8785-e8c1f6861b26,JAF-005,1,345.59
bcbfbc28-4db3-4020-b51e-f8b18c16655f,e8cd7cf3-23bc-473a-bc36-daf57c8ec375,BEV-005,10,894.76
686d4418-c9a1-4b18-9593-f7f0ea47cad6,79dcec05-58ed-4243-805d-ee65f2b21005,BEV-004,2,304.54
2c6f46d9-42ba-4277-955d-480eaa765e8c,fbd16f1a-7e01-461f-abf4-4ba879e0201b,BEV-001,7,699.4
551df822-e8da-4686-bcae-8c077873eddc,facabb1f-af61-44ae-a75a-2132a5c76717,BEV-001,1,731.82
306b5185-e822-4d60-a4cf-e44598f825d9,4474c26d-7aa2-451a-b30e-064244b16a81,BEV-004,6,439.19
b244af35-3fde-4ac6-82f2-4715d74ccfc7,98a31106-d5f3-4dd3-b474-a53a131e9c39,BEV-005,3,840.95
dbe8e712-dc92-461a-a1ae-d3d83120acc9,98a31106-d5f3-4dd3-b474-a53a131e9c39,JAF-003,9,834.94
723af478-dc69-420c-9bec-3f5d661de7a7,f1959f76-19aa-465e-9b98-dcf7a57b3924,BEV-003,10,273.86
c553b48f-5658-40da-8e96-2d0bcd3db7cf,f1959f76-19aa-465e-9b98-dcf7a57b3924,JAF-002,8,940.24
6c3c9436-b456-429c-85ab-2d028e0a114e,0c6a91bd-644e-42c1-9142-05fad5c1553f,BEV-003,8,714.08
7dffb51d-d223-49c0-b42f-42a567767e9b,5ad15d8b-a0a2-4b9a-b573-f83f4da73675,BEV-002,4,805.94
401d9505-5345-4639-9ca6-dd2ea4efa381,9b1ad3f1-5e40-4497-b048-e27e0cf8645b,BEV-004,2,693.12
d9694a46-f514-4a9b-b12b-c61371e936ee,de884df0-ff56-48e6-8fe5-487fb3544282,BEV-002,10,304.63
6ba449d7-a1d8-4916-b0b1-6ca57d95162e,f6eaeb91-7721-4089-a0e4-5ca0e1fff427,BEV-003,8,970.06
b415dee1-aced-4011-afe7-4900da366d31,f6eaeb91-7721-4089-a0e4-5ca0e1fff427,BEV-003,9,86.41
8c44ce7e-25b7-4f1b-b9a4-a4bd434181a2,33d68c1f-f501-4c05-9dc8-e2b4101f620c,BEV-003,5,611.77
0413f4df-6274-4d46-8579-66e6462d8cf3,c61e8076-3ebe-4444-b484-c69c8782c124,BEV-001,1,132.4
1532634a-2615-4008-b100-650008a5939c,818597a5-d4bc-4a77-8675-a55c47afbace,BEV-002,9,337.55
86afec26-65e3-4fd7-8d63-31995b136be8,e43ac555-80c5-4f85-9347-3e497dfa7065,BEV-003,5,473.85
095999b1-8880-4d70-9798-d4439b378816,2b691fe9-2cce-4b87-a06f-2b1163ed0603,BEV-001,5,981.32
d7f009b6-55c8-4cb6-b1f8-3fbb9cabe621,c140e077-9fcd-4dac-8920-e930d70718b8,BEV-003,10,920.51
2d8614ef-f38e-477b-a88a-54c628baa9ba,c140e077-9fcd-4dac-8920-e930d70718b8,BEV-003,8,805.66
4e69fd3b-0acf-43e4-8711-08a437938111,493aba89-32a0-402f-9f3e-97f96a5ae5ea,BEV-002,4,90.54
3b46feb0-74cb-4e5c-b8e6-13d4bd968edc,6bbd25c5-4b77-412d-b78b-928e964b9a07,BEV-001,3,545.97
2a965d8e-37c6-4d5d-8df2-4fb2133bc109,067e8d25-324a-4016-85a1-7f877f11fc3d,BEV-003,3,359.74
1a406211-4cb7-406c-864c-9347c87c0f69,e28570c1-b224-49b0-a5c1-6db2bf9e5043,BEV-003,5,108.45
c8300d87-488c-4499-a4be-2f30729c7361,21dfdbef-21bd-4af4-a526-0967807a701f,BEV-004,5,678.99
dd7f1c43-589c-4430-9aca-3f24089c5f00,20a7f790-ce9b-4d6d-84c0-f95f6b052ef7,BEV-003,2,679.89
2c67cda0-7631-490a-91f3-9d67dcd769fd,9b00a070-b856-4ccd-ba77-d12fe6d7802d,BEV-004,3,906.44
24b58e06-849f-4226-821e-e63c92ab806c,d2274fb6-a614-44fd-bf83-943913ee2c0a,BEV-005,1,561.59
dabceabb-b506-40e7-9d89-7136418ca7db,9fd5f1a4-f8b2-41f1-976e-f4d195a5bf76,BEV-003,1,283.03
35a5d88a-9b8e-4976-b1f2-7ac690fd1b25,39c595a9-5a64-44d1-ae71-1f802559a71a,BEV-001,9,648.48
b9ee61d3-d593-431b-b025-f3b6348e0f07,0f8901a0-f06e-4674-ae80-48dab53cd952,BEV-003,7,390.7
44948988-1430-47f7-979a-c1f633f3c03d,0f8901a0-f06e-4674-ae80-48dab53cd952,BEV-005,8,267.15
ece329c9-d44a-4893-990b-0aca2054df3a,72345209-8a3e-4cfa-8bc4-d84ea9d1add7,BEV-002,5,174.14
0842c8dd-6ef1-40fa-94c3-ca172aed619c,7eaeb494-e51f-43fb-9e24-a5c8bc3b38f9,BEV-005,10,773.62
0c17c05a-b234-4403-aeb7-42dae54fd1a3,96008379-9d21-4ff7-b08b-ace2f55d5af6,BEV-001,6,950.95
d942304d-0dd0-4b87-8582-9fbcdc5db5b6,e31e69e1-854d-4b44-9558-a383f57a5507,BEV-003,1,625.29
60832eba-2ad5-4831-91cb-65c30bcaf1ed,5208bad6-40e9-4894-9104-ea4ed804588c,BEV-005,1,186.11
9ed3ba59-82e2-44a0-9d77-387e8e4d357f,4af18b4a-475c-4f20-9ebf-96559e79d4d1,JAF-002,10,372.65
5dd57bcb-735a-4b83-97cf-d16c97cf11b0,4af18b4a-475c-4f20-9ebf-96559e79d4d1,JAF-001,5,571.0
6558e387-a5a5-4df2-9f0a-d02e9e7a0f07,f8956afb-5eb1-4d1b-a932-581a613921a4,BEV-001,6,339.07
6f03ed6d-b7e6-4c76-bd53-45e0f6858c17,f8956afb-5eb1-4d1b-a932-581a613921a4,JAF-004,2,387.78
124cae90-805e-4cc4-bef5-dbb8e2089636,7de6cc59-e7db-4556-8ba2-2fcc77bd9cf1,BEV-003,6,162.86
dd6a18ef-419e-46ff-bbf7-5ad6a60d5750,7de6cc59-e7db-4556-8ba2-2fcc77bd9cf1,BEV-002,10,933.17
cc883d53-1db2-4136-95a4-9745c876af3d,7de6cc59-e7db-4556-8ba2-2fcc77bd9cf1,JAF-001,9,128.98
a12aae9a-6a06-4ca4-8d8b-07f7b9a8b595,d12c9fab-cd51-4e9b-a1f6-2c44ba7b75fc,BEV-004,5,908.3
191af82b-f803-4210-9bdf-419d03d8c09c,836cad55-e327-4cdd-b20c-d2c33a8d4ae8,BEV-003,1,889.13
6aeccb9b-71f3-4409-b590-3ca12cfa77eb,1511c6f5-b9fd-4836-af83-8ecfb0fa2964,BEV-004,2,592.38
9271081c-92a0-4c88-b212-27250aa04a35,8c64c0bc-38d7-450d-94de-1c48e2600f50,BEV-004,1,819.69
77471cac-ff36-4570-9c78-a85d86648a35,8c64c0bc-38d7-450d-94de-1c48e2600f50,JAF-004,10,212.91
eb9cad38-ad83-4f18-b0ca-8dad702481d1,32284605-72d3-421f-9d32-09c836acc246,BEV-004,6,307.37
9e42cf98-9973-45e7-b889-65a150055e53,b585f58d-c176-4641-9911-9a0a74e91b39,JAF-002,5,202.25
4883d7d6-b1d8-4e62-a94c-d468e91432a0,e0790366-8a8a-4500-a2d3-0e5e51e345d5,JAF-001,2,295.76
42240408-989d-4aa1-8d98-e1e0f20b594d,e0790366-8a8a-4500-a2d3-0e5e51e345d5,JAF-001,1,269.37
b0eda6d3-be49-4fb0-aec7-773ee7d9048d,750d7edb-8c28-4271-8402-1c28caa13c92,BEV-004,5,810.95
5b088d65-051f-4f25-bae2-d6fa479710b5,f61b2783-8589-480a-8c83-0c202782a62a,BEV-001,6,276.69
b8cfc3da-e987-4c25-8dc1-0983373d1695,f61b2783-8589-480a-8c83-0c202782a62a,JAF-004,2,755.01
6545b7d3-5c20-4125-88b1-5ae2164e34ef,c2071f34-c8ef-42ac-8c38-c34aa8f2aa2a,BEV-005,4,213.48
cf7b6939-fea0-4e98-8357-4097cf521907,c2071f34-c8ef-42ac-8c38-c34aa8f2aa2a,JAF-004,10,117.17
003aeb3c-a1bd-446c-b4ef-72269169301d,0a18776b-416f-4866-8714-ae1f09810fcc,BEV-001,10,602.22
75e03277-ea46-4135-abaf-5901fa18ee39,0a18776b-416f-4866-8714-ae1f09810fcc,BEV-003,1,112.98
c06f6e9a-0163-4245-ba09-ffeb3483f3bb,67059b04-4c18-4324-8bc0-d4502671e226,BEV-002,1,381.68
85e6d9aa-ffdc-44e5-a128-358be9a870e5,ba6d3273-8ee5-4314-94ea-708bf4d7695e,BEV-005,5,799.17
7bda114f-f2c8-4b40-9b61-8ee33615e736,4a7ed103-b937-442f-82d7-fd1f051ff558,BEV-003,10,662.93
b827ffb0-c186-4e6e-85ed-cf19216b336b,3736876c-d16a-426f-9e43-2283b8fa7943,BEV-001,3,501.5
1c0ce859-5573-4acc-badc-fcb1fa433de0,3736876c-d16a-426f-9e43-2283b8fa7943,BEV-001,6,249.43
36baa24f-f19e-4415-ae34-6b622225d87d,eef61c28-eb8c-4af9-98d8-e63241025bfb,BEV-005,9,676.19
358b5fa4-3627-46fb-a39f-f04c3099eab6,2eb5d6cb-8b31-4854-bdd2-cf5c98614b20,BEV-004,8,466.51
376eee92-ea63-4dcc-818e-6f3f630d2008,1dc6d601-7453-4944-adeb-0d7f6d011fa8,BEV-002,2,847.82
6b01bae4-4989-4361-a7ff-20e130d6149f,fc5eb3c3-8e90-487b-95e8-850a78bd1e9a,BEV-002,3,251.77
e82633bc-f21c-40ca-9a72-692cb3b3f044,fc5eb3c3-8e90-487b-95e8-850a78bd1e9a,JAF-005,3,190.34
0c1fe98f-719a-426a-a7e5-9e9c9ced3f75,b81a2aa2-58c5-4438-ae3a-feeeff56346b,BEV-001,9,817.88
7d7c138d-8637-41bd-b48d-e6b90d2d52e5,74d59941-e351-4380-8160-109585ecac6c,BEV-001,1,979.93
6009879a-6ac9-4686-bee3-6d108bf4fa4f,5f6b72f0-5819-4afc-b4ea-94d2a80c8f69,BEV-003,1,521.29
12a44e38-9389-4e4d-b7cf-ad82e31022e5,9a1df92e-cf27-499f-81b2-6224d6976b59,BEV-001,4,713.3
71f7d2e8-b658-44b0-a90b-6c004fd80ff2,facd2929-68a3-4802-8181-d2a952dc9f61,BEV-005,6,580.29
23a32228-ebd1-4062-b0d3-fa0001161903,4b67cd12-315b-48a9-ba69-13b075924c76,BEV-004,6,362.16
629a7b57-f5f8-47c7-ac6c-3a9ea2cfe00b,a47ce791-86b1-4cbd-a44e-c8fde10909f3,BEV-005,10,892.89
977d4f1d-9c10-48ba-8bfb-3cd012358fd6,44feab8d-6b7d-4ef2-9d13-dc06a69773ca,BEV-001,3,315.85
ff86ae43-87e8-4949-8c7f-08b622043a36,cc580007-ef1a-4864-8bee-2e76d206fb7e,BEV-002,2,32.93
8fe3b98c-44d0-4f3f-8805-7b4d784143e8,acd773c9-a5c2-4eb3-b6dc-783ac5572dc3,BEV-001,10,404.68
ca6ee449-f8f9-4fd1-a6cd-26f7e26a1123,acd773c9-a5c2-4eb3-b6dc-783ac5572dc3,BEV-004,9,567.33
c5aa4613-2815-4207-a242-103287b09d31,4dab73d3-0c86-41f5-9838-661d0a790813,BEV-004,6,569.97
b706e324-9f2b-4105-9ca4-21907c9bd5e7,9142d2da-473b-4901-8c2c-c4e546fed401,BEV-004,8,833.11
bf1069cd-3bee-4781-b8c1-bbdeb229e961,9142d2da-473b-4901-8c2c-c4e546fed401,JAF-001,10,858.87
319c1554-bd2e-4ac6-bfd6-86ac26b5d5bd,61126d83-a297-4ef5-89b4-3ef6b75c785b,BEV-003,5,894.18
78b29273-4cf8-4713-b8c1-76da06ba209e,61126d83-a297-4ef5-89b4-3ef6b75c785b,JAF-003,10,891.06
0ac82d1f-7a3c-4856-8be0-369c317a8057,e17854fc-008b-4a65-9144-0fdc1af5486f,BEV-003,9,881.58
aced55c1-30ec-4b42-815a-532530d4a255,313f5fbe-3a7d-4d52-8342-aab144c903e0,BEV-004,5,211.43
d9157cda-0f1d-4737-a17c-f8f9477f7d1a,69be7d27-a72b-45a0-9464-c574c09ef38a,BEV-005,5,343.31
b313873a-65aa-4128-b82f-71e4314d23b0,88acce69-d099-4166-9fbf-176e2cb6b116,BEV-005,2,213.87
aad63706-13c5-4718-b5af-3e024a00e234,c69860e6-8236-4b56-91ac-22c759788821,BEV-002,10,274.72
c2add38a-9e57-4607-a3ad-d0df7b459d5b,84bfbf96-3e94-4dd6-8879-f497770f4a37,BEV-005,10,206.37
c6b506de-0208-4c07-adb6-dbaf2459fb2f,f5cf4c85-0b4a-4c22-bc59-a2c28cbae9a3,BEV-004,10,491.15
677c4f43-6b79-410c-9482-100ab1f90f73,992909bd-dc57-4000-b39d-8421ad8467fe,BEV-002,1,492.83
4b2c8cda-365f-4175-8894-aafd0cb2b00e,541692e2-7b79-431e-978e-6170e24f288d,BEV-001,3,763.94
b1e95252-ab9d-4c74-a133-193a2a5c5db1,02ef5bee-fdfe-4a8e-88f3-8db38f8dfb85,BEV-005,9,863.15
27f8bcd0-2fdc-4ee1-82b9-0254970e0538,0a0438fa-95dc-40eb-9656-ea6abfc82e6c,BEV-002,7,21.74
01ae1b91-cad7-4d8d-8a1c-b5a5125e0c39,96257f50-ffe9-4e58-8bb6-a0826769116a,BEV-004,6,86.97
f43fbc17-a6de-4254-ba33-dc5481852d31,19f4d95a-1e64-48d6-857a-95aa0e78d4a9,BEV-004,7,948.77
ec4dc37d-e7f4-4ed3-b4ce-c88cd93f7e60,19f4d95a-1e64-48d6-857a-95aa0e78d4a9,JAF-003,2,645.41
534efbbb-d493-4e74-b586-931d80341e02,e4146f72-59bb-4ee3-94fc-8f2047e4f669,BEV-001,10,30.61
7de18d0f-aca5-403d-a225-2371f35d410e,6c872a65-faf6-4b24-a6cc-c52dcb229fca,BEV-002,7,759.87
05f65ed2-9cdd-478e-bab5-f0aeb7d8dc66,cfc48111-e22f-4b52-aefd-3dc2d02bb83c,BEV-003,2,134.32
bbf87349-bc72-4ef5-8ff1-9d15c126780c,cfc48111-e22f-4b52-aefd-3dc2d02bb83c,JAF-005,1,282.77
38f3068a-9814-45ac-afa4-d9ca89ed423b,198224c6-8028-4d87-8f15-f0a3cc6a658f,BEV-004,2,737.64
82f789eb-c107-480e-8e4d-6b87c9df954a,198224c6-8028-4d87-8f15-f0a3cc6a658f,JAF-001,7,276.11
99804622-682e-4c31-904e-4d1f737efa2e,ff3909a2-2f4b-4b01-8813-086ec1f4d9c8,BEV-001,7,950.28
5e52203e-8acf-412d-9dda-9e77c9b7b09c,5b70c7b7-96ff-4726-a632-6aca3b759eb1,BEV-002,1,69.97
31be3ad9-905c-4ed7-973f-fc020b55a618,7aaa77be-d2da-4e34-bc6a-825770052023,BEV-005,9,431.33
752336a1-ea2d-4c61-a34f-0bb349ebc453,ebdd7dfb-2dd1-4f6d-a09b-fa30480b7ca0,BEV-002,2,792.05
5ce32539-1598-4302-b152-1e514de32025,cf47d2b0-90bd-46de-ad05-8ed3ed2e3683,BEV-001,3,180.67
2870d00b-588b-4de5-8f3a-5b1759d94120,4ea10e02-cfc2-4b6d-98bf-15ead88f58e3,BEV-005,7,782.34
3fbe902f-5dfd-494e-869b-ca6f2c8e15e7,4ea10e02-cfc2-4b6d-98bf-15ead88f58e3,JAF-004,9,710.61
ef8fd630-ad2b-4e55-aa80-395d6f274b71,4ea10e02-cfc2-4b6d-98bf-15ead88f58e3,JAF-002,7,804.71
ad4ef3c2-0417-4bfe-92b7-48fcc3771c2f,64d72c0e-a965-4e42-93b3-f3329a06f53a,BEV-005,2,956.18
9e595e30-ed5a-4457-bd1b-6757fdeb13fe,64d72c0e-a965-4e42-93b3-f3329a06f53a,JAF-002,9,753.24
2f11877d-1f58-4a3b-afa0-30567ca08c41,cc70a27a-3627-46d4-811c-6cdcfe3a508c,BEV-004,2,55.16
de5ab743-f100-4b84-ac26-aa1f5e3350c0,b65dddfa-e474-4e7e-adfd-7ea970e59911,BEV-003,3,679.92
702eb453-5a9b-4aa7-8e22-3bc84f26d2bd,5babeb4d-d52c-4f34-982f-7351d4f8ba3d,BEV-001,4,675.81
4b277a68-9569-40b0-9d06-2891bee655bc,0f39da7f-06c2-42dc-b0ba-82a9394b5e34,BEV-001,10,165.8
cfa15b9a-0f95-4dfc-90b3-b95618d2d9aa,94a08b5e-11a7-4e40-8588-d38f6523cf95,BEV-001,3,744.68
494dbdb7-878c-4774-addc-5056482e3c3d,33269a77-d510-4c84-b415-1f9af44ef34f,BEV-002,4,797.96
8d80915c-60bb-4ee6-b716-e27a09aa5594,8a75f451-74e6-46c0-b76d-d13cfd798841,BEV-001,8,199.78
a7d7a562-0c94-4568-92ca-d7749cebdb09,8a75f451-74e6-46c0-b76d-d13cfd798841,BEV-001,1,693.0
e7cdd432-9c8a-4ff4-8a06-100fe7da1502,b3ea46e3-dce8-4ba9-9026-8320fbb14c5c,BEV-001,3,878.3
752238bb-f064-4ab3-9e57-a65b02e3825b,31fd00e7-f8f1-4371-bb58-09babdf012a9,BEV-004,9,645.42
1003421c-87ca-483d-b397-29c7100b2f8f,31fd00e7-f8f1-4371-bb58-09babdf012a9,JAF-005,3,742.66
3ea7f19f-94a1-443d-817d-b9d308763c88,6411d3b0-96ec-4c91-ba63-e324800289b1,BEV-003,6,616.45
1e8136b0-6a54-4dbd-a590-ea19dc4be1dd,2b0a1cf4-a307-43d5-b1c6-0c63714f9d0f,BEV-005,9,594.55
4350dc71-72bc-449f-9ce9-b999c9392fa9,a00f4927-a28f-4efb-ae1c-36cc70396b21,BEV-005,8,182.45
6f22a81c-bea5-4fa0-a1c2-63b8e7947d25,a00f4927-a28f-4efb-ae1c-36cc70396b21,JAF-002,6,570.22
ad4497cf-5640-4895-a878-629300e0d017,bf550275-2504-4f0f-be23-f030b5db99e1,BEV-003,4,397.91
2fac88c3-a94b-4622-ab19-b184d12facc8,1e8865a5-db41-4e4b-a9a3-2b7530affa85,BEV-004,8,412.86
d3ce188e-478d-47d3-9ac7-bd9340cf9fed,0b327bfe-bbac-4ade-9870-7ad0293725fa,BEV-004,7,520.01
f2bcf315-941c-4ffd-a15d-2c17469ee4f7,0b327bfe-bbac-4ade-9870-7ad0293725fa,BEV-005,3,945.64
84fb5f76-e1c4-4247-b5d0-18de0733db02,37e858d7-d1e1-4e84-82c0-8a96f8416d4c,BEV-003,9,805.09
35432598-2b4d-4ef9-8f60-755898737fd1,3b82ecf5-31e7-4801-a502-57a26d4ebf5e,BEV-002,8,258.12
7282ae94-b631-4de4-8584-88934a7571cf,5f79295a-f475-4778-af79-2ed3ad4e4a23,JAF-005,8,678.85
d879f328-7845-4655-87aa-8c960bd8735b,5f79295a-f475-4778-af79-2ed3ad4e4a23,JAF-001,5,662.27
1ad1627c-8ef4-4005-a66c-3c1b365ba16c,3a0fc307-3c19-4d17-aefa-b94e7362c3ff,BEV-004,6,835.52
cf05169e-8855-444f-8adc-adffe393bd85,ec4d181b-a8bd-45e7-89b2-3e7278612a65,BEV-002,8,625.36
e750d81f-8b95-4dac-b513-d89cd5e515e1,8fb11549-b079-4ecc-839b-2ed174ab2a66,BEV-001,10,47.35
e26e1964-e695-407b-8f68-e0be1c2de8e4,8fb11549-b079-4ecc-839b-2ed174ab2a66,BEV-005,5,44.04
80b0b417-c833-4d59-b247-d5111c6aa58d,b836412c-c8cc-434d-bf56-487d6f692577,BEV-004,7,689.31
484e94a1-003b-41bb-bc72-669c38994bdf,a691a22f-44fd-4cbb-aad8-c5b049d6724b,BEV-005,8,552.08
a1337a5f-2174-41fc-954d-d26bcea610bf,653160e1-3cb0-47f9-bbb4-30995723a782,BEV-001,1,595.92
e45ca127-5ec3-4409-87c6-f5c74780b323,87460460-cbdf-43e9-ad71-b17ed6a22e88,BEV-005,4,807.8
758c8afb-3652-4cfd-bc11-81dc1aca793c,48542eb7-a856-4c5b-af75-870797855acf,BEV-004,5,524.62
20aa4614-9d1d-4c58-b3b5-4f34e700416e,48542eb7-a856-4c5b-af75-870797855acf,BEV-001,1,23.52
26f2a94c-d4e0-45d5-b0d4-49f3275d3a76,48542eb7-a856-4c5b-af75-870797855acf,BEV-004,10,88.94
b2b8b529-135b-4418-a729-c13024163b10,48542eb7-a856-4c5b-af75-870797855acf,JAF-001,2,191.71
f79b21af-d70e-49f8-bc50-97a211d57e33,48542eb7-a856-4c5b-af75-870797855acf,JAF-002,7,331.26
eff5954c-8574-4192-8aa3-8fe558e60e28,48542eb7-a856-4c5b-af75-870797855acf,JAF-002,10,876.27
aec84e61-d66a-4409-bcaa-e32051c63885,4f5e5c78-866c-4a39-93f1-061a424f23c3,BEV-002,2,773.91
e66166b7-361b-474d-b3a9-eaaafe4f0340,f413af39-16d0-437e-a6a4-bcd443b46258,BEV-003,8,930.71
b1f8be8e-57dd-4486-aa9d-ea972182d45d,82889ca6-1275-4ea8-94e2-51aafb2386e2,BEV-001,6,733.72
2697ff47-4a49-4466-90fd-72eb97305bd3,82889ca6-1275-4ea8-94e2-51aafb2386e2,JAF-004,3,498.96
5c0be9c2-390b-4e3f-8e20-6df3e5114e64,de639910-2488-4ce7-9d3c-55a81ea98bde,BEV-005,4,66.69
00ebead6-bcc4-4660-98cd-64a35fa29b6f,c597c320-b2bd-4990-b750-9d3532dd4fb4,BEV-004,8,559.35
d7424494-7be0-4d04-adbf-48dfb0c67754,8a5a03f2-b934-4531-8f46-c2f8722c09d3,BEV-005,6,552.7
e9f9e0c3-ad09-403c-aa7f-212a2d507b22,200a9eb0-1253-4ea5-a577-a2a38c9dcf75,BEV-005,2,836.77
d14ca10d-b049-421d-a4ec-4d40595741de,56133260-81df-4b5f-a3e8-46080f84e06e,BEV-004,4,243.95
cdf31e18-e7b2-4d84-97f7-0cb8c10123ab,75e6c9ce-d917-4972-b1f8-fe9cb71fdcf4,BEV-003,5,495.37
b0e13694-a270-472d-a796-74a040457825,e176203f-f83a-4a90-a0e4-503aa9e0e5de,BEV-004,1,936.91
a646885b-e268-4a9e-862e-b88fc136a8ab,b94eb327-fcbd-41bd-8293-9116e5a1e7e5,BEV-001,9,497.4
aef864b3-458d-4e6b-a85c-8b575d7ea4d8,b8bb9ead-325f-44d4-b4b4-7453ff6c7e90,BEV-004,5,192.2
00703f51-d56f-481d-938b-d07df05d0889,330a20c3-24a6-4b48-85f9-2902a5cb114c,BEV-002,9,854.43
a83017c9-9b8b-498d-977b-4cd667319270,e6befd55-4eea-45a5-9810-83a5b4ae8d23,BEV-001,7,307.67
11906d89-05e8-4a6a-8460-ed62045ccde4,caa2b30f-f5d6-4d72-875a-ec34f84f423b,BEV-001,7,423.88
7c31b4b5-8203-42ce-8c31-332f02a4340a,bc0fe0c2-b319-4a9d-936a-281f803b2108,BEV-003,3,579.31
71e09070-8768-475e-a299-bbe790e20823,c17cb08b-5da3-4b4e-a30b-47c4fd7e7e00,BEV-003,10,47.47
b6b20e5f-d601-47f4-be1b-90d526ff15d2,68de4f1d-b3a8-4e6a-9e17-23e36197912b,BEV-003,5,272.33
22608b11-6072-4aba-8ca4-a849987c10a0,68de4f1d-b3a8-4e6a-9e17-23e36197912b,JAF-004,5,402.72
9d101cbe-0cdb-455f-9b46-d08bf3934d4b,dafd36d3-8faf-4bbb-b5d8-df1861f3283a,BEV-004,7,433.79
e2d067f8-8869-464b-b25c-bba0e2ff45a4,25b26e26-452d-47c9-b9c5-a32a7f42bd32,BEV-005,2,530.27
937aa6fc-2cce-45bd-aa17-d110e5e4126e,36471e46-0c0a-4a29-b184-afd192b932c4,BEV-003,6,139.33
878aca6c-a410-4dd8-99aa-2a706aadd833,c4ba0daf-4aa5-41f2-86f0-852d9d7318da,BEV-002,5,686.08
36d9006b-5e25-4010-83b9-f2dedcb8e009,32fe0284-670b-481e-86db-3262b27d0569,BEV-004,1,455.66
bab8d9b6-bc97-4cfa-986e-bafe379b24a8,369b518f-5f82-484a-a7c4-c9761f1ad0de,BEV-001,9,546.29
563f60ad-6e17-4892-881c-2a6da5dc1e9b,7d15c6cd-feb5-4802-b95f-7b0a2d72b1b5,BEV-005,9,957.59
0d701c93-2c34-469b-9787-3f31817f1b80,312c6dec-fd84-4074-be89-1f52c2f3c95e,BEV-005,6,976.41
c7d276a8-605e-48c6-a6e7-a2cbf311f9bb,688ce544-1a2f-4353-952f-b2b895f94030,BEV-004,9,618.86
b006fc3d-491f-4e5d-b84a-0808057afde1,688ce544-1a2f-4353-952f-b2b895f94030,JAF-002,3,509.1
b141e361-cbd6-4c53-86d5-8078ec50aa2f,6dde56ea-ed9f-43c7-9f1c-4bc1190db2d7,BEV-004,6,32.55
8af1587f-69fe-414c-8117-fab41db82a6a,957cca75-c6fa-4972-aa41-225167768754,BEV-002,1,785.48
61c0ce15-503a-44d0-848e-646ca45162fb,eb18e638-4851-4f21-836a-ce4df95d4639,BEV-004,2,946.95
1b188294-2cf6-486b-9a1a-47e6ecf40549,eb18e638-4851-4f21-836a-ce4df95d4639,JAF-002,4,988.59
c6eb1c16-e7e4-47ff-ab4a-d1e1d800207b,aad5ecbc-2969-449a-abd8-70295dda982b,BEV-002,3,860.02
f2cb400c-6ab3-44d3-87f5-672dae3ba6f3,5f8f1e3a-6736-4f20-9b1a-1a0ac709b5ba,BEV-002,1,203.82
1436a2d0-4e48-4f45-88c3-4028fa6139d6,7c8a83b0-cd03-49c7-ba72-01fc88420748,BEV-003,3,784.66
26b9517b-e20f-4233-a376-1bc9a1f9e485,60250cda-2b54-4105-9f15-c1de3f4fe56a,BEV-002,9,415.67
abc469df-45a4-49a7-99dd-109ed85c4218,56dfc1de-fa5a-41a9-9ea4-41fca69d70ee,BEV-001,5,954.26
80d2bf5a-2cc7-42bc-bd2c-5e4b854a73a4,7c45ffbf-9ead-4f64-bb21-a4c5507fce89,BEV-005,10,794.56
e231c6f3-39b1-44e0-9209-4f8533565a94,73592473-77e9-47a8-ad15-10653dfb3d1e,BEV-005,2,632.3
7531957e-25fe-4ad2-a7bd-b53ad42b1897,9ddc1a2a-5a0f-42d2-9765-55c5305a6a59,BEV-002,8,752.03
ec0817a5-48cc-4bda-8596-74793c13e272,9ddc1a2a-5a0f-42d2-9765-55c5305a6a59,JAF-004,8,111.06
e6f12406-07f4-48ed-b646-a0ac79926b9c,897fee3e-0de1-45c4-917d-cfbbf5fc2d89,BEV-004,7,548.51
d24bc28a-5f08-4d7c-bfff-48277ff1af4d,45bf9851-dcb8-407a-8e79-4f59027841fc,BEV-002,4,625.76
46222480-28eb-4630-b4e1-763b0fe38d50,45bf9851-dcb8-407a-8e79-4f59027841fc,JAF-001,8,725.56
de999118-cca0-4384-8413-c30b1f4588e0,9955554b-3549-492b-b848-fdbf0c3da620,BEV-004,4,544.6
98dbfe8a-c66d-4d49-950f-b9f761f63672,059581ca-b1b5-461c-807a-135d7d777dff,BEV-003,9,606.9
5f9e65db-ae66-4ae2-96ca-2d3627d87d22,059581ca-b1b5-461c-807a-135d7d777dff,JAF-002,2,673.22
1ec139da-f0aa-4b08-b73a-142c2144ea81,7a7c3b02-c87f-43d1-8bff-b5c515d71c41,BEV-005,1,419.41
c48009e1-fd03-49b7-81b3-4c1c7fd4b53c,ecabb2ad-2183-44e0-bbea-755f23d4110a,BEV-003,9,712.69
8b66194f-f42d-4d30-af66-bda291fbb881,a4db2d82-6a99-4fd2-af78-5f6bd527317e,BEV-002,2,935.71
aa219829-6926-439e-a3a3-db55108c398f,a4db2d82-6a99-4fd2-af78-5f6bd527317e,BEV-002,2,136.53
dccb4acc-5ac9-400c-b96d-84c854999602,a4db2d82-6a99-4fd2-af78-5f6bd527317e,JAF-004,3,613.53
5ee794b8-9207-497c-a2af-719103b2b7e6,d0a596a8-6556-4ee1-9a09-0ea54ef6dc3b,BEV-003,5,258.94
f5953a76-af13-4ddb-a77f-f918c691dee3,3d5209b6-6102-40d8-9721-6d01e48c9243,BEV-001,4,282.31
7d026a68-a574-479f-af6e-b35ed8f8aca0,58572c7b-a6f8-4bb7-8303-a12fe231e0ae,BEV-005,2,478.85
427b173b-ebc4-4fb6-a5e3-11d1278dda82,00fef748-a491-452e-a9bc-4bd38e408653,BEV-002,8,410.84
93447afe-1b3d-4818-8ad3-249c5a2ef00c,d9d351c9-1ea7-40b5-baf6-3a57cb975f7e,BEV-005,6,874.03
d8e698a3-98f9-42d7-8f5d-544e9f996489,745c0ee9-a0f4-43e4-8c8d-9fd205b2bc12,BEV-005,1,867.82
6ad1257c-d808-4656-abbc-089054f38d99,745c0ee9-a0f4-43e4-8c8d-9fd205b2bc12,JAF-003,7,40.9
37bcacfd-5d37-4035-882f-4743516483b4,3e99f001-3fd9-4cb9-b0f1-aafb657d9dd7,BEV-003,3,938.88
2169e1a3-4a8d-423d-8c20-ad980b0220ba,3a775b53-f697-4ea4-ab34-20ccb945c709,JAF-003,7,94.16
092edda0-cf88-4c7a-87f5-b7cc6bad50dc,3a775b53-f697-4ea4-ab34-20ccb945c709,JAF-004,2,264.22
a633bea7-16d6-4922-bcc8-5a6383eae0bb,2715b15d-9548-4ccb-ae99-ea8b5a89001f,BEV-003,6,920.99
99e66ee6-8a28-4d36-bf06-1adee18edf8a,49d0e802-7589-49a5-bf91-8cabc585888d,BEV-002,10,749.63
0d0192c2-83b0-4b2b-bff1-3da32dee3a7a,cccc369b-14c9-4cf8-89d7-6f44c72f93f0,BEV-005,8,298.73
0ed5d139-1ab2-4232-bcc6-8294c58f8202,08f6b986-ae13-40ec-81c9-dff8d58c2725,BEV-004,8,803.6
5f5f7fd2-6aca-48f7-8362-a2ceb9990fa8,8d1c88fc-5cd4-4ae0-b0cc-7c8a8ecb2395,BEV-005,7,465.38
8459195d-1eaf-4b56-87b9-0419ba68eb6e,3cf47892-6568-4403-bbd3-25391ecb7e40,BEV-001,2,526.0
9afdcf5a-300b-4aea-9678-772bee0bcb52,bdde4f1c-fea1-4490-8e85-01649fc2161d,BEV-003,7,299.8
23426feb-41fa-4f4a-b10c-f0a629f13674,b917521e-68b5-401b-af2b-7f454a140bc6,BEV-005,10,11.87
b84d04b9-6f7d-41fb-85fb-9328a3245c87,7a6fa548-49c3-42f4-bfd5-85d264d72983,BEV-002,10,429.57
d7bffd84-b524-49f8-a3a3-52db626f95d9,73defaec-d864-4479-a267-ade57e39c9e6,BEV-004,3,730.61
e8bc7431-3701-44c2-943d-2af5a252ec25,a4206208-96c4-4268-ac1f-525c55f088e0,BEV-001,8,79.42
167ac065-b934-4498-a97c-27496d2d1cb9,41e3293e-1a23-4a5d-a3bf-ba1ea13d2a3a,BEV-002,5,405.56
6d5cae34-12fe-4e83-bfad-524776d11a30,41e3293e-1a23-4a5d-a3bf-ba1ea13d2a3a,JAF-005,7,929.34
19d12445-f2bf-48bb-9900-3bafbe239a78,74397ef3-6a51-42e8-acb3-fad6d1c5343c,BEV-004,4,261.2
c1e87aa0-d779-495e-abf2-40f1bc056cb2,532abe44-449c-4a6b-97e5-b37ad3689f03,BEV-002,1,808.79
6fa62325-4f00-4168-85c1-ddd3d2dc4317,934503b4-e3c5-490c-907a-3072dd280a7a,BEV-004,5,557.88
b50b8f2e-3b48-44c0-ae14-e1faac8b90fa,d3187361-a806-45da-9ea3-55e437842b1d,BEV-005,7,556.25
a164ede2-2922-4413-bf80-b23f8d93387d,e9a2f3d5-6d34-4876-89f9-eccb3f1cbbf2,BEV-001,6,307.67
9bdd11a4-18b3-4d11-801f-be37550ded14,9b570fbb-c08a-4440-ac28-933b71e28148,BEV-002,7,107.89
fc267454-654a-4171-8e76-393527136642,b629a9c6-37e2-4e67-b831-c68b5a6f3aab,BEV-002,3,586.23
23eaab7b-248f-4cd0-8774-ef9929c7302a,b629a9c6-37e2-4e67-b831-c68b5a6f3aab,BEV-003,8,187.2
3f7616f6-318f-4e7f-a682-df7182c04e28,c28e338b-0034-4d56-8ba8-3d8ab7c97886,BEV-002,10,735.04
ca4b4085-44f4-47af-8ccc-1c8ecd212aed,8783a921-eb72-4bd2-8cc9-31dda6cb4778,BEV-005,1,331.18
6516154b-15b6-4900-922a-bc74604b1497,60e3c92c-a651-4def-a10f-269e39bb14c5,BEV-003,9,24.88
c8e55201-601b-4908-b9a1-f203a0490e32,7d1e1a65-b5b6-443a-aeff-2e322551031f,BEV-004,1,793.29
ed07280d-bf72-4d95-a13f-d2fefb8aa1fc,89ab6adb-8121-4830-b858-ccf140bb05d7,BEV-005,4,810.45
1df8cc31-ad8e-4281-840d-b5f0d48b58c3,c7113e64-7bd7-434c-9237-ddb1d0477a86,JAF-005,8,702.64
9ed7c627-4b68-4d3b-9551-c9b3901947f6,c7113e64-7bd7-434c-9237-ddb1d0477a86,JAF-004,8,850.25
3fc98730-e092-498a-b15e-fd612a2a06e0,d4b3d0b3-f623-4f22-b974-967972d7c61f,BEV-003,10,912.79
7b38fa1a-6fa4-47fd-86a3-92f2e2e0409c,d4b3d0b3-f623-4f22-b974-967972d7c61f,JAF-005,10,851.23
d860426b-0e46-4354-9794-aef5a8f83d5c,c02c267c-1ada-4c9d-803c-e0e0a478720a,BEV-001,6,438.68
4e0d6cc7-6abd-46d8-af1b-2cd6f2adf48c,c02c267c-1ada-4c9d-803c-e0e0a478720a,BEV-003,7,49.45
5488209c-f8c9-40c7-8ed0-d4a77e1a2581,c02c267c-1ada-4c9d-803c-e0e0a478720a,JAF-004,9,579.99
6daa074c-cb0f-4582-8040-1eae7cba4802,feb067ef-7f8b-43fd-9c2d-bde06be7e86b,BEV-001,1,451.09
5623975a-7d64-4a50-94f4-a1aeed75f89d,26866beb-6ffa-4c99-92ff-1a3a6dfae644,BEV-001,7,913.34
20ba286b-ecb0-444a-8d30-884cfc3c5040,26866beb-6ffa-4c99-92ff-1a3a6dfae644,BEV-004,4,653.29
9ecbacb6-4c35-4b9a-bf5f-c1c7c7bb5b44,ab471289-c317-40e8-8386-170b440ce1b1,BEV-001,1,157.58
58305d47-51f8-4632-b77c-4e260129eab9,22544e12-f487-4684-9c5f-1838e921d460,BEV-004,1,605.97
51ee6abc-4591-4adc-9b16-1d882a745235,1ef487ac-2c08-4cce-98b2-3456badd5b73,BEV-003,5,453.69
3077e654-e0d9-4687-91a2-b32eccbf279b,4570b869-068d-4d25-9aee-7d326cd58d05,BEV-001,10,437.47
d261e4ca-6a27-4ccf-9bc8-3b1903333641,4570b869-068d-4d25-9aee-7d326cd58d05,JAF-002,2,887.76
1236081c-b7a3-4fff-b6be-136cd35aeaa3,64bba317-b9e2-44bc-800a-2789af973184,BEV-001,3,615.38
f4179fa7-cadd-48b9-a78d-d06037ee69d3,e7958a91-1249-407e-9c79-b034067131cb,BEV-004,8,632.41
d58b2581-b199-4516-bcaa-41837bab714b,e7958a91-1249-407e-9c79-b034067131cb,JAF-003,9,814.32
4f1da809-9c95-4d9a-ba08-9dba12c7bf65,abe0562c-bc87-4820-8dab-81f8b5bf3882,BEV-003,3,523.82
422a4e08-17fe-44d6-8727-abf4e19fe7e9,94480105-9504-4d1f-87d1-5ae08eb34459,BEV-005,6,772.38
36a4b2dd-aac4-48ef-a231-46446e1f1aec,6b7be9d9-8d86-4b50-8b51-297fad6d8f90,BEV-003,6,966.41
ad128016-bd34-4c52-8e0b-e5071ddcc035,24ab5687-7ad5-4322-bea5-aa7649a41487,BEV-005,2,31.34
5c5fb6df-efe1-4ed1-b8e3-118ffd7501eb,24ab5687-7ad5-4322-bea5-aa7649a41487,JAF-002,6,205.02
a31ab9e3-3479-45bb-be55-daaf7aebeadb,98ec433c-227b-4aef-8b79-0cff7b5a8643,BEV-001,5,962.9
b4451d0e-018f-445c-af90-f2cd150a9bc3,36bb1141-2ae3-460f-8cfb-bd958c94ef77,BEV-003,2,149.17
ec4c44d2-4a99-4b3a-83b0-2d2bbb5e6d68,3943229e-2f91-4362-91bd-0251e24fdc2b,BEV-005,7,674.75
40d735b9-938c-47f2-b012-6473914994f8,3943229e-2f91-4362-91bd-0251e24fdc2b,JAF-001,4,207.29
61243ebe-5623-4057-9b49-088a45a9b92e,2223c919-3259-4c58-8f88-bd52afc7d91c,BEV-001,10,468.02
586d1dad-ff60-4a76-b1f3-26a2830a978d,a2a58cd6-08f2-4064-9d35-cdf151e757bd,JAF-001,2,195.67
893801db-5b4e-48d0-8678-a36b4b7b42e5,a2a58cd6-08f2-4064-9d35-cdf151e757bd,JAF-001,2,583.84
a1392084-3a83-488b-9639-f2a50a5d03a1,a2a58cd6-08f2-4064-9d35-cdf151e757bd,JAF-005,7,540.1
fb40c2ac-45c9-4f18-8c94-3facae747df6,f2ebb48c-1577-484a-9941-0e2baee8b746,BEV-003,9,278.27
65a1ab5e-d6e9-4847-9026-018c4d35c24a,4a289e59-196a-47e7-88c5-56213b35608a,BEV-003,5,123.72
800db2f6-65b2-4423-b2aa-9d9406f37d7b,4a289e59-196a-47e7-88c5-56213b35608a,JAF-002,9,437.17
561ff935-3c04-4a95-b00d-d3dd9c527f94,fa6b0d92-a7ce-43c0-a7f5-0577784555c0,BEV-004,9,380.31
e4e14a32-4509-4992-8251-462dce700df0,cc229e64-9206-4332-a1ae-7285d604080d,BEV-005,10,884.29
8b73113b-38a8-4fbe-85b6-785420cfb2fb,3bb3769b-7b09-4d92-8ba2-f07606e01d71,BEV-005,2,370.84
092255d0-afb4-45e7-b5aa-a7489c39bd71,fcdeeb28-a19f-4fa6-aa31-bb22b651a56a,BEV-004,10,826.36
8fbb5e37-00bb-42c1-9755-5dd9998fed09,444c6a1b-bbd1-4622-9dd9-36448eafc81f,BEV-002,2,733.49
e08636cb-d30a-4b15-baed-0487382535f1,85d24ed4-05ef-4636-91c1-8cccb704f555,BEV-001,8,383.23
5d2a3f72-c45b-410e-b607-e8c829cfd584,c14be70e-ee2c-4dbe-ab38-c89ae9cb911d,BEV-003,6,861.17
bd1a856b-765f-43bb-bb5e-81d9053ce2da,e39f9a54-1475-4da3-8029-afea189e1551,BEV-002,8,377.21
dde54631-cb22-474f-b2d4-b5891092de17,72b35d54-65af-4b96-b7af-712cc8d1405a,BEV-005,10,53.06
9fb99de1-bfe6-4a17-a45b-cc9cf4db9839,72b35d54-65af-4b96-b7af-712cc8d1405a,JAF-002,3,816.76
b3f28978-4807-413e-9ff9-bcd283dec015,72b35d54-65af-4b96-b7af-712cc8d1405a,JAF-001,7,856.12
8ab4e100-d47d-412a-8abe-38ff5c061d0b,938c644e-4be7-4d58-bfd2-b1ab6356cfe2,BEV-003,4,494.98
8103cecc-e007-4ff5-bef7-a8d7de7f2b33,44f8f00a-bc59-45f7-abd0-795d95e97942,BEV-003,4,84.45
6e05b577-0ed8-493e-a002-bfbbb29ad253,44f8f00a-bc59-45f7-abd0-795d95e97942,BEV-004,6,795.75
d4919c21-2cce-41a9-b8df-e5b3d504a1bc,51ea6873-2051-49d4-ba98-493b77af8da3,BEV-003,1,516.11
a365514e-d115-4194-bbde-ee2878a731b6,51ea6873-2051-49d4-ba98-493b77af8da3,JAF-005,2,794.02
4ab72e04-ab2d-4a1f-b6ea-5d67db954add,e00168c3-e996-4648-bc78-8a24b50cce37,BEV-004,8,104.78
6a407b1d-de46-4b01-89a7-6b0d85ed0d9f,bf09059b-13b7-4439-b092-ca80b3b86a10,BEV-001,8,553.18
5fe2e2d9-56f8-4cfb-a0c9-abc486e69a73,19fdab6b-e018-470b-9033-74bca43d1bfb,BEV-001,2,186.24
8b127c2d-25e8-4f9e-97f4-4d3832f9ef9e,19fdab6b-e018-470b-9033-74bca43d1bfb,JAF-004,5,938.3
e7e43538-913d-4a11-bbde-f852b479f2ca,ae9850fa-e0da-4475-981a-5f082de7dbea,BEV-005,7,353.06
02133b89-f786-4afc-ba29-bdde133eb7bb,74c488fb-22bf-4a30-9019-d617d781a273,BEV-003,2,792.57
08ec7a9d-cb70-481e-be89-8b30b4bd3abd,74c488fb-22bf-4a30-9019-d617d781a273,BEV-005,3,880.29
461cb563-41f9-4bdc-8dbd-9efcb9d9fd27,74c488fb-22bf-4a30-9019-d617d781a273,BEV-004,6,922.86
ae205d75-3a40-4e62-9e41-454d5ecf12d2,0d1200ac-e608-48e4-96b3-00b5a8015df1,BEV-001,1,823.65
186616f2-13ba-454a-b24c-a6dac8f80d0a,a2f612df-ad7d-4d05-af6e-caaca8d0346d,BEV-001,1,808.19
181efb2a-6c57-4b57-b143-af8d668c4b3e,a2f612df-ad7d-4d05-af6e-caaca8d0346d,BEV-003,3,675.12
59b38196-7285-478f-8e28-3fab7dc8da9a,a2f612df-ad7d-4d05-af6e-caaca8d0346d,JAF-003,7,889.74
35606d78-6545-4ae0-8eda-a94d2c05db85,d3a71860-107f-4e43-b7f8-d125c2afbb7c,BEV-001,10,786.96
16a489be-a918-44c3-94cc-fddd08685115,89db1770-a4e0-4f86-a8ed-ec7079b15da8,BEV-001,8,131.2
76ecc76b-9a65-4b37-89ef-7dbd30fefb28,89db1770-a4e0-4f86-a8ed-ec7079b15da8,JAF-005,7,699.6
7bcade81-602f-4c72-9b5c-270b1129f56e,5edc291d-45b8-4d40-b3c9-fbf691904121,BEV-002,8,764.71
b394af7d-9b38-4081-a89a-3ca81111fce1,5a5a5957-eab2-4752-93a5-11c1f38156ff,BEV-001,6,438.69
131d5f10-c917-4ebb-92be-92b73670e2c0,5a5a5957-eab2-4752-93a5-11c1f38156ff,BEV-003,3,815.56
b6e4e3a1-dfed-41a0-8439-2cf473c0c931,33de5753-dec0-4755-bf62-668b66a08890,BEV-003,2,662.02
63e9b785-ec9e-4601-91c4-6260e6701a4a,33de5753-dec0-4755-bf62-668b66a08890,JAF-003,2,933.21
9f4ff777-5bd3-40d5-a77a-d5cba14e665a,eff3d479-09b5-4def-8bae-508edc1830b3,BEV-003,6,611.92
3ce0ff2a-5eff-4859-8897-3f5a208fac73,dfb8be1c-e61c-4818-b1f7-f4aa644f849b,BEV-001,7,171.58
e6fc9609-91fd-4ef8-b652-0a7f145bbda3,a4479597-a3eb-4703-a0f7-65cb2a0bc251,BEV-003,2,138.94
51f5610f-a222-417e-8131-029e3cff4570,1dbd50f0-874a-42d7-a5d1-ccc32602b417,BEV-001,3,868.73
4e14ba27-27cb-487b-9e64-4519c3318842,dc13d131-e99e-43e0-ae30-008dfa29800e,BEV-005,7,661.06
f8b5ac58-e7bf-4e04-a4b8-80eb8c8bcb21,dc13d131-e99e-43e0-ae30-008dfa29800e,BEV-002,1,460.56
41708136-205c-4279-928e-760188ede476,64f2fa7d-ca8c-4697-9556-c7142f6b754f,BEV-005,10,919.22
a8a6db63-16cc-4813-8d7e-ce667b016615,3564503d-55fc-4eb9-a754-6d10c96332a0,BEV-005,2,567.96
0dfa3504-4c7e-42db-a2c7-c987d3b7c24c,cfa92bac-d88d-4ee4-bbe4-0431328cb5b2,BEV-004,1,276.56
57c4a638-f950-4421-a9cf-c07475a19675,68500910-a3dd-4679-886a-6423af34e4c2,BEV-002,10,60.35
bea2dd6d-cc48-48c1-84d0-a4c604eda2bb,e80d0cca-fba4-4f09-bbe4-b8fa1a828570,BEV-003,1,699.7
f6a38e25-584f-46a1-bca1-5cae912a82b7,e80d0cca-fba4-4f09-bbe4-b8fa1a828570,JAF-003,7,740.92
5ee0466d-335b-407d-be92-436028c2034d,08f354b4-aec2-4645-8251-bfa492186ced,BEV-004,9,797.2
f3346e00-4a31-417c-94f8-03f49bd4c8f5,adfa4c4b-f457-4361-8103-473296c709cf,BEV-001,4,292.77
3cf4cea7-d2a9-4260-88c4-3f9afc74eb65,adfa4c4b-f457-4361-8103-473296c709cf,BEV-002,1,832.97
6d39e635-5c96-4caa-bc25-47270e5412c3,adfa4c4b-f457-4361-8103-473296c709cf,BEV-001,5,941.79
d3ae2dd4-7bb0-4c2f-9b01-fb756f6152b7,05b589bc-73f2-4a4a-bea0-e124772ba1a8,BEV-003,8,280.74
94a1b7fb-f9a3-4937-8653-d152b40bf76e,a2bb8fbf-ab6b-4364-8eed-c501ece6b680,BEV-003,6,120.17
9d21da76-8eff-44f6-ab3f-46c5f339175e,ff99e2de-ec3b-40bd-9275-6d7ce1969b87,BEV-001,9,662.21
70d6bfc9-5a87-49ea-b246-1ecf1734b3c2,8a9fd316-523b-4056-973c-4d4bb1eb1315,BEV-001,3,831.6
51b71d8d-2af5-4a82-bb75-00b94904063e,8a9fd316-523b-4056-973c-4d4bb1eb1315,BEV-002,6,221.07
4ebb0d0d-80a2-4821-a297-96636951b97c,8a9fd316-523b-4056-973c-4d4bb1eb1315,JAF-002,10,392.69
0d0d7000-27e4-4625-9a02-9328dae027c3,e9ab3b5b-9059-4e63-9a76-f816f344abab,BEV-005,8,336.39
06769a81-a732-40c9-aa6f-7f6470984119,45686eae-8e21-4494-bd0c-7b120f841832,BEV-003,3,882.06
ae3583e4-1157-43c8-8a98-3459e4689309,d7ee869a-c255-481b-ba2a-2f77480ad551,BEV-002,5,311.95
cc03e524-4ed1-4c81-ac93-de86bc24ae9c,ff1c8e04-cce5-45f4-aeba-a054a288782f,BEV-001,4,950.93
fca5a362-adf1-49b7-ae87-11a573c84edc,48ca9a03-4eb9-4a78-86a1-a5845ae4277b,BEV-004,7,273.58
7d1a2a6a-fd53-4b5a-bbb8-819994605e4f,970475e7-dcb3-4142-9c5f-c9241e108c39,BEV-005,6,404.17
132f49ae-8a9a-4559-981e-8caa5f7881b1,970475e7-dcb3-4142-9c5f-c9241e108c39,JAF-005,10,695.23
b886dfd0-642d-415c-aed6-32701ba264c1,afcd7e2a-0589-400f-8448-1d0acf46323e,BEV-003,8,786.95
d2a8c75f-1d48-4912-b040-98af7ef18d48,7b0f43e9-ab98-4aef-bab2-1802c128446e,BEV-004,8,900.99
c8d2abdd-024d-4d0e-ab87-5941f6cd19a6,e6e4e836-9750-450b-87af-10e4efc4f23a,BEV-002,5,108.67
67eca0e3-5d81-45ea-b81a-c9802e726a19,ece7ea67-1f9a-4739-95cd-3b2239f007d5,BEV-004,3,830.86
fd3b7eeb-e9e4-4dc7-b8fb-b4d345e81fe2,f2885afa-dd5e-45bf-8ec6-855bfebc8c6d,BEV-001,7,379.14
8052c49b-125c-47ae-b3f3-4e258a8d3ff9,5f4f9b53-c7a9-493a-b4d5-041bbc50b2c8,BEV-004,2,415.77
529e4762-0891-457e-9f49-03c714d33c2c,f41f8c31-9227-42d5-b949-9b7de1205196,BEV-002,2,225.16
df882f09-9d65-45b2-a4c7-c003d0f48230,f41f8c31-9227-42d5-b949-9b7de1205196,JAF-003,2,819.5
a603c7c5-7d1e-464e-b8d8-7c33522d3c90,cb9e38b1-404a-4c52-9641-9271a8c3588b,BEV-002,9,759.96
4b31482e-0482-4f5d-98cb-d52226653b6f,cb9e38b1-404a-4c52-9641-9271a8c3588b,BEV-001,7,441.35
a96f747d-8f50-4168-88a1-3c4e587defd8,cb9e38b1-404a-4c52-9641-9271a8c3588b,JAF-002,5,896.55
ab358511-4a91-4f9b-aa2d-8b23b1cef6d5,6292804f-4bbd-43c7-951d-e1b5315a630d,BEV-005,7,596.22
f7309be2-982c-4dd8-9015-13494eaf5ac4,6a146c1c-3cd8-4a7b-a4fd-b603a1ef30a9,BEV-002,10,346.79
3eab83d6-db78-4822-9f62-46433026cfdb,37800b87-246e-4cb5-b369-203969d0a3ff,BEV-002,2,812.24
48f0d6fc-f02d-4512-8f9e-6f0e59919a70,401e1d55-56f8-42c5-b700-0fed606c201b,BEV-001,9,668.36
09006c5b-0319-4b1a-9253-213eb2f1661a,daa14026-6ef1-4c86-9959-457cc3e61e84,BEV-002,7,61.18
7c6bb58d-87bb-4053-92ac-19871080cd56,daa14026-6ef1-4c86-9959-457cc3e61e84,JAF-004,1,38.93
3d035a08-1636-4483-945d-0c19ecd0c66a,38ca9fce-8ae9-41da-a7cc-070210a7a24c,BEV-003,5,322.55
95b16d79-408c-4689-a419-5ae6366c4238,38ca9fce-8ae9-41da-a7cc-070210a7a24c,BEV-003,5,841.47
0da3c38e-abc9-46f2-97f4-6bd38a8a586a,38ca9fce-8ae9-41da-a7cc-070210a7a24c,JAF-004,6,187.15
f85eb96c-ba70-4d99-a5f8-d5098b276cea,8f19284a-51ad-45f5-ad80-1ab2e2118176,BEV-001,1,608.57
23fd5976-44d1-4a06-94cf-4993a097afdd,30c5dd51-8456-4db1-9901-e6540dfe4b2e,BEV-002,9,660.82
0bb0c9df-94c9-4c6c-a4ed-a8536dc146a6,695bc085-5db1-4eb0-a170-36a4fd970236,BEV-004,4,623.83
cdaf2f15-02a7-4a62-bf76-9650dd6b7a38,9d9ef587-cfbc-4e28-9d72-4ab6af795c0c,BEV-004,5,434.09
2f31c701-9b8c-4711-9c33-b529d7637feb,d65321d7-c470-4524-b6c8-633e9289935f,BEV-002,1,258.18
d29dbddd-bd17-41ca-a636-a6c108b94555,d3608582-b44d-4f37-8991-947fcb591fc3,BEV-002,9,928.95
37df1ac3-5c0d-4581-b160-309aec236ab6,da5ba0cf-c5ff-4211-b4fd-de60a0755f50,BEV-003,1,868.0
325af1ef-4d61-4b7e-8380-6c35431a73f6,17e16270-cc79-415c-a75b-d56cbb73739a,JAF-002,7,416.37
927e749a-a9e9-497f-aeca-db21ea0947e1,17e16270-cc79-415c-a75b-d56cbb73739a,JAF-001,8,492.09
b0015142-abc3-4e2f-8a52-da2dd1128652,d84621d1-5a47-486a-b5e3-b7bea4d7d962,BEV-002,7,702.24
51c8b7bf-7ae6-4301-9937-7867dd18ca80,d84621d1-5a47-486a-b5e3-b7bea4d7d962,JAF-001,2,93.69
59858279-d200-4be6-aaf4-19c3457d1324,78466c39-5c16-43e3-9952-273cbdefd652,BEV-001,6,170.17
932e53f7-e072-4705-9bb0-3a9dd66f32f3,24a5d277-05c1-4f68-b933-3675a63b5b6b,BEV-004,8,393.46
2c428e3d-da64-4663-9af1-38dfdc5d7fdf,0b92f4fa-84d9-43e4-bd28-f6d250481897,BEV-003,8,599.06
0b87c22d-2845-403f-b9df-8b1072491880,0b92f4fa-84d9-43e4-bd28-f6d250481897,JAF-002,8,908.96
66ec45a3-be6e-4a4e-8900-af05ff96c2cb,03586a8d-11e7-4f71-bd63-d090df69aade,BEV-001,9,467.9
38be9bb3-13dc-4a6b-bd0b-23c876e52d15,6e3eb9d0-42e3-4f07-b219-e2e5e3995daa,BEV-004,3,409.29
0b8a3a9e-0f00-4113-a2af-d19c22ff6025,034a5849-a4d4-44a3-a08b-57829368cf1d,BEV-001,2,556.59
536b5c08-124f-4133-9dee-45f9141f60ed,47179341-981d-4f45-bbcd-3adeb9e34a41,BEV-001,2,736.07
57d305a3-0190-44e0-87d2-5a4e9d134ea2,47179341-981d-4f45-bbcd-3adeb9e34a41,JAF-002,3,360.58
f887d00d-6863-4506-95da-ff3d8a0dd797,c57d9b93-8c72-4df4-a22d-2d490c74ad54,BEV-005,9,610.09
2e3103f1-54a4-40c0-bd35-0bd6a2a8c187,1d78562e-db73-49c7-8c6d-e3aa389e3eef,BEV-005,5,943.65
5e761038-1406-4022-bcd8-37fd6580b25f,e91d0715-8a60-4ff8-bc79-86847fe75a01,BEV-002,4,244.73
a0f68b92-c348-43f7-a727-6e2a76a99260,46b37781-6dd7-4f79-bd01-e25d8d731532,BEV-003,1,998.61
02317c5e-1889-4c78-81a4-99191eba7cd7,65a60a90-e039-4cad-b509-e189c79d2307,BEV-001,1,142.78
8028cc4b-c8d9-4585-be00-9515f16c5c26,65a60a90-e039-4cad-b509-e189c79d2307,JAF-003,6,673.81
0fbbbb81-dbc7-4a3c-80e1-2eb57ffbf1b9,33bcb72c-86cf-4abb-912b-59ccbbd23adf,JAF-002,7,79.04
bfc9aaaa-165f-4d44-a633-9316e179d9ba,6a24af9f-cdb5-4c67-991d-40355f2c3f9b,BEV-005,10,974.0
71515335-632e-4a38-bd5f-cfb94e67876c,c8e67d03-9e6c-462d-9906-7faba800a7c4,JAF-001,3,302.95
fa6da412-5ac4-4af5-9c4f-2d814dd91a6b,c8e67d03-9e6c-462d-9906-7faba800a7c4,JAF-001,9,475.87
9e3380c7-6315-4558-8248-d90b75444af3,29bbd0e0-e026-4389-a74e-a2cb4edb1995,BEV-003,6,542.51
e4dc3c87-1c96-4793-bb57-5441e3e6ede9,5cf20b53-cf41-49f7-be6f-1be844dc9771,BEV-001,4,798.29
f53aab01-291f-436b-bb64-7c55121c8c44,b141b460-35f0-482c-9303-48c67ec0480c,BEV-001,3,219.99
52bf1745-78b3-4f0a-bf9d-2cd66c37cff3,14529ded-13cc-4a63-86af-a4c48ea7984b,BEV-003,5,926.27
c65c8425-969b-400c-97cf-831c9ac162ff,96e74268-f223-4cd8-9d33-6102c3212bae,BEV-002,6,368.23
ad6c75b4-ca24-4413-b29e-a76c3b781154,0894ba0c-1238-4bcb-952c-bf6556ddfb0e,BEV-001,7,654.83
3ea9ff5a-e763-48d6-94e8-54f122b2a5fc,0894ba0c-1238-4bcb-952c-bf6556ddfb0e,JAF-001,7,56.28
5c8fcf3d-1874-4f9d-b0d1-507f12a012f3,fd91fb84-a3c2-4447-abaf-fb8a37b7a96b,BEV-004,7,463.45
c1db25d8-0021-408e-b11e-fef3ba9ce008,b960b32e-8ac6-40b1-8dd4-bec5600a98c6,BEV-004,4,20.13
a61f0bd9-acd2-4bcf-bcd1-96240ad5e624,b960b32e-8ac6-40b1-8dd4-bec5600a98c6,BEV-001,7,433.36
0b7882e2-cdf4-46d0-b3b1-9c21f3d72c6a,b960b32e-8ac6-40b1-8dd4-bec5600a98c6,BEV-003,9,43.48
a08311ed-3db4-4fa1-853e-a4e2c2cdce84,b960b32e-8ac6-40b1-8dd4-bec5600a98c6,JAF-002,6,981.48
f806090e-322b-4559-95d8-1d4037ed2700,c1adc96a-7782-4b74-bbd3-1146e58ac5b1,BEV-002,3,25.27
ca4d36e7-0aeb-41e2-bec2-507c5180eae0,c2fd73a1-5134-4eba-9816-abe0e73f95b3,BEV-002,1,905.44
c950fcfc-effa-4472-bcf4-ca6c1d46211b,20698e1b-b825-44b1-8195-15513a937d42,BEV-003,9,834.65
784cdf19-2067-4eca-b856-c94b9a0e71ea,20698e1b-b825-44b1-8195-15513a937d42,JAF-003,2,676.49
0668339b-b842-4333-887d-45b80b3059c6,6fc09a6e-a7b5-4c9b-8057-cabc3a379f3f,BEV-003,3,350.66
740bc015-148a-4965-8320-53a1a42fd001,1ad039a9-4f95-4596-bf8e-caaf2d77dff2,BEV-002,8,420.69
6dfeb747-c987-4c46-96cf-33acc23b8988,aeb0d87f-fbe5-4c9e-98eb-890015ac9022,BEV-005,6,401.2
6443daac-ec02-4493-be25-bb1381bc9627,aeb0d87f-fbe5-4c9e-98eb-890015ac9022,JAF-001,10,255.83
5b8d10ab-3bec-4eed-b291-e5e971b08a92,5149dba2-f866-4a9f-8f2f-9b99be0d80a3,BEV-002,4,532.04
10be4d13-bfb2-4824-b859-181eac01ee5d,5149dba2-f866-4a9f-8f2f-9b99be0d80a3,BEV-005,7,805.87
1c863f51-d4cd-4c9c-85f0-726e979bba4f,7c76a4e3-4acf-44af-b2b2-95a0623466b4,BEV-003,6,167.67
f8c74f0d-be52-4f38-9538-d7a1532bd23c,1d8de7d3-1247-4634-8c1a-a1e66f6680e1,BEV-001,9,633.12
80384dd0-00be-4c71-b213-f395c753bda8,cd073983-b045-4d3f-9ac5-71d3117eaf77,BEV-005,2,385.79
1ad156b4-9adb-46c1-8904-61dad8a93d92,cd073983-b045-4d3f-9ac5-71d3117eaf77,JAF-004,5,977.47
a318de73-e5d1-4bc4-b300-ac17ec49c205,16ef7c16-17cb-4637-844e-b2a56fdc2c19,BEV-002,2,398.75
6956f72c-08a0-4694-8db0-7949a4432948,16ef7c16-17cb-4637-844e-b2a56fdc2c19,JAF-003,1,422.73
47164509-b99b-4bda-82bc-ebe4baa3c7fa,9dd9dfdb-e705-4975-af81-c793ed8d1fd2,BEV-004,1,186.76
acb4423b-8cef-424c-a497-b90a69666e73,ea72b933-976d-4bee-806d-70701d2b2731,BEV-001,2,252.5
12c060aa-4e19-43a2-a8ea-09e8eb50907c,b81e41df-dd1a-4af3-87a0-63025aa43151,BEV-003,7,381.87
d5c20ee3-08dc-47d7-b877-0ed6209f8a2e,b81e41df-dd1a-4af3-87a0-63025aa43151,JAF-001,10,335.69
d0595ac8-e99e-4737-99ab-b3a364b37960,4b4fe4bb-5816-46d3-9d6b-0988b80b5c1a,BEV-002,9,389.03
789783a4-713f-4a14-9957-f66ac98ea3ba,30c5e9ee-63e9-45eb-95d5-49ebf58326a3,BEV-005,4,497.69
5bc90b46-3913-4581-9fbd-f3659abb78cd,c7fb22d1-8d8c-4b09-9048-48a73d5221ac,BEV-004,9,343.64
8b0260a5-807e-406c-8131-7dcbb370f7e5,36e87fac-4df2-4c10-8772-04e601b1064a,BEV-005,7,816.56
cb15dc38-d150-428c-93eb-40610a141b01,36529fa9-edd3-4186-bb17-2abdf9b1a26b,BEV-003,4,529.56
93d86af0-159a-46fc-848e-1c4678c777d7,251cbcff-c253-4dd0-8204-2560d20ec232,JAF-001,10,148.13
c976c50d-3cc8-46b4-ab5b-534031bed54f,251cbcff-c253-4dd0-8204-2560d20ec232,JAF-002,10,383.61
a2867cf7-be37-4a11-98ab-39d94426e930,28e017ab-dead-4b5b-929b-0fdf595c785c,BEV-005,10,532.81
4c4154ba-69bd-4296-907a-86bb81387d8b,60e2575f-a480-470c-bab4-78d8e0e96894,BEV-003,9,301.84
9f60d4b7-0f64-4034-b81a-480e19014a73,60e2575f-a480-470c-bab4-78d8e0e96894,JAF-002,6,745.56
1ed9819a-40db-41ae-a9b7-5f16509c9198,7bf63ce3-df9c-4827-bdb0-4152407598ee,BEV-002,7,117.93
14e6a8e6-5565-4b90-ae90-eeefea360951,c65ffa8e-1e5a-4b28-8112-874a0f93c719,BEV-003,8,298.03
f825b84c-81a4-4fae-887d-e626d3fddd7e,c65ffa8e-1e5a-4b28-8112-874a0f93c719,BEV-005,3,375.04
76900b84-4cbc-47bb-b1e0-9f06b027d0f0,f759b117-51f4-4b85-a57d-5594e1fcba57,BEV-002,7,93.32
3d298f0b-a540-4c5f-a0e5-e07f8f3d9d12,27dbfa07-da4a-464c-89d9-846a7c706d02,BEV-003,10,290.95
2c5db2ba-fde0-42a2-9ce2-42bd06792fba,8edb2198-eba8-4c06-bb8f-65f1cf0ba7d4,BEV-001,10,324.02
e9c23599-427b-4eee-aee4-f9853e7541c0,71d4285c-7fb1-4c33-80f8-cc2b844afae6,BEV-005,10,144.67
1edb6b0f-73c2-45df-9624-0a8fcefa3594,0cc7abd1-ffed-473a-8112-5b56156bbd5d,BEV-003,7,625.24
0375b4d5-98da-4fcf-be57-09256b4b6219,0b563a9b-75a8-4677-b88c-16f1ffbe4d89,BEV-001,9,553.24
a6abfc2f-bf17-420b-8703-232340294392,0b563a9b-75a8-4677-b88c-16f1ffbe4d89,BEV-005,4,20.0
7a7672c2-91bd-4a6a-8d23-8ba917e90e36,3d4a283b-81d4-4d56-9e99-f5a3e913c97a,BEV-005,4,74.48
e90fe62f-ffdd-4b41-a345-70d12f42f1f7,7a027fe9-3dd6-4e27-858f-52723833892e,BEV-003,3,802.82
7d87dce0-9ea0-4e45-9bd3-3a05761a46b8,511fb75d-97e0-4bde-b8a1-728d76b9afac,BEV-001,7,88.67
83fcbbe7-ed46-48a0-b0ca-2d6b98d66205,511fb75d-97e0-4bde-b8a1-728d76b9afac,BEV-005,1,264.5
8e5c50aa-3cec-4d3e-94db-a3bb1483a3dc,511fb75d-97e0-4bde-b8a1-728d76b9afac,JAF-002,6,49.52
4563ab3e-615c-4a07-bfcb-2897bd3b478d,a7198167-c2e7-4a95-a884-dee32d8464d3,BEV-005,4,133.78
19cf8e45-72c4-4a7c-848b-d5abf4976db6,d10ba34a-eb51-49c4-afcd-09c75d27bee5,BEV-002,2,45.48
a144920a-26e4-45cf-9a3d-ced51fbf51bd,d10ba34a-eb51-49c4-afcd-09c75d27bee5,JAF-003,6,514.66
017d4635-d29b-429f-891b-3c2e6f410386,6c47846c-fa66-4b31-93a4-6d0f7198360f,BEV-001,3,423.6
fb6495e6-930f-4019-9260-9163facf0839,2383c9fa-41aa-4df6-b926-147bfa3d721f,BEV-004,6,797.18
d545fb12-69d2-4c6d-9678-49e39f96abdc,fe3faf53-73b6-437e-b823-23a86e303121,BEV-005,2,854.51
8df51a59-e5cf-437c-ae02-13fb76007520,68fd2dee-07c0-4a5d-bc5f-f6cebffa3a29,BEV-002,9,177.2
4a3c8488-86a8-47d1-83ec-068e399bd3c2,4630d201-598b-4fe0-9a76-94a29ac317bd,BEV-005,6,707.53
12125771-2f71-4da7-bc1f-cb440a898513,4630d201-598b-4fe0-9a76-94a29ac317bd,JAF-002,8,128.06
ad951a6a-570a-467c-a7a6-f0bac1782338,af811200-6f0d-41fc-948d-d4e2ec90006e,BEV-003,9,69.52
7dd75af1-87cd-4c8f-8735-456f85183052,af811200-6f0d-41fc-948d-d4e2ec90006e,JAF-001,10,604.94
720516ad-adff-490f-8af0-b178a02ebd63,49781e0b-28ea-40e2-8a42-ae8286f75845,BEV-003,10,587.24
f1d14a0e-52a7-46c0-87a2-016c5fb6e2b7,150976db-fa70-4bd6-8d5b-8b827502174e,BEV-001,3,241.05
58827ed1-6807-4ba6-be09-0cdf21b32d03,b41bc8f6-aa81-4ed6-87a7-0dab2bd6c52d,BEV-002,1,38.63
7260adf0-f056-4176-8ed2-06dfc71b3a3d,e1adfaad-2d39-4bc2-a6c6-4da15d1889ca,BEV-005,10,182.12
096a2085-9708-42dc-87de-66c7d713a415,e1adfaad-2d39-4bc2-a6c6-4da15d1889ca,JAF-005,4,106.51
059578bc-e53e-4de9-b4d5-12f92be4128a,4cd9e870-3aec-476a-bed8-4839c461a4e6,BEV-002,5,534.35
d8f51d47-d87e-4dcc-ba82-d3c49788ee28,34d08ddb-9f5e-4385-84c1-3e63ada44b4a,BEV-002,6,541.37
aabd7ac0-5390-4cac-b513-8eeb31c5f87a,a14f670d-d41e-47a3-861a-d01b7f4f2c39,BEV-003,6,399.06
339fdf2f-2bd2-4928-b835-2258b340279b,a14f670d-d41e-47a3-861a-d01b7f4f2c39,JAF-002,3,434.1
f6b9800c-07f1-4ea7-b117-c33887edb3dc,55d72fd9-3c6e-4464-8c23-1af78a377e73,BEV-002,5,292.04
a6cc49f9-9f1b-43f7-8728-8a5288084e10,55d72fd9-3c6e-4464-8c23-1af78a377e73,BEV-003,7,999.79
61ae9d9a-dbc2-4838-b18d-bc469a82705a,c8150954-8674-407f-b13c-9ae8de322dab,BEV-005,8,616.97
11a6a79e-9df2-4c4c-a36a-b6531c9b5438,c8150954-8674-407f-b13c-9ae8de322dab,JAF-003,8,205.66
89d4595b-7de0-46dc-b82a-c8252bffb778,1a855d8f-a552-4d2f-a8d1-09786df6ee95,BEV-005,3,911.34
22fda326-fe58-432f-96bc-093957f9700c,2bc0658d-d22a-4902-876e-8720a1b193cb,BEV-001,2,231.3
eb068491-c8b5-4ef4-b9a6-4ccfb6c14613,78befece-8c66-4603-80d0-9fd0469c5fc7,BEV-004,6,787.09
e4029414-0089-4bda-a4b4-e4abc30180de,bcbe29ce-cb99-4c62-be40-3858e9538a15,BEV-005,9,790.55
164749cb-4c8b-493d-8fb0-69330bda6598,bcbe29ce-cb99-4c62-be40-3858e9538a15,BEV-001,8,528.93
f3f59c82-96b6-4de6-b148-c7ba6ae3cd08,98f8eaa9-c531-4ea0-a871-873bd665a514,BEV-001,3,658.07
e4e5e787-3d1f-4cb0-956f-3f1ed88e79e2,d1a8865c-ea8d-4c3e-84ad-f87ba9ca7f9d,BEV-003,2,392.41
6873bdac-457d-4f6c-be35-128113246b30,765645c6-51a9-41ff-ba48-f1bcb524a8b5,BEV-005,4,590.59
7fa9aac7-8cba-4737-9075-22113d9dc854,765645c6-51a9-41ff-ba48-f1bcb524a8b5,JAF-005,1,124.02
0031edd0-639f-4927-b59b-4da98d1d03d7,4c1f43ec-bd1c-49f1-866a-63a04f22b7e3,BEV-002,3,745.32
3fcc08db-7849-431b-b628-1cfae916d6ea,4828fc71-28d7-47e1-b4e5-2dafce84e9af,BEV-003,2,940.41
03ee20e4-d659-4299-bf60-ee73e2aa392a,4828fc71-28d7-47e1-b4e5-2dafce84e9af,BEV-003,1,92.35
6024ea72-b39b-48ae-8542-4aee47646b66,b9a03e80-a746-4c7c-9d13-65b0fe6df56a,BEV-004,9,464.29
9dd5968c-7986-469d-a84e-ad2fce7647d3,00251669-cf11-4392-8586-7941133bb2a1,BEV-001,10,693.71
70eb6bfa-bb5d-4e5c-b422-532d35ccf6e7,37df5f28-a3f7-40e1-9240-ddb1a6230cc6,BEV-003,1,339.75
212fb6e1-79dd-4fa0-8c0d-489341960678,2c5f514c-2e8f-499d-af7b-cf16361cc66d,BEV-005,6,281.25
363655fd-efa7-4deb-995b-63bdbc106f47,2c5f514c-2e8f-499d-af7b-cf16361cc66d,JAF-001,6,921.08
0f8f011b-82d4-459f-82ef-7e14f9bbaabf,392c51ef-5c99-4f25-bdca-c11083ad027a,BEV-003,6,811.78
208fb25e-37d0-4531-ab5a-a5ba18a2be8f,392c51ef-5c99-4f25-bdca-c11083ad027a,JAF-005,9,869.72
52ddceb9-ce62-4a8c-bd23-3f6c3bec78e6,36a8c720-daca-4295-99a6-1cb850d65c3b,BEV-003,6,54.58
a41d82a1-6d07-4348-9574-7a83e9dc591a,36a8c720-daca-4295-99a6-1cb850d65c3b,JAF-004,7,638.25
63757c5f-3919-4e4b-98aa-dd412d2c259b,c09b96de-209b-483f-aacd-198aca6f701d,BEV-005,3,423.54
b99a67eb-6429-47b2-9de6-4772a533013e,1d87687c-052c-4b2a-a889-6b8f0cb4acb8,BEV-004,10,778.51
7253f6f0-7495-4cb8-aaba-b83f89a3510b,9c04d046-bf44-4227-ba0e-2ae28c15e49a,BEV-002,2,170.53
ac34ad5e-31d1-4f72-8260-7d8d51c408f0,9c04d046-bf44-4227-ba0e-2ae28c15e49a,JAF-004,8,497.53
bdc2128a-90f7-4ef9-b35f-683b83641f90,66dd5565-6c49-424c-beb9-af97150f6348,BEV-003,4,745.56
d117f56c-e2ed-4f75-a792-7b5123ceff03,66dd5565-6c49-424c-beb9-af97150f6348,JAF-003,2,19.03
e9e5fe87-5554-4bea-8ae7-513d34205eea,4bbf094e-b885-406e-a76f-2b34b3deee3b,BEV-004,10,571.3
5ec72150-278a-4176-92b7-56e06c730201,4bbf094e-b885-406e-a76f-2b34b3deee3b,BEV-002,4,707.63
d4dd9dc5-f3f2-4ec5-bc8b-ad926b59cef0,4bbf094e-b885-406e-a76f-2b34b3deee3b,JAF-005,5,240.52
da92226d-b668-4564-9c12-2f1641339f8c,37c710bd-ffda-491c-852d-24afd1c4874b,BEV-001,9,492.55
89491362-7731-4e58-9542-fa40487a6b38,37c710bd-ffda-491c-852d-24afd1c4874b,BEV-003,8,441.92
63262693-c814-4dbf-a7ce-799ad8e57d00,90e3962e-d172-4641-8dd4-2cb27b485872,BEV-002,2,516.74
4608c472-080c-423b-8b25-5e3c8e4e907b,c817fe60-2186-4afd-a45d-c366c18426de,BEV-003,1,523.89
1b15c90c-2d2c-4dc6-a833-e8ec9d180437,a8cf901e-49b4-42b1-ac80-35b3d30b916f,BEV-003,1,190.11
8c18d1b9-77f0-4ff2-a3de-ed17e7f4fde9,a8cf901e-49b4-42b1-ac80-35b3d30b916f,BEV-004,1,638.25
5278cdee-14ff-4332-8f10-82f133ad7ca1,4e566d38-bf8d-4b16-9a4b-531ad551e700,BEV-004,3,562.56
eedc5de4-2582-4c2f-b98b-2875429c30ad,2d539a5a-8b13-48b9-a1a2-39aa9604027e,BEV-005,6,589.97
1d2eef8a-5d2c-4d12-8102-a311e9b3f2b4,dc4d2f57-315a-448b-8214-197cbfb4972a,BEV-002,8,562.94
4c44fa46-2e23-42ad-9a0d-79b829f9b2da,aab2f1ff-25e6-4e92-9ecc-9974116d45ab,BEV-004,6,347.49
7665557a-83fb-4fbf-980e-d353bfea0c98,b64fa85d-4a48-4096-b86f-4656b7f488e3,BEV-003,4,205.57
adfb389c-1675-4510-af72-40f7a09e6b61,81a3a2af-8b6f-43f6-bb10-84f81f209b62,BEV-004,3,687.76
af5bbbde-6906-42d3-b6cc-056dce6b9a43,17d6f3fb-d84e-46c3-b7e1-6f954af65791,BEV-002,6,544.66
d169c6e1-f4cf-4965-ae3b-a6b16f1d7b6c,17d6f3fb-d84e-46c3-b7e1-6f954af65791,JAF-002,9,100.73
111af1be-9e8b-480f-a991-d95a28184fd3,921be68c-c2dd-4f70-95f0-4efb86e0cf06,BEV-001,4,352.83
a5fc89a1-4c4d-46d3-8131-7802d641cc20,921be68c-c2dd-4f70-95f0-4efb86e0cf06,BEV-005,3,618.81
86f514db-673d-4852-8f61-7f77c619f4c6,2dec32d0-1311-42ae-b1f6-4f8ef724cec6,BEV-005,5,607.45
0c788dec-6e05-4a5b-a3f6-08cc806a10cc,2dec32d0-1311-42ae-b1f6-4f8ef724cec6,JAF-002,6,230.81
28a77339-46b7-446f-b246-d88d380197ca,f7b49f4e-b23b-4834-be48-9efd8b8ce786,BEV-004,7,795.76
861cb72e-012d-4ad1-8ddb-d6538b82753a,b32bd1e7-9d92-47ab-bd02-2e73ab20a6f7,BEV-002,4,762.0
e8c7b9b9-71b7-4631-b449-13972acd0b0f,ca918eb8-45b1-4f2d-9091-558d8e773aea,BEV-002,2,998.72
aba1b95f-4622-4661-b4b8-79987a39fa49,db117536-9018-4e95-873f-82ee28eb26ef,BEV-005,8,960.66
30331d69-80eb-41f3-91e4-4dcd9d2ed717,db117536-9018-4e95-873f-82ee28eb26ef,BEV-005,6,242.21
9432b9cb-d2bc-42bc-a4dd-cd010da8d7ed,db117536-9018-4e95-873f-82ee28eb26ef,JAF-002,9,797.76
f82db8cd-d46f-4b1a-8eaf-880f8c4f2460,5aa83576-be79-4b5d-8ab4-c13c042a41de,BEV-001,8,944.05
319b8b41-7996-4dc4-baf5-2f9ede263c2e,fbfa6074-1e82-4de3-a323-1c9d99481459,BEV-003,7,770.02
a85fb1d8-4fe5-4a79-a1fd-274a90c831a9,2b749402-2b08-409f-9c4d-85e217f710b0,BEV-004,7,206.24
61c86667-7a32-4019-86ee-a1d08faf045f,d352bba5-bcaf-4cd3-a76c-e2a479ef1a56,BEV-003,3,950.02
3d3cb90b-8d96-4472-b3e8-d9482c18d6c3,2c9cb5f0-c050-452e-8db4-5c8a78b9e94b,BEV-002,4,394.95
146e28e8-5807-4e9a-8e93-33c5bf452b53,2c9cb5f0-c050-452e-8db4-5c8a78b9e94b,BEV-005,2,771.45
3350969d-4b1f-4a2a-a6af-57da3e5e60ee,dee5ef09-5c7b-4f24-8882-bbb06638c33d,BEV-004,9,290.3
d0d69ce8-e78c-466b-a388-0519a41ba857,fc900261-007c-4746-99aa-d666c4390f9d,BEV-005,8,603.43
c411be20-055c-4470-be75-f09df3fef2e7,fc900261-007c-4746-99aa-d666c4390f9d,JAF-005,2,891.35
a358642d-9888-4876-a7db-206e1f941867,82aeb3b7-36d5-4d37-8643-79a12d2db0cd,BEV-003,5,967.04
0c59896e-fca0-476e-84b4-109618214346,93ae2b98-ac38-453f-ae1f-e1a83df2ad2b,BEV-004,1,980.33
89852dd0-b872-492d-9c42-4bf958f7bdfa,3c954ed2-33fb-4e18-bde4-122d3a5debed,BEV-004,6,156.43
06f1e1fb-28c4-4f2a-94a5-f244155536be,3c954ed2-33fb-4e18-bde4-122d3a5debed,JAF-003,5,142.58
9a4e495e-d33c-4b97-9fd4-3b1145880a67,e846c81d-70c1-4a54-a766-5d2aed48ce3b,BEV-005,2,716.8
e3ee2e42-4036-4b91-8845-b125e97dec25,d49a9dd3-4025-4649-9b7d-430a1f024744,BEV-001,3,810.22
630ef212-9690-4480-b265-bc48cf0b6f17,c180489a-ebdf-43ed-9efa-447b62e9bdf2,BEV-002,4,664.75
39466b69-af7d-474e-bc26-6e20060ddfa4,39a4c44f-d78d-49a6-bc26-10f4f8bec0e7,BEV-001,2,920.52
67a68464-c26b-4623-8ca4-09bc09eb81fb,934da98a-4a4f-4e12-b274-1b34b570420c,BEV-004,4,654.77
9be25ad2-5a32-4a50-adb2-f45c17f63f33,ed0e2d1a-5c65-4736-a8a9-86264c06bc42,BEV-002,2,402.74
e8429178-4da3-4346-8f2f-2a31b5b75f2a,1fea3c5c-0ad0-4b75-a240-b0d7fda46d93,BEV-005,3,950.38
55cbbb15-4f09-4375-8da9-4ee338398a8c,e1fe805c-a7b0-4ad4-b9c0-0d3f6c09780a,BEV-003,1,970.24
329674fd-7ba7-4812-8599-e3f1ad8ec4a8,8bf9b55c-ff86-48f2-b31c-e9b896f69c82,BEV-002,3,940.55
e1d52da2-8adf-47af-8f79-c63381ecae22,aac00b8d-4c0d-425f-940e-5998e2bafc8f,BEV-003,8,353.79
c27ec2f2-ec2c-489b-96c1-74a0ffeda026,515f40e2-727b-4c45-9633-4386ee6d9030,BEV-001,1,499.93
c10ce15f-7ca5-4c42-8a8b-df8245ff4184,515f40e2-727b-4c45-9633-4386ee6d9030,BEV-001,10,763.89
796da157-cc57-455e-9b6d-5a65de15f5d7,515f40e2-727b-4c45-9633-4386ee6d9030,JAF-001,5,348.17
9ae3b239-6ee8-48f4-880f-158c6662bd2b,515f40e2-727b-4c45-9633-4386ee6d9030,JAF-004,4,581.09
10d8f5ff-54a7-4697-972a-283ed5c82593,97e4e23f-595a-4801-82b2-2b063ab5019f,BEV-002,1,722.45
506976ab-1572-4278-a3a9-6a4ab0ce2ae2,97e4e23f-595a-4801-82b2-2b063ab5019f,BEV-003,7,142.82
126a5ce8-69f4-4ac7-a656-79515f975291,e7889fd5-e5e2-403c-8e88-0ee3258c38a8,BEV-001,5,687.06
2facca3a-c3c5-4471-b51d-54536e245148,772cf348-2886-4801-836d-a13fa5bef2d2,BEV-002,10,71.62
3050906c-e423-4ac3-98be-3a95044f5b1d,a4503dee-ee44-45e8-af2f-28022083457a,BEV-002,2,735.57
7e3edacc-7e2d-4aa1-b2b5-0bf6423e3550,5a319965-7497-43ca-a902-09b37ac355e2,BEV-005,5,719.35
b05ea2e8-3015-46f3-9d1d-6c12de9bfb45,cb1caa4f-86a8-4dcb-89a6-0c9e39080afd,BEV-005,2,487.3
6fc214a4-3f33-4d24-9fc2-98fa4c0b94f2,e96f2f3a-5ae7-4a94-b87a-efb91cbe0b48,BEV-003,4,449.32
5842b54d-91ea-494e-b34e-336f785cad9d,e96f2f3a-5ae7-4a94-b87a-efb91cbe0b48,BEV-003,7,187.89
9fcc4f16-d98f-4413-832b-e2e289992a6c,e96f2f3a-5ae7-4a94-b87a-efb91cbe0b48,JAF-001,10,901.04
634d36c6-d109-4414-9122-7680ce298d44,c5e48f5e-9d85-41b3-a021-ce3c3bc7832c,BEV-002,8,535.83
c0373129-737e-41d8-8755-f186accb0915,c5e48f5e-9d85-41b3-a021-ce3c3bc7832c,JAF-002,5,679.78
69c836bf-3425-4126-813d-2a13782a4eb7,a9551adf-268f-4ffe-b34f-30b3e0e2b753,BEV-004,7,327.42
7af7d67a-e768-43b7-8883-74c02bd165a8,a9551adf-268f-4ffe-b34f-30b3e0e2b753,JAF-001,5,653.22
882959ab-3a20-4ce5-9d3f-238fb9708b50,50cf49f2-2118-4bbb-bbed-9ad27712f082,BEV-004,9,284.24
6bcee118-a958-4582-8dab-4cbfb061115d,444fe335-f6f3-4fe8-9315-cae7bca8d32e,BEV-004,10,724.33
ba931b47-eec7-453e-a8a0-ced838cf2d9a,ace6c3f7-a85a-417b-8eb3-7b301c22ece8,BEV-002,9,351.68
622c0a84-3a31-4b91-849d-5af0b2d12700,27f790d6-650d-4005-a0e2-30822bbb8035,BEV-005,8,748.32
064054a8-6165-453a-9fdc-b9f31d6af96e,27f790d6-650d-4005-a0e2-30822bbb8035,JAF-004,2,433.09
0ec367fb-d1c4-40bf-ae34-b44886ba0e4a,de074f46-69e5-49ea-babc-0ac502abd497,BEV-001,6,147.5
151e44b1-0241-437d-b48e-00b4bfbfe8c4,e8a7ff00-ff7a-473e-84a3-eeb31df0d0ea,BEV-001,9,631.64
8842c393-421c-4f53-9b38-553481941b99,99e68c22-9c2b-4d28-96dd-de6371ced85a,BEV-003,6,127.86
062dd067-4101-4d36-9493-7c0fff81feef,1f22cde7-78fa-4b3b-81b9-35bdf237f12a,BEV-005,7,428.18
f561c715-a9f8-402d-a2c5-dc6a5b135702,304fdca9-2082-47ee-86c3-2407f2eec4d0,BEV-001,7,356.66
e363d28f-7fe4-4f2f-a501-61e3bffb1e48,304fdca9-2082-47ee-86c3-2407f2eec4d0,JAF-003,4,565.4
54254b9a-c318-4bf1-a896-391d5b41a405,cb2f35ec-600f-4587-9abe-965120b40647,BEV-003,10,337.33
4e0418f8-95e9-47b8-b640-c465d2b48f5a,cb2f35ec-600f-4587-9abe-965120b40647,JAF-002,8,355.82
0741b25c-7a27-484d-8f87-8a2406831f68,75eef450-bcd0-4077-b1af-70a3266a81c9,BEV-005,10,82.91
4006950c-3727-4d1a-b08a-8c7f6931bcfd,17899cdf-430e-453d-b204-529838e8a398,BEV-001,2,776.82
43590c2e-ee19-4577-87c8-c202983e41bd,85437545-518b-478e-af66-bb407b8074a2,BEV-005,3,541.58
aebed499-e1c1-4f4f-8b7f-3a59df52a7d9,85437545-518b-478e-af66-bb407b8074a2,JAF-003,10,802.02
c1d56c09-6235-432c-95cc-3a6d08a36c1f,c3180626-cbf8-4a6f-a2bd-06759eb2ad13,BEV-004,8,97.9
f8199301-0d8c-4f7e-bfce-d5b87505d637,385667ca-5581-4844-a93a-1882a5f12ae9,BEV-002,3,508.59
a67557cf-6c4b-495e-87fc-82cb4eec3df9,8efc0ec7-198b-496f-a4fd-c7ec8a4aae2f,BEV-004,9,328.84
34d7f304-e330-4818-b7d7-a7f0b9fbb788,baa94204-f9e2-4e3d-a7b4-9dcb2b752bac,BEV-002,6,370.59
4328cdd7-f85c-4a18-8491-734dba1bb620,a576d3ab-6925-44da-abf5-677c1ca1cfe4,BEV-004,10,110.22
6385f92a-5ba9-4387-a050-016a77c0ba30,301e0359-e74a-409e-96ac-24661b033ce1,BEV-001,9,284.77
60c786f2-2e31-4829-8f24-4c61f8721d7a,1b6f9501-53c4-4f2a-951b-89f0d03e4101,BEV-002,2,711.83
42e24adc-e884-46da-ab42-44cef3b17b68,ab83f4ab-f8a8-4c29-a4d9-1fcc95514d2b,BEV-001,2,612.58
f64c715d-23a6-4a3c-9eca-6c73a7f00d28,239bb194-d46b-4312-becd-1ed17cb8fb46,BEV-001,3,68.08
88c50049-d0ac-4384-bf71-802af43a9a40,75e30d5e-79f6-4403-b089-4a8d44de28a8,BEV-003,4,572.27
e06de035-ba0e-4fa3-8c4c-b8ac032dcd15,ada098ab-27d7-4cea-be6b-539f2a6b194b,BEV-003,8,13.46
5d781ef6-3569-4c8a-afeb-1d4f275161da,5a1a80f2-580d-40a2-accd-2fcd4d10f19a,BEV-003,3,958.31
05e72dd0-ad64-456a-a122-f40d56026f2b,4a2182f6-548d-4e20-90ee-a6e2b7aaaf1e,BEV-001,1,580.23
e941c112-e6d3-48ff-84ab-296d09071138,1fb7209a-e815-4987-ba19-e787675be3bf,BEV-004,8,649.13
2667a664-6880-4379-b5e0-c99e6c989e5c,1fb7209a-e815-4987-ba19-e787675be3bf,JAF-001,3,413.96
ca1e6721-fb8c-4c5e-a105-e4aa25df2de8,c9255ff5-d619-4e2d-b502-02919466889f,BEV-004,4,644.5
ddecf1b1-08cd-4560-95db-e4e0eaa0e82b,aea12b54-4d3f-4eef-82fc-6d8e8b03eca5,BEV-005,1,312.35
f1edf7ca-da2b-4adc-965b-afcbd6d859e2,aea12b54-4d3f-4eef-82fc-6d8e8b03eca5,JAF-003,5,249.36
5e831568-8d81-4d4a-a483-2e5108c6ab35,d04c3cd9-e51f-410e-b95c-b261717a0308,BEV-005,1,992.71
66f7ebcf-2ef5-45ee-bf02-ba9d1e45d3c9,de35b944-90df-4d5d-a82a-cf5e6b02377b,BEV-004,10,659.35
614411f3-940e-4c2b-b59a-ae26ed617ab2,bda70049-fa06-484b-905f-99ffb6b4309b,BEV-004,1,568.64
0a51b57f-5ab8-4c83-b346-39d2dd46a256,a28f5580-4ad5-445a-ab0e-b3be36506d8c,BEV-003,9,617.93
6c3aba39-99be-4fcc-829a-9fda24df9ac9,fcd87cc5-f0e6-4d9a-a924-3de51e96b20a,BEV-004,9,952.16
c41b9934-f929-4664-910f-fe9c743efcca,91e84624-8b07-45e0-adad-f230356e070f,BEV-005,1,654.14
b7925558-19e9-433c-8c1b-d859e086defd,22e9a54d-e4c6-4a85-b424-320d54ec6d6c,BEV-005,10,301.98
f9fe1af6-9dd5-402d-98f6-dfefc37bf436,22e9a54d-e4c6-4a85-b424-320d54ec6d6c,JAF-003,3,998.88
056afaf1-7b31-44c7-9738-2045195cbbb1,6c2a00a5-4184-4168-be6e-308ac8c6ecee,BEV-001,5,449.49
c81b0d99-9711-4cca-9f8b-8c185723efee,6c2a00a5-4184-4168-be6e-308ac8c6ecee,BEV-001,1,598.17
0bdac350-115a-44e0-8666-6f06be6d8561,6c6603c9-7dec-44fb-a03b-3424b0bfb2b7,BEV-002,4,884.62
a7667504-62d6-4bc2-a793-3b0804d373c8,6c6603c9-7dec-44fb-a03b-3424b0bfb2b7,BEV-003,4,302.38
f83d217c-708b-4de0-aaa5-c5b3f562aa43,6c6603c9-7dec-44fb-a03b-3424b0bfb2b7,BEV-004,4,335.49
90537d0f-5a72-4737-9322-2dc9660c58ee,6c6603c9-7dec-44fb-a03b-3424b0bfb2b7,JAF-005,2,13.18
968cb393-eeb0-4ca8-b82e-a2e556259950,6c6603c9-7dec-44fb-a03b-3424b0bfb2b7,JAF-004,7,258.42
d64f95c4-222a-4300-8035-a2335315bedb,6c6603c9-7dec-44fb-a03b-3424b0bfb2b7,JAF-004,4,137.39
50fc8f26-d0d6-4bd6-b38a-f7ad121d2cf8,9fd65a17-8135-47ca-ba20-de5e491d2578,BEV-004,10,699.99
fcba8932-5540-4e9e-8b2e-0f5fe8da5391,89eec0a6-b520-41e6-9af3-8f0b55ed657c,BEV-002,6,179.01
2a7abb78-97ff-4b4e-9598-ec363580e997,89eec0a6-b520-41e6-9af3-8f0b55ed657c,BEV-005,9,633.92
6dd8443b-74ae-4739-9bae-5c2fa4460833,2053d7f4-f01a-4ea1-b57e-e3f7195e5334,BEV-001,5,46.87
6da89896-d6dd-4450-a107-52ed5ddf4558,b6321025-5163-4d51-a840-217938b0a3c0,BEV-005,5,505.15
bb0828b3-b566-43e2-90a0-9a1a7c58c50c,b6321025-5163-4d51-a840-217938b0a3c0,JAF-003,5,862.06
5e4270c6-49b5-46bb-a589-f66178e2b0b6,89f8add9-2936-4439-aba1-9ef7f62738ff,BEV-002,5,418.1
c00c34ed-7a07-439d-8231-8cf2057bced7,d6459a78-e0bd-4518-a6d9-ee82639c9553,BEV-002,5,426.67
3c96071a-cf82-4f3b-89df-6328a75d01fa,48191c38-934e-44fe-b750-350105f7e7d6,BEV-005,9,96.4
70c929e8-d030-4f76-b697-8922d4ca8542,48191c38-934e-44fe-b750-350105f7e7d6,JAF-002,2,77.24
024a2f2e-80cf-463c-a184-9a566cc1cd83,09589464-3b64-4e95-8e60-4d4c24f38ba1,BEV-001,9,45.76
dcfa581d-cd11-409b-9139-084ebc03e2f0,8df2d162-05a3-4d0c-9104-1084d98a45ff,BEV-003,9,280.12
4ed809d5-85be-4255-98cf-cee1b9d337cf,147ac802-b39f-4f5d-bc82-9fe47f7c7c66,BEV-003,9,780.51
1814caf0-d8aa-4b1b-a0c8-6fd2f6f067b1,474e505a-b68b-46f7-8090-64275d275034,BEV-001,10,898.38
5a9bcff9-9dba-4a0a-8cce-8ec9e249ff79,474e505a-b68b-46f7-8090-64275d275034,BEV-003,6,594.74
6d2f9bab-fe45-4104-8ef3-b86b37b1b217,474e505a-b68b-46f7-8090-64275d275034,JAF-005,8,421.0
07218b25-d0d3-4e14-82b1-fdb093ea5ccc,e286fb1d-982c-40d7-8a01-c1e89cce9216,BEV-005,10,384.26
853d4093-973d-4331-8276-318fe8528e29,257e3b93-cbf1-4f8f-8cf0-91231000ac5d,BEV-005,4,784.8
b9e23b24-4f29-41cd-8321-bb52798f3b36,11d8adbe-c105-4414-8fbb-d7f4ee5c37e8,BEV-002,5,143.98
75572f22-35cb-4d7e-91b7-0217e189f23e,11d8adbe-c105-4414-8fbb-d7f4ee5c37e8,BEV-003,8,71.79
a11e96c8-3551-411b-b8b3-ee4e69024abc,42348ecc-4f5a-40d7-9fa4-ebeb9bc04db9,BEV-003,10,318.26
f711c940-cfa2-4e19-acb9-9f91f211e65d,42348ecc-4f5a-40d7-9fa4-ebeb9bc04db9,BEV-004,1,221.43
da94895d-a545-4a71-977e-2b99907f6fb5,88dc868a-26e2-4194-bea1-732307ac5d8d,BEV-003,8,56.38
91ed341f-d82f-4019-9897-6d39d5342ce7,3a50780a-ea18-4560-8c13-a53ac71f36cc,BEV-003,9,420.17
73151708-be86-4e33-8c09-92a629acdd84,908d60ac-cdc0-4cfd-8d3f-29c7bae05d10,BEV-002,9,545.55
3361c299-4e89-4cda-a9c0-8eb021b09972,908d60ac-cdc0-4cfd-8d3f-29c7bae05d10,JAF-001,5,578.44
dcf25d44-c97f-4aff-856e-34b8a9ad6c56,b9c1fdfa-0cc3-4293-824b-267c01a050e7,BEV-001,4,604.42
4a5666c7-cb55-4a5a-8355-6d7d955c8106,b9c1fdfa-0cc3-4293-824b-267c01a050e7,JAF-005,9,285.6
ad742d92-0f34-4d7e-8ab4-6005768cbd80,504e32a8-bf80-47da-89c2-0e0ec4adf5cd,BEV-002,1,512.08
b1db67cb-fb34-4348-814b-63d46f3cb396,8a77c2e5-bd71-45dd-bb6e-99c93936282f,BEV-001,6,353.36
86884782-26cd-4984-b6f2-b0f47e0850fe,ff8e66a6-d94f-4e67-8ed3-8e1f2f86ef04,BEV-004,10,857.56
4195f5da-bd41-4774-ba50-57eeebb41d2f,58b2842a-e007-4342-b3b7-03cfa6677ae4,BEV-003,6,865.31
07aa8dd4-5329-4476-a45f-91e393eaffa0,2325cca8-c02d-4405-a1bf-921b9a87cfed,BEV-002,3,64.97
506d86bd-2f65-48a5-a79b-241eeaf4cc03,451fa276-f77c-4add-a600-70a5e4ec259f,BEV-005,5,912.7
3fcece11-faea-4b65-9a91-c59c54f3a387,7ee52b30-6e53-41e1-833c-6dccffee8bd7,BEV-002,9,750.65
63039ec9-dba7-4fac-99c5-e9da7b2804a3,8ca21ce9-d4e8-40cc-8635-6a42ee59f430,BEV-003,10,361.0
c4b9ca02-28b4-4b92-b21a-dda55efe3db5,3fc39e67-7aa8-4bde-a271-5f42814b8c3d,BEV-001,9,19.28
c29d4051-2a7c-46ab-a7b9-29d3d8302ecd,6f00d29a-9229-4312-9335-fc0ed499273e,BEV-004,7,422.92
d22b76dc-4c1e-4c6a-8460-d27d4a191f51,15afbd67-e5fe-4329-9e8a-f2547122d1fd,BEV-005,5,252.09
19a196de-f5c9-4b1f-8a00-d2c4e8326644,774d2889-df79-4092-ad38-1a46a4ebd73d,BEV-004,7,515.55
11b2b51f-b1fb-4412-be4f-13f48ca2c979,774d2889-df79-4092-ad38-1a46a4ebd73d,JAF-005,10,397.45
e8e4a30b-5bb3-4202-9fcb-b5c44d075111,31cd205e-2815-488c-96f3-42a229ff09a7,BEV-003,2,131.78
9065e49d-4302-4805-a31b-f3a2bd36a91a,31cd205e-2815-488c-96f3-42a229ff09a7,JAF-003,8,999.53
7dbb0db2-2be2-44d3-a411-dc1dec671ce7,a8340bcb-93c0-48b3-8ecd-56cacaba6c71,BEV-002,7,19.8
b28486bf-005e-4b4f-99f2-ce4fa5c873fb,a8340bcb-93c0-48b3-8ecd-56cacaba6c71,BEV-004,8,776.2
990ad374-c177-4038-bc10-ab3bbe20fb64,56bdc440-efea-45f8-8878-338aacc57314,BEV-002,2,259.81
4a9f95ec-7fe9-41e0-859a-3e466de4c6ea,c4a6159e-a563-4af5-ad3d-0fe7e0f495c3,BEV-004,6,377.31
223a8c8e-0037-4b4d-a777-ed09a5bad36f,8391aeb6-cf31-478a-99db-1406a0cf647f,BEV-005,2,462.82
050d8056-79fb-4477-a65f-1bb338fdf871,8391aeb6-cf31-478a-99db-1406a0cf647f,JAF-005,8,366.03
29fdf29b-cfdc-45b1-b729-c92a12777414,7e3b50b9-16b2-42a8-843d-19724fcab4a0,BEV-004,2,326.09
5a4cd424-6ddd-4564-9184-dd9794c9f6c7,21ef3694-5dc7-4ec5-a64b-98b6c6bfaeb1,BEV-002,1,154.6
d0ae4047-d0c8-48c1-a09a-ac110e81bba9,2492efc5-89e1-4d4f-96a2-dc2a50993283,BEV-005,10,688.37
6fc9bf0b-dc73-4067-b79d-ce4e1e54f0c4,2492efc5-89e1-4d4f-96a2-dc2a50993283,BEV-003,9,38.91
1f56dab9-da68-49bf-8942-9377dc4a9f6c,2492efc5-89e1-4d4f-96a2-dc2a50993283,BEV-004,6,98.93
2f99cd70-69bd-416a-ae37-44fe2c8224dc,74e5c454-9580-4bd5-8adf-9e6026cd76f1,BEV-004,6,444.75
cfb4488e-0ec5-448b-a8fe-f25194113bc7,6152ca3e-2b07-4ebd-a23b-164a2f752aeb,BEV-002,6,695.69
12739d2a-881e-44e2-b16f-574aafddba34,de9c1ec2-4906-4758-8f7c-10a813b801a5,BEV-005,1,251.0
919f55e9-a7e8-4a10-87be-07f13f106d0b,2277861d-2b14-4f70-92e9-141b87a6c371,BEV-003,8,367.14
3104375a-a84d-4826-a896-596b639c8c23,2277861d-2b14-4f70-92e9-141b87a6c371,JAF-001,4,144.78
25537f60-d59d-430b-8e67-39dd6f4812ed,1aa490a2-e0c1-4c04-9a7d-f05d839fa6ec,BEV-004,1,262.61
09e024a7-1ca1-4653-82d3-4586baf87da9,d7240fa9-0c8a-4ee5-8333-b95c949797c3,BEV-003,1,249.95
7a7c40ec-53a6-4cf3-99fb-75213b842b90,d7240fa9-0c8a-4ee5-8333-b95c949797c3,JAF-005,1,776.18
77d6c822-53e3-4682-9e65-06b61f925594,5ca61efd-e4e5-4e70-a2f3-1caead8a1978,BEV-003,7,553.4
10e356b6-bfb8-4c1d-8731-1667fff54199,84333069-efb4-4cd1-8421-82ab37d73f70,BEV-003,6,270.67
5af8ca05-53cb-4720-b2f7-fb5f6fb2c282,122f00d4-c472-4e3e-a1d5-7a830a0606e7,BEV-004,7,308.61
e9fd026e-c8b4-4009-83fc-1dc73a2638b3,cc5b1a17-014b-4856-8a1a-510fa9fbbe7c,BEV-003,7,486.66
57be6445-81df-44bd-9300-eb0b55185f7a,7306f33d-d2cd-41ec-a9ff-021895929f38,BEV-001,5,231.84
7baef485-c9f4-46f1-9a73-208609c41d92,7306f33d-d2cd-41ec-a9ff-021895929f38,JAF-003,7,279.57
3ca3cd89-7f54-4e93-8532-43b8f08f5248,41e99b15-b1f2-41ac-8312-0a7f8139860d,BEV-003,2,963.58
e094fcfd-ba2b-46e7-bbfa-d79bf89fcefa,2b6dbb86-ea86-472a-b8e2-74f545cc4183,BEV-001,1,223.45
a896952a-802d-4ea7-bdab-388180a22444,1e0b6cbc-7520-4908-bdab-0b205f922e5a,BEV-001,10,703.93
200d9893-ff25-4171-899c-139ee2d2933f,c1fbcda5-2df5-47a4-85a8-ec60be31b87b,BEV-001,5,230.93
d21533ba-2a20-47f5-971a-36417141feb8,5aa3c98a-2084-4f4e-9e62-06f42f5e770e,BEV-004,1,607.69
3f7f16c7-a9c6-4afb-b0a5-c1659c292912,0262b28b-ab6b-4cab-8358-9e073215867d,BEV-001,7,155.26
52697dd9-5597-4978-9670-0d38f3d07d8f,b0f1f7b8-34ac-4522-8a5a-ce14f5f98ed1,BEV-001,2,708.36
994fea55-a7e6-4d6d-902c-c65d10c9569f,ff6ce75b-c30a-4065-be21-698f8fe8cd01,BEV-005,5,344.73
fe74485a-255c-4294-bfee-a960299a4e91,26ecf980-bf1e-40fb-9f28-3c4e8c798ed4,BEV-004,3,709.88
9e2b4043-82ab-459a-b61b-6033cc423b2c,0719cf72-8108-42af-890a-3463c76771e1,BEV-004,1,50.6
a6b8b455-cbc4-4e1b-8369-1db02d59d4ef,d4d2c9bf-4e25-442d-a563-ff2fbddeb91e,BEV-004,10,876.44
b7d44b46-6574-4f3a-afe0-38b6ac70cf7c,0cb5f736-a1fe-4f50-a53a-df1aac14299b,BEV-001,3,590.28
43ba8fc3-f358-4301-99a6-1890e38ea850,e13bd457-513b-494f-abb6-c405a7df1ea0,BEV-002,4,259.04
0c136b69-d0e4-4614-b1b9-f151474ee9fc,e13bd457-513b-494f-abb6-c405a7df1ea0,JAF-005,9,706.15
1a8b1a75-5664-42ff-a9a3-4860ab06ce5f,e13bd457-513b-494f-abb6-c405a7df1ea0,JAF-002,4,938.21
632596a8-55bc-4890-a4c9-785c15071856,a2091ee2-1dc3-4803-a3d5-448411abd4f1,BEV-005,7,923.63
193ffb58-44db-408c-bd44-cd91b9374b73,4f75e7f4-6d94-40af-ac80-a10f445558c0,BEV-002,6,983.51
11453401-17a2-429e-a356-6a34f6ebc3b5,4fabe1c5-f5a2-477d-8d19-a96cfac0d2a8,BEV-005,1,494.48
725a3ea5-a5dc-40ab-ac5f-5202ada03ac5,7717d9c4-a0a9-47c3-a7e7-a3d06d5879d6,BEV-005,5,184.1
a0915b66-2cca-4478-bc23-a79f8578b8a7,4f6b5430-e8af-4230-a51e-95355d43ab14,BEV-002,5,521.92
a3872a5e-2eb0-46a8-9198-76b8b9f1589c,f9e7b717-1483-49fe-bce4-72d20f78e06e,BEV-002,10,745.45
a828ef80-a8c9-4d9e-b29c-36fbc4edc97b,f9e7b717-1483-49fe-bce4-72d20f78e06e,BEV-001,4,762.49
79e5ee1d-e07d-4e38-afd9-a0ccf397aa9f,b6fe8bd8-c500-40c4-aa91-4099ce44352a,BEV-005,2,795.97
94c6e612-9954-44c0-98f0-5ef910b33886,9607bb36-cc88-4c94-a44c-fb3a2575ff34,BEV-003,9,994.59
f3aca2e6-21ba-4e05-a97c-d79cd37b4937,803849ce-d78c-4fd0-88a3-b8e2882ebc8b,BEV-005,1,589.83
4133b486-b445-4067-a38c-1bab9759b57f,aee32c46-657f-4084-8dc2-8f11b02c0a68,BEV-001,8,701.43
7b686d20-2db6-4193-b735-03d81a64c683,be94b0e0-8365-43a9-9c7a-2e9ddd773840,BEV-005,6,123.55
671401da-9943-47c4-92fb-bc288d50562d,f70d928f-85f2-4fdf-a88e-6483a31f363c,BEV-001,9,506.4
1b2f11c3-d31f-4b57-8a05-91e593ee03a8,3bc4eace-1d97-4393-ba6e-536dd7bc7f0f,BEV-005,4,26.21
e37925ee-3eaa-4c8b-a816-be5a1b5322ca,6a6595d3-09f3-4243-98df-9d8eff495994,BEV-003,9,231.43
ed36ab78-d15f-455b-86db-678712aad267,c9e987eb-398f-4ca6-b2d3-7c72045534f4,BEV-001,3,905.92
8eb17505-f044-4551-98ba-5beb2d0cc01e,ab2e488f-5451-47dd-83b6-937c7f8834f0,BEV-001,4,332.52
a69e6ae8-54fd-4cd8-b9fc-26d165cd7afe,ab2e488f-5451-47dd-83b6-937c7f8834f0,JAF-005,9,249.49
86504335-9588-4991-a449-a33f0bbf2eac,9de1b3c8-f3f4-4ffb-9a20-ce8767e67748,BEV-005,2,363.88
0713cb00-558d-410f-a46c-b9c08a3aec99,706b2f4e-3b44-431b-9890-7a8d0147753a,BEV-005,2,530.44
b6accb1a-8be7-47f1-acc5-82e886f4c274,e6724441-d282-4055-bb0d-57e476c029bd,BEV-001,7,753.04
26516364-72ae-4715-9647-4c6bc4ab68c5,b8c4e451-bece-4132-ad79-77dc05c83a55,BEV-004,5,457.46
73327a54-ee82-4b6d-b5a7-ebedfcd1b084,f8d0a542-5b2d-4c54-86e0-53acbeae796e,BEV-004,1,898.54
bd5f0049-d18d-4cc0-9db0-c89f4fb780a7,eef46fc6-a799-4183-b311-de4bf67558b4,BEV-005,4,586.98
71417fef-9b78-45c7-9245-c40c6c53c923,c923358a-2023-420d-9005-2aa31b347c3f,BEV-004,3,228.21
c0c8f058-aebc-4239-9917-617183e2abc8,c923358a-2023-420d-9005-2aa31b347c3f,BEV-005,1,928.65
41e1f519-22cd-4cd7-b1b8-b959bf13cdb9,c923358a-2023-420d-9005-2aa31b347c3f,JAF-005,5,48.61
2a67d649-e73c-4938-b105-4fd2d9d7e209,194f92ca-b5ae-486d-a79b-f3c22ec34c45,BEV-004,3,378.52
0cee30f6-10fc-4b05-af95-7af996aa0576,17c3c482-9c2e-4fa7-8673-829699c33995,BEV-004,4,726.42
82f38745-fe3b-4ae9-9c96-de5c5af330cb,81c9f97c-18e4-4d0c-b9b7-e0c95e158c7f,BEV-005,3,554.89
9cd81e8a-745b-4895-ad00-72f264304dfe,a2706c20-2c93-4680-b7a4-31450cc6be91,BEV-003,2,888.0
0ab9115c-388c-46c3-b6cd-9cf8e33f9780,0ee38bed-9d47-4175-bc87-e1e1b695aaea,BEV-004,5,736.67
6ce801d6-7815-4386-9484-a31939b14b68,72636b37-5c1b-4289-a844-b276619d9a03,BEV-004,3,295.1
6c31e6f7-198a-476f-a9b8-cbc749c6ccf5,72636b37-5c1b-4289-a844-b276619d9a03,JAF-004,7,396.4
757e4574-68d4-4d65-be6f-30207d341e27,b50ce5cf-c608-41a3-afa7-a49d3b1a02dc,BEV-003,3,77.63
3f1425f4-7f53-421d-98b2-faead222da29,ae1225bf-4be6-47ac-9371-03ae7955cf45,BEV-004,5,39.51
3ffc0797-33f3-4e8e-ba0b-0f4e2343cc40,54d0b329-e90d-4a86-a47c-91f751dc3c10,BEV-002,1,103.7
6bd4dc35-9cdf-4bb4-bd82-0ef3916e3490,54d0b329-e90d-4a86-a47c-91f751dc3c10,JAF-005,3,387.22
292feed4-c1c9-4dc0-b68b-d834307501d6,f4f26b78-8f84-4397-8eb0-59cb09dcc419,BEV-005,1,562.52
0a0ceec5-9120-4440-92f7-0cd1fe79a5e4,77f7af40-feb3-4979-bb91-9691d94f7b3c,BEV-004,6,311.45
76c90c7d-bcb0-4ce3-a4c1-673a461b9621,7bbeadd9-b9af-437d-bc5b-c5f1d968e4c1,BEV-004,7,95.57
98a1f284-8e66-4ae7-93b5-36b7ba3f7136,7bbeadd9-b9af-437d-bc5b-c5f1d968e4c1,JAF-001,10,201.54
67d9e4bf-24cb-49a5-b21f-705c5c71c963,bd55dbc6-c453-443c-a5d2-5f72b0d1826a,BEV-001,1,820.05
705d71ce-0d94-4348-8e4c-ffea67a3e13b,f78aa2d0-c484-47c2-b22c-902e976bdfe0,BEV-004,6,468.0
cc35c539-f334-4a6c-be7a-3120a7f2c221,eef99363-8c40-4120-a13b-e9b407b5ecb1,BEV-003,8,418.64
c46ebfbf-cbcb-47c0-999d-b39ed1769f56,eef99363-8c40-4120-a13b-e9b407b5ecb1,JAF-003,3,901.83
3065596b-3769-434c-b764-f97153619528,f36c0ba1-b44b-4157-89f1-3e5ca6076de5,BEV-001,3,720.43
86743725-ad89-49b3-954d-ef0019561135,069f5a12-302c-4304-a6b5-022c5375fdd6,BEV-005,3,545.93
a1c8bd5b-7991-45d4-9b1a-90458a045618,31be3482-7531-4cef-b86e-06944f49cc2e,BEV-001,4,713.13
c37c2d75-6ca4-4af7-9016-d5496b71a02d,3273f3f5-230c-41ae-b5c4-f61d055b40c0,BEV-004,4,438.43
0ce2327e-4d98-479a-b8cb-4f1f1c110de3,8a597422-93a0-4cca-98af-eb2de3e5d07f,BEV-005,10,688.15
aa9dca33-e6db-44f1-856c-0ebdaf574681,426b9db1-1543-430b-8321-08fa911b3bbc,BEV-001,9,919.24
de5afa15-f56c-44da-ae07-9aea92fa2394,429c1347-f8fd-4aef-abfa-9df74e117ca7,JAF-002,5,536.47
29de1ec9-04ca-4cd5-8435-675a9a470016,429c1347-f8fd-4aef-abfa-9df74e117ca7,JAF-005,4,503.58
1b386ce5-2746-4e55-9f04-36446ebbecb0,aaf3de9e-4c50-4ed8-8218-7939433681a0,BEV-001,9,606.17
a6f14094-0ce9-461e-a049-b6e824178c30,db882528-9867-401c-800c-5453a246603b,BEV-005,10,869.74
72b250e1-e6e9-4483-ade4-862c1ecd6667,c393f7a9-601b-4f24-bcda-fffd9db6d7c3,BEV-003,4,427.58
e2a11953-738f-4b51-88f1-fd88cde60377,7acca195-3140-49e1-b323-a10ba4901720,BEV-004,1,63.1
0a74d320-de65-4353-87c3-89dcd12eb268,af803ff7-53ae-4166-aeed-aacc490804b9,BEV-005,7,786.4
ba3e0313-d8e6-4e6e-8f4a-c847f9a757a5,ef465ca8-00b2-485d-8387-daed42890437,BEV-002,10,687.24
8949dddd-ea6f-45b0-a7d8-4d42a7f57033,e32018ab-72dc-43bc-961b-ff1283d18351,BEV-001,9,643.95
4ee27b0d-535b-43fe-8be6-a025ab34014b,e32018ab-72dc-43bc-961b-ff1283d18351,JAF-004,8,457.59
e1a701f3-4cdf-4c73-8d12-e9c10ef1c807,2c3b58f7-dbd9-42c9-9135-49d7fd9890d3,BEV-001,9,410.69
812edfba-cadb-455a-bc1f-d4f076d4cff5,2e8d846a-968a-4a10-a508-0029e1520787,BEV-003,4,678.61
8a9107b5-975e-4665-8ad5-c689442fbfcc,c057c09c-c4f8-4737-8842-1ba1e2867402,BEV-004,10,279.17
91941153-8643-40f8-bbb4-81fa3c57bb4d,0800d30a-ade6-49c5-a88c-772f242114d5,BEV-004,4,182.9
eeaf5e2a-16b5-4c68-b425-64f4f888ca77,a4ec073a-0225-44a3-8fde-b02d9bf64eff,BEV-001,1,27.86
516a9ae6-369c-4ad2-a312-0f25c5955e6b,9ff4dfd3-13f3-48d9-9f2d-7c34e25f02df,BEV-003,6,69.12
8ad1e4f7-5b6f-437a-9002-8ea5f9c3bc41,64c7a7a1-f037-45b1-a13c-417d55286504,BEV-004,2,356.45
dc2d91e7-9faa-4204-b219-083e03accd3b,229115ce-483d-44cd-8085-390eaa8391ef,BEV-001,9,569.28
a68df667-0819-4f1d-8f79-378c62642e60,229115ce-483d-44cd-8085-390eaa8391ef,JAF-004,1,475.96
be8a261a-9c5e-4757-a4c1-9244885f7d0b,c490f528-6f1e-4db1-85bd-3913b89227ad,BEV-001,7,379.84
a9a9ca26-5a1a-4b82-98f4-e3139ac33a46,c490f528-6f1e-4db1-85bd-3913b89227ad,BEV-005,10,249.3
e6180d2a-dc2e-4f25-b636-3034f08c21e5,fae84ddd-76a5-47c4-b4e3-03a0dd35325c,BEV-005,8,150.14
7ad66623-68f7-431c-900b-96932ccb15a9,fae84ddd-76a5-47c4-b4e3-03a0dd35325c,JAF-005,5,398.93
d96f3b72-0e65-4858-b19c-b060b8cc4507,0ba79da0-3ef9-4cde-b157-c21b4c0134a4,BEV-001,1,333.19
a0b269db-5d13-443f-a9a4-8aa5d296bd58,eab29159-15bb-4610-b8d0-394a0c698bbe,BEV-005,1,133.51
638ab09d-f2ae-4922-9e98-83a83cff0dd1,fbd8e2b0-f758-488f-a7be-e97ec6cf0abb,BEV-005,5,50.97
eeb762ab-c549-437e-8292-9d6d4a7e2704,a80298be-5dc1-413b-98dd-77912c618874,BEV-001,1,707.72
6f1ce882-104e-4036-8bb8-f0224338f83d,08ff691f-60df-4609-9501-5bf868bda980,BEV-003,9,289.74
334486d9-3d56-4613-b396-7da50b058fc2,08862f2d-c009-41e5-bbcf-23ffe4fc5d65,BEV-004,10,496.48
da0455d7-0c9c-4443-9b39-25eebac275fb,8b915791-ad0d-4f11-935e-a434521be879,BEV-003,9,903.86
734e3b97-9ce2-4953-a9d3-7bc0f39ecdde,8b915791-ad0d-4f11-935e-a434521be879,BEV-001,9,639.4
db147dce-b8cf-4ff7-b1f5-cf730c237645,8b915791-ad0d-4f11-935e-a434521be879,JAF-001,7,965.48
8bdc9da6-1133-481d-b6d4-2c43949e0c49,721af4ab-a1a1-4d1a-acf2-d8f59c30b4f8,BEV-002,10,608.45
9c2d160f-2957-4e9c-aa2f-2dcfb156d7d7,721af4ab-a1a1-4d1a-acf2-d8f59c30b4f8,JAF-005,9,116.23
2cb806c2-d6b2-4f8a-9be4-36397aef7766,68c351e6-bf2c-4e59-947b-d37c50066e58,BEV-001,7,283.65
c7281a4a-e990-41fe-b5cc-ffbd75b682e4,68c351e6-bf2c-4e59-947b-d37c50066e58,JAF-003,1,325.83
504aeeac-0aa5-4745-82cd-0c875c71b89d,dd920f3d-4c07-4955-a826-18ee8ec1d5a0,BEV-004,10,789.57
45df2fe4-cdf3-4a24-9230-b357902d86e6,1e2d4d2c-4f6b-4e7f-acd7-8f18e59985f9,BEV-004,5,863.54
9eae5f1e-5ed6-4d85-8044-6d87f6afbff1,1e2d4d2c-4f6b-4e7f-acd7-8f18e59985f9,JAF-004,3,180.08
3111ab27-2ef5-419e-80fe-ced0d06f5705,228534ae-45b0-4eda-94d2-9581daacdc26,BEV-005,1,778.36
02a91932-3a60-4b4d-babf-947154741bbd,33b2b633-a2ae-4f18-a976-7e0c81809df1,BEV-005,9,99.41
66e0a946-4224-4b07-b1ca-b416143fcfeb,5222b7aa-f5aa-4f3c-8747-3b99bfa1d860,BEV-003,3,604.63
6ebfca9c-c67c-42f5-ac90-0b41f414ab5a,5222b7aa-f5aa-4f3c-8747-3b99bfa1d860,JAF-003,7,902.69
9db9d818-1d31-44bf-82e6-deaab02f1347,2247d37c-78c5-42d0-a003-3eb4901f07ed,BEV-005,4,798.68
3fc0b995-dfa0-45ce-98c7-5bcd403c361a,5fc15ec6-7501-4c4a-b0eb-8d2c279b5e2f,BEV-003,10,145.57
b48adb18-817d-4f8b-a80b-c83b7598ac6d,c94049e6-21f1-4d8a-a093-105786073d66,BEV-001,7,759.49
d0f4d7af-78ae-469e-9b99-1a17bd602a06,c94049e6-21f1-4d8a-a093-105786073d66,BEV-004,8,164.15
1e8a9f08-8831-4322-8803-655a67453857,a639aa04-a0c0-4e09-855c-ba660ae6f337,BEV-004,2,263.28
807a5dbe-a9e8-458b-9d5d-236b168660da,9eedfeac-f448-40bf-bd67-f0d5ca132677,BEV-004,2,391.27
b64570f3-c294-474d-a246-023d9b610a27,27567588-bd39-41e4-b586-11579188b584,BEV-005,1,336.9
f1f32795-dbf8-4c64-85b1-7a7a370d8867,27567588-bd39-41e4-b586-11579188b584,JAF-002,7,934.95
d72d0c5d-a512-4c7f-b33b-f81096bf7ae9,3d088144-12af-41bd-87c2-b98818523c92,BEV-002,2,120.68
b70b6eff-4396-4fc0-a900-aded9143d14c,3d088144-12af-41bd-87c2-b98818523c92,BEV-002,3,156.59
6db762db-ba54-4aed-bed1-eb473b7bbad8,ea94ee10-f4b7-438e-a214-eebf2dac4060,JAF-003,6,58.84
b75cd913-49be-4bb1-a35c-ac014223c8dd,ea94ee10-f4b7-438e-a214-eebf2dac4060,JAF-002,2,383.27
9df525a2-c1ce-4acf-acbe-220d423709ea,6804338f-9986-4ac4-8a9e-9acc5756664d,BEV-004,9,492.14
20198cb8-fae3-495f-97d5-a5be38e595a7,e56dd525-1686-43f6-bf74-ad7831905ff6,BEV-003,1,483.11
f8a5034a-b297-4c51-96fc-1a054f135b48,e56dd525-1686-43f6-bf74-ad7831905ff6,JAF-001,7,402.08
6e139870-6773-46b6-9641-c644cd902549,00c92fcb-f718-468d-8726-086d610e15a6,BEV-002,3,643.52
4a37bfb6-457d-46b4-a655-b28eeeb83948,00c92fcb-f718-468d-8726-086d610e15a6,BEV-001,4,27.71
bc3cfb4e-d106-4af5-82ab-50404fa08690,00c92fcb-f718-468d-8726-086d610e15a6,JAF-002,5,470.28
66eeafc4-133d-47ab-81b6-3f678d133192,2bb90024-65e0-4253-802e-85bbc9ef483f,JAF-003,4,820.8
e594c60a-e213-4e06-98cd-091ea234caab,2bb90024-65e0-4253-802e-85bbc9ef483f,JAF-001,1,622.93
44be19a2-3bb1-4edc-9cb7-2e2b3c3697d2,2bb90024-65e0-4253-802e-85bbc9ef483f,JAF-001,9,969.01
a879acc0-b8bc-4ca0-bac6-3e9b0426b42c,dd2320fc-c510-41f4-b242-0a28bad9ba21,BEV-002,9,115.03
2b0620d7-4a73-4b31-a858-171fa194def5,dd2320fc-c510-41f4-b242-0a28bad9ba21,BEV-004,2,870.79
cdd9c55d-5062-4f6a-bbd0-a830e3e78c9f,7c0c7d57-1ebd-4399-81e5-2621cf693e6d,BEV-002,10,895.07
04e68579-385d-4500-896c-09a9743f7e68,f0b94c93-8c3c-49a9-bcd7-c90ace7b0b26,BEV-001,9,966.47
17766ad6-bbd1-4bcd-b08f-0d9640f1c029,2d6b7092-fa4b-4872-9f33-b4c19a8415b4,BEV-003,6,326.67
1818e503-89ea-4046-8bfc-8bae9b804fb8,547a89de-de88-40c9-9384-12b6e0f522b8,BEV-002,2,734.63
76224b55-f1cd-49b3-b112-8ea8db9c400b,f6e95065-8e31-4081-86c2-5134a05edddf,BEV-001,8,793.85
3640de88-0a64-4d5d-918c-d29af3fd1ed7,b25a46c6-913c-452b-879c-6b554009f062,BEV-001,10,757.3
5bf4ed93-a746-435d-86c1-5ef549f51b42,873fbb67-9f51-479c-8c98-409ce7d4573c,BEV-005,1,295.83
10705f4a-19b8-4f06-a462-e9f38b3fa11a,97a7ea58-c413-47e2-b8fc-4a8203eb701e,BEV-004,10,66.8
3deed9c8-a3b4-4c03-98e5-139dd5233ca4,97a7ea58-c413-47e2-b8fc-4a8203eb701e,JAF-005,3,868.97
acdc009c-5336-4c6a-bdd4-fe9f86aedee8,18555e1c-4802-4321-8743-698f44ea4c67,BEV-004,5,195.35
35851e76-5503-4de3-b2da-0e00b382b42c,b79916d7-540b-499f-9f73-950d923bef10,BEV-002,1,386.65
a5f494c5-4038-4bd7-93d2-cb51d52a7d70,5e678cbf-37ae-4e59-969d-b996fe02e31e,BEV-001,6,974.24
a5a8b72c-04a1-4fc2-838f-afce70b4fe03,13461e45-8707-4b47-9bf8-0ec142c2eafd,BEV-004,2,618.05
2e151eb2-a4d9-475c-892f-a4029b1f584f,95b7bb36-02d1-47b4-b545-c2ad9f7d0a83,BEV-001,10,46.39
15c113ba-8548-4d41-a2b3-0668b2d22eee,0dab5751-4281-4f4d-95ac-fc1a2a25c723,BEV-004,6,419.41
96155ccf-73c1-44f9-ba8d-44a7ec67b0b0,14e130e9-5418-48d3-b6b1-ffedd17e2199,BEV-005,8,442.77
d1c2df12-2185-4438-8e01-86544e5693f5,824ddb19-5065-4672-b95f-3fec7ed08777,BEV-002,5,587.13
29752d7a-51e5-432d-bc86-4c8cb8024c55,6ddae811-ea51-413f-a517-6d9b63c92212,BEV-003,7,856.18
d0c7f230-acb6-4c33-8c93-0362ff05889d,6ddae811-ea51-413f-a517-6d9b63c92212,JAF-001,7,134.86
7d40b0cd-a5fe-4de2-ba19-3db386d0fa0c,4b3bb6ef-b6f7-4ac9-a235-ef85ad17bc41,BEV-004,4,165.07
f3539aab-5fb2-40e7-8dbf-40f4107396ed,4b3bb6ef-b6f7-4ac9-a235-ef85ad17bc41,JAF-001,7,787.5
f42785ac-6f45-4a41-8e5c-8ecfbb20e780,7dfb9119-b6e9-427c-b9d3-4b78830cc22e,BEV-003,10,751.67
cbb5f84d-123f-42ae-9e55-b99ce0ca70ae,7dfb9119-b6e9-427c-b9d3-4b78830cc22e,JAF-005,4,975.77
0e662b10-2027-4725-9f3d-e174e7a12d97,74b06882-bd23-4407-a52b-7adb4aeaab46,BEV-005,4,560.76
bad6fbf8-7237-414b-a49c-89f56d945f82,e5c276e2-7902-4551-9b85-32a0a09ccf3a,BEV-005,10,792.1
2d58a3d6-853e-4c18-a8bf-6ba3b6100d0f,b2447f88-27b0-4e36-b8c0-18a8ff476f3d,BEV-005,10,343.89
9d8a414d-a288-4a40-a452-333a60eb8b7e,7d5157fe-58a4-4296-a13e-ad4c243b5716,BEV-002,1,173.63
430c41f9-b79c-439d-82a8-98fd9502d6e4,b4bbdcb9-3a44-4f0b-b39b-76c14f58e752,BEV-004,1,54.77
358a3431-1ba4-4b85-b983-0cee4988aca1,fd6e46c9-c07f-4a5b-847c-a766cc5077ac,BEV-004,1,211.11
f1956aa2-d368-476d-b847-e6abbbdc49cc,0ae62654-218a-4e0a-b994-0d941944cbbf,BEV-003,5,227.85
021f8bf6-d9ea-446a-905f-fe301d0fd7f2,19df93ac-51ef-4ea1-b94e-b83fc2a4a95a,BEV-003,4,813.79
d93543f6-1cec-45ff-8d43-9f72c329903a,19df93ac-51ef-4ea1-b94e-b83fc2a4a95a,JAF-002,3,399.55
7e1e119e-96ea-4550-a991-bd814efd1aea,058b0fd6-223f-483b-9666-619c18bbcc6d,BEV-004,6,404.19
21ddadd9-c4d1-4175-b3ba-102dcad3f382,058b0fd6-223f-483b-9666-619c18bbcc6d,BEV-004,7,788.7
ae62502f-896e-43ce-a380-600dc0fd8473,058b0fd6-223f-483b-9666-619c18bbcc6d,JAF-003,2,502.62
abae246d-6311-48cd-ae49-c83ec6b34091,960978bb-d6bf-48c5-8881-2f5ccdcc1841,BEV-003,2,290.15
826b80f4-75cb-47d4-bc48-6a318425e613,ad191d99-7163-4360-a904-240b95617b29,BEV-005,8,856.2
8528004c-8ed5-4481-9ef4-90f93e9607a7,e7f7a2e3-7145-419a-a49e-443713dbe599,BEV-002,5,40.94
432e1c2e-d0cf-4e00-9708-4e199b87f7ef,e7f7a2e3-7145-419a-a49e-443713dbe599,BEV-003,5,646.41
acfff5f6-3a92-4a24-8129-9774b8dff13e,e7f7a2e3-7145-419a-a49e-443713dbe599,JAF-005,7,884.37
7c4bb9e4-e859-49c3-8a00-54cb7071d2ea,fb49ea2a-c9dc-403b-9d80-011590d2f193,BEV-004,5,829.59
25bd9b02-321f-40c0-9a0a-3f3096cedc1d,dc2b3dc9-4fb8-4ea8-a701-1f7a419a9ec0,BEV-001,6,401.16
cea343cf-dc57-4e34-ba47-a3a0122ff9f9,54e015c7-886f-419f-b347-1e881278f721,BEV-002,9,816.3
c959f6a9-f11a-494a-bbb3-c1638ba183f8,c54fa932-f021-43c6-8673-3c4fac8dc0ae,BEV-001,9,461.71
308d6e61-9e4d-489e-8812-d26ca5c9d925,597b350b-1fe1-4e30-94b9-56352da765c1,BEV-001,9,481.66
95fc87ca-b405-45fe-9717-aec168557213,83ed22a1-171a-4ed7-a4e3-d548698c15ae,BEV-003,6,722.99
48d2ef9b-28aa-4bc6-8132-e38ac874a2fd,83ed22a1-171a-4ed7-a4e3-d548698c15ae,BEV-001,9,34.47
67a06fb1-9277-4d38-8bbd-ea786816cd1a,83ed22a1-171a-4ed7-a4e3-d548698c15ae,JAF-005,10,944.64
181c414a-1a4c-44f7-91bf-f773804a2daa,edf41460-abee-449f-a0e3-0acf1c6cfa8c,BEV-001,3,749.81
b73354c7-b031-4602-905c-7aee603f3fef,7a5d39d8-3f50-45a9-bc61-233682d18463,BEV-002,6,317.79
59794a86-10c0-41ca-bb27-43c024f1e6da,7a5d39d8-3f50-45a9-bc61-233682d18463,JAF-001,8,951.49
d4884519-dace-4b84-a23c-f76ef489a8ab,f43cec24-e260-41ec-9c2f-cb4c57c188a0,BEV-001,2,287.26
e1b37a20-f2a5-4288-a1bb-550830867936,ea7cb526-a8cf-4420-a8f3-f53ad78530a8,BEV-004,2,968.32
c89fc19f-35aa-4db2-ab22-6d034aa39b8b,ea7cb526-a8cf-4420-a8f3-f53ad78530a8,BEV-003,8,126.13
be28d722-6c93-4ef4-b7d3-25a8dfc8c852,ea7cb526-a8cf-4420-a8f3-f53ad78530a8,JAF-004,1,272.66
5308adaf-4e10-4aed-a3f2-e79af5a91439,eb7f9037-904d-48f4-9df3-4b47758f32c2,BEV-002,9,574.81
c3dce38a-48c1-4ff1-89b9-21690eab640b,970eb29f-fe2b-46b1-9a41-adc2274fb3e4,BEV-003,3,692.67
3c9fe141-19eb-47bb-ab39-8c5780d5f5f4,970eb29f-fe2b-46b1-9a41-adc2274fb3e4,BEV-001,1,153.42
896d4828-dbf6-4f49-834a-f7ef1eb66121,970eb29f-fe2b-46b1-9a41-adc2274fb3e4,JAF-004,1,724.18
98834d6f-7976-4041-8ee0-6628104c5be8,7f4b3936-81aa-4353-9799-c3e468b4df88,BEV-003,7,607.88
8a3c6dce-8691-49e3-a54a-c5ce0b36c4d6,7f4b3936-81aa-4353-9799-c3e468b4df88,JAF-001,2,41.31
011c7023-e2b7-448a-a587-f1d8e1bd8c4d,c4361f44-9159-4521-8d5b-edd3e602f4ce,BEV-005,2,203.32
b23d722f-aab7-4ed6-ac9f-2e701a898fb5,93d6c431-4fee-4c81-9a09-497c78634d3b,BEV-001,2,632.59
b43d1bd1-789c-4b90-a9b3-435de37c3572,9dfbba98-2e76-4b1d-b0a9-1001828e5f91,BEV-002,2,378.04
60bd961f-c28d-475b-8599-f45c8ddd65e8,024b739e-5007-4dd1-a7f5-264f43b26bc1,BEV-004,9,240.41
9e3ae519-de79-4098-82d6-093ffe78e849,024b739e-5007-4dd1-a7f5-264f43b26bc1,JAF-004,6,132.79
21f32b2d-ee11-479a-8330-633ea572a552,4bf39c2a-68fa-449f-8178-43b40a231f21,BEV-005,6,218.86
336b6b9e-2ef6-4dd5-af38-3391728550a3,84d59097-d893-4224-aae8-3e89e2264df2,BEV-005,10,195.38
ecb1ef60-8412-48d3-a138-a3735ded329e,a6231687-fc9b-46e4-95fa-ce40d203bb9d,BEV-001,2,401.31
9d1d47a1-c665-4320-8d3a-1727dea27672,a4b51300-885d-441a-b237-de301366fa82,BEV-005,4,616.7
deeae3cd-8a5c-4271-9d36-5637bd053590,bf165515-900d-4f92-a020-4f8fd6207ed4,BEV-001,6,957.39
f3a59dde-5b30-4f16-b04d-32098107d991,97587daa-ff29-4a75-921e-78514124e86c,BEV-002,6,861.11
ea37f305-e04a-437e-aaf7-a05a4c021ecd,76f97b15-f3cc-4a56-8a06-3b410d837412,BEV-001,6,589.9
136927dc-604a-44be-9ca1-f1b10c821cb9,e301cf65-94e1-4f6c-9296-854b5d0d5665,BEV-004,4,626.59
69eac239-9b98-43de-a648-453cc6d1da54,6ab480a4-0180-4999-a653-96276f2998dd,BEV-005,9,62.34
7ed915db-b6b8-49c2-8825-f668412ecabb,890608a3-3af3-46cd-ae04-5290fb06c9b4,BEV-002,10,783.47
ae6b55da-d853-49b6-b0de-ec474fa4d5bf,edf6ac7d-1520-4a8f-8332-a4e59be6f800,BEV-005,7,682.34
f2566151-d896-4d44-833c-36c9a13e5637,4a96ef53-f525-4b7c-8a45-a9f4b74e1565,BEV-002,1,624.07
4b0d1654-d90c-4f9a-a91f-80179601459e,c1314871-45de-4e31-b0d5-5728a8837395,BEV-003,8,764.87
37c2ea32-7b61-49f4-b405-65cfefc4b1e6,0a69af5e-dc8a-4c49-aba8-ace0351b8dcc,BEV-005,3,311.89
5de1053e-a260-4d9e-8595-35ab117bdb05,49f92fe3-12c3-4058-a71a-44006702bb56,BEV-001,1,838.19
a296d72d-b1c1-4e39-8c33-92fdc2899daf,49f92fe3-12c3-4058-a71a-44006702bb56,JAF-002,4,318.52
782654ff-b43e-4e27-bb64-ae620372e33e,1212e08b-783f-499f-b99f-a6bf3e352e8a,BEV-002,4,972.79
69bc0502-838f-45cf-b0bf-2c6f562681e9,272f1d59-812e-4df1-b043-d9e9fe709aa9,BEV-002,2,691.61
9a785d24-1270-4475-98ef-59f810cbde74,88a3d57e-191d-467f-a426-64bf5fa918ff,BEV-002,9,761.9
e495414e-0d63-4492-a333-f50b026456ba,88a3d57e-191d-467f-a426-64bf5fa918ff,BEV-003,2,481.07
fb862209-5d1d-4625-ba3f-42526a83b740,88a3d57e-191d-467f-a426-64bf5fa918ff,JAF-004,5,672.33
76494801-bbae-4126-af91-135a39380cd7,88a3d57e-191d-467f-a426-64bf5fa918ff,JAF-001,5,448.71
ebb8b107-c385-4ec4-9cbc-2a6ba9d20489,052df12e-9983-4a90-835a-6f193191edd3,BEV-002,6,854.55
4a4a1b7a-22dd-4129-855d-93d9901271be,ad31bbfa-f075-4633-8a74-7fa471985313,BEV-002,3,600.95
4a688186-9677-44c4-a487-56a4493cf2aa,ad31bbfa-f075-4633-8a74-7fa471985313,BEV-005,7,39.17
b21ab528-92a3-4b45-9bd7-629711067f08,ad31bbfa-f075-4633-8a74-7fa471985313,JAF-003,5,700.99
c9227969-abb6-49f1-8c58-f3d842021b49,1200322a-b838-4cf8-8eab-bc74005aeff4,BEV-003,6,853.96
27e7b93f-3548-4af4-875c-d906f61ddbdd,3a9ccf83-50a1-4591-8543-7627743e258a,BEV-001,6,618.83
dd71e8b4-6a95-47ce-9c31-7a9d1b9f046b,f824f102-43c1-43a2-95b7-7f9ca0907eb7,BEV-004,7,809.57
753583bc-8d8b-4f04-a061-b7248042d3b4,f9b13802-7ee0-44bf-9398-ea2783afdf55,BEV-005,7,198.32
dc4f341a-698e-4aef-bfac-dd0cca9cdb37,866cc430-e3fd-411c-9096-5613c59132ad,BEV-005,4,423.31
0b48667b-7fcd-4eb9-a36c-672c380a11c8,47313038-fd56-4ba7-9c69-ac2c9b07e8c5,BEV-003,1,194.27
c88af4b2-cfb6-458e-a605-e157c0c4710f,f3edc162-33ef-4fe9-875b-0e787b711ced,BEV-002,1,399.17
d7a6e9be-381b-4498-b017-5055b0a545ab,eee0326e-e022-4978-bf42-6330bff4f116,BEV-003,1,778.02
ee249f66-b63b-410a-b384-966e5a52749a,3b1221d5-b389-4557-937d-c0995bec37d9,BEV-005,3,90.54
dd788536-b00e-497d-913d-e3289a078385,ca1f7670-3b5b-4b09-81bd-ddf8482f3092,BEV-001,2,892.2
52de7689-6b71-44db-949a-3df6fa262b1c,d70c9397-b8b3-4230-abf3-fae528efd14a,BEV-001,5,910.95
094314b7-8a98-44e0-8714-cd442ed0e442,c26719c5-d94d-4360-8730-088561ab1b2f,BEV-002,5,148.23
ef718037-c2c0-4a98-9295-3354da53f6da,472fe429-af65-436d-8e52-8d694ad65f10,BEV-002,5,21.64
6a72c5d1-d6c5-40ea-816e-2a1f38e254cf,472fe429-af65-436d-8e52-8d694ad65f10,JAF-002,3,255.4
105f4f5b-fc0e-4e8e-8ce2-5987fabff77a,5289bda5-4cd1-4bab-9b25-56ccdd925d23,BEV-001,4,32.64
a8b34ae8-1df1-4bb3-a0c6-53d99849d3ba,5289bda5-4cd1-4bab-9b25-56ccdd925d23,JAF-005,10,540.48
464a6e5f-6547-42c7-83fa-38a474068125,e10d7581-d805-4782-9689-b9779d6851c1,BEV-001,5,109.02
18d3049b-2012-4961-9324-4ca8ad53647d,e10d7581-d805-4782-9689-b9779d6851c1,JAF-003,3,912.67
2e5ac597-a4f5-4827-8588-1a00433753b8,118ce3f9-36c3-40f8-9cc7-9745a9ed789e,BEV-002,6,596.72
2e412c25-66bc-4312-92ea-c25e6a43f8b8,3b4ad394-cf82-4aec-a9e3-faf416c17571,BEV-003,8,587.13
213dfb35-b396-4d57-8bf4-68df678b5e35,0cb3183b-5ece-4dc7-9b25-9530e4167d48,BEV-002,6,910.83
85e6fe17-c5b5-4446-a310-f762e7cb2ff7,bb3ce20f-4f5d-489a-a98f-aa1a922f6892,BEV-003,7,559.01
697e39fc-1ab5-48cc-ae9c-567d1adf8ccf,bc46694e-0690-4c29-ab11-ee92f4506045,BEV-003,3,155.6
a91b31fb-4029-4193-bd39-ecb741911678,0755113b-6fb5-41bd-ad12-d94f2dae2768,BEV-005,2,408.51
10e0ecc9-1d9d-4a43-b077-eb60bae7aa0e,7aec2874-c532-4759-bfbc-89a3cc07746e,BEV-001,2,563.45
b3d43c90-f0a9-406b-86f7-15713ae7175e,87f8c7ef-3b60-46a1-9ef1-b374be09d1fd,BEV-002,1,736.77
57b9c544-75ac-4484-94aa-7eb029336698,87f8c7ef-3b60-46a1-9ef1-b374be09d1fd,JAF-004,7,666.67
7334192d-325b-4842-aa2b-6438b3b9b54d,95f18a56-cd98-488b-8ba1-a91fa03187fe,BEV-002,1,246.2
75d34b7d-d93b-495d-bc41-6072587da871,cc59c8b8-e5e9-4021-8341-641d84c20496,BEV-002,1,727.9
e4bc9c4c-3434-4e97-8fe5-f6641afd5e89,466fe940-67d9-4de3-bd8e-68afd17c4985,BEV-003,1,871.23
74d6ca61-7bb2-42b7-8b19-65fa85efe389,27def0c5-d201-4bc5-8e58-3df29c5f8260,BEV-004,1,862.13
e03a6bd1-62d4-4a8c-adf5-e1e05deb3c6f,ad515fe8-f79d-4729-985c-ef2ec9a63d6e,BEV-002,10,300.16
bba263c9-9aba-4ebe-90aa-03fdf19cdcfc,441bf32d-e728-4048-aff6-0887ea0f854d,BEV-005,6,144.98
cd58ee28-9ae3-44db-bb53-2465725bd93d,441bf32d-e728-4048-aff6-0887ea0f854d,BEV-002,3,954.07
8c2ba15e-9357-42ae-8c53-c831b9994055,3d899fc7-7475-4004-94fb-45d05a93e017,BEV-001,2,893.37
3c04615d-3200-46e0-ae09-6f885c932160,3d899fc7-7475-4004-94fb-45d05a93e017,BEV-001,3,90.43
8c89965a-9fa8-40d6-8721-f61a49e4ee8e,3d899fc7-7475-4004-94fb-45d05a93e017,JAF-004,8,478.02
3d9958f6-ee04-4ca8-9a02-1e8236e59a93,aeac48de-2d9f-465f-9288-ba5ce723e841,BEV-005,10,94.8
fa62e6d2-a37d-4678-b573-9f1107395917,eab73abf-c716-4625-843b-afe59f59f85c,BEV-002,4,245.09
25c4981c-f170-4b9d-838b-9846b5fb317d,f029cc30-e31b-4afa-a932-0bb6c451d534,BEV-001,7,267.92
16464528-234b-4be3-af14-2ecb5c90e202,b88fc62e-88ae-4303-9f35-57abc079225c,BEV-002,2,123.35
9d825d01-bff6-469e-a952-0f13b6aed5ea,b88fc62e-88ae-4303-9f35-57abc079225c,JAF-002,10,649.04
8fa9ba8e-e9f1-489c-a0b9-1d1cd59f7084,301576cb-9d11-4c67-9bb1-b6c8107625ad,BEV-002,2,327.61
5ed6f409-07fb-45ec-ad95-fa36e2f38a3f,301576cb-9d11-4c67-9bb1-b6c8107625ad,BEV-003,7,168.52
87629865-34d5-4fc5-bd43-cde529a1a8ca,05bd117d-c651-42be-8066-ed3324a2b367,BEV-002,2,330.08
647bdaa6-2181-45a4-9537-2acd83909140,05bd117d-c651-42be-8066-ed3324a2b367,JAF-004,3,398.3
7441372b-58ec-45af-a2f1-4a4cf66ee443,7134231f-fc55-418f-a6fd-91d4c0fa3f02,BEV-004,1,670.83
0fdd4948-1d54-43d0-bbf0-47675cf38df3,f98d2ec9-934c-428a-8bb7-9de9931744e5,BEV-001,4,374.04
54babe3b-ab1a-426e-adb5-6ed8e9e54fbb,f98d2ec9-934c-428a-8bb7-9de9931744e5,BEV-001,9,90.16
9c7754fd-4202-47d9-a1d2-b9b91eef22d7,57a09099-8a6c-4c5b-94e0-5e0cc1287e4b,BEV-005,10,105.33
07fc1853-9e6e-4769-aee1-acee31079e1a,57a09099-8a6c-4c5b-94e0-5e0cc1287e4b,JAF-004,6,64.44
87a3043b-2d50-4186-8ca9-3bfe1fec55ef,d45c87fc-53d2-45ca-ab77-65bb23301204,BEV-005,8,89.38
a73d0ec5-5eae-4fb6-9c34-e56384fc36f2,cf558da5-b831-4b11-ab4d-44755bc99a12,BEV-003,7,920.39
5aab132c-65a4-4307-bf78-a4db3a56518a,2de14985-63df-440e-b20d-4088c08d57a0,BEV-001,8,56.39
b1d22d5e-58f3-4a1e-b4fc-a4cc6189188c,f6e02e93-94fa-4305-a41b-583f70b69efb,BEV-005,1,444.55
5eee61a2-8e64-41d6-a03a-f76a65172857,f6e02e93-94fa-4305-a41b-583f70b69efb,JAF-001,1,236.99
3beb42ae-c944-419d-a9c7-6432543daa45,6e5cdd28-57af-45fe-8f65-56f1b9458104,BEV-004,8,458.81
30a4dac7-e4ff-4751-8754-557bb2940920,cdf6cd69-4446-47f2-97c9-43f60c301b92,BEV-002,6,341.17
360f26c3-417b-4455-843a-99463e4ecd0f,ab0c4071-8fa8-4163-9824-529936d290d5,BEV-005,10,930.42
3ab4d240-fadc-43c2-b186-caf1b43427c1,e569ee91-0083-4963-b070-5f9b89117400,BEV-002,6,537.69
1720e402-4783-4796-bd42-5e281847ecd9,b29ebc55-069a-49af-aac8-9bc4baf0ad7d,BEV-001,8,295.5
2b105177-50a5-4235-955d-b359da83e691,60c4eca7-22a2-483e-8505-7a744a420976,BEV-001,4,470.15
6d8dc073-bd64-4c05-b4db-302bea691972,60c4eca7-22a2-483e-8505-7a744a420976,BEV-002,1,702.24
983a5df4-91fb-4c21-ab0a-a95768ca3ef1,f9c061bc-afc5-4c42-87a1-a19de9c9a736,BEV-003,7,661.89
80049cde-815d-4527-8eb6-a9dbe7ceffbb,a57872cd-f5d4-4f3b-b369-e894bdd80475,BEV-005,2,792.88
99e6749f-b808-4c6e-ad3c-c616ac994a96,d3aae190-7712-4ec0-b257-aecadd1770d4,BEV-003,7,513.5
190abee7-26a0-4ab7-8d83-4c929e1274f8,98bb5593-2109-4a05-bbe8-4139c63f01a3,BEV-005,8,679.07
cfb5fc21-faa3-4d04-82c9-74becc3c5e7a,2f0bb65f-de97-4a66-ae1c-370db1af13c5,BEV-004,6,772.71
0fa5f81d-b1bb-4d9a-ab2f-6a23e078e6a6,898cdb67-2315-43ee-b652-29cc137ef9b5,BEV-005,10,119.57
b1f55d4e-af80-435e-b8e3-bb7fe62a0ca3,948a8275-ff9e-42fe-b8d1-4a69195909eb,BEV-002,2,71.09
f04cec78-a0b0-41ca-85ee-7e286a135d2d,948a8275-ff9e-42fe-b8d1-4a69195909eb,BEV-005,7,288.26
bb6386a7-f39e-413c-8ff4-618059b2feaa,948a8275-ff9e-42fe-b8d1-4a69195909eb,JAF-001,9,229.1
8080c2e0-d6a5-4c5c-9683-2482dc027642,948a8275-ff9e-42fe-b8d1-4a69195909eb,JAF-005,10,821.01
b612b022-e73d-41e4-8866-df9354bdaa6b,3f7a0230-0ff1-49fd-84d9-b5c7af6e2aaa,BEV-004,1,597.53
53fa945d-c255-44f9-9e45-dec05710cb9e,3f7a0230-0ff1-49fd-84d9-b5c7af6e2aaa,JAF-002,6,554.49
5446d617-b09b-4ae5-bb3e-4671a38a9fb7,2a5e38be-11ef-4882-85ea-3af4e6f95e89,BEV-004,7,598.78
89d6a5fa-ac2a-41a0-9071-91471648f878,f499b4a3-40a9-4089-80b6-166b6058851a,BEV-004,4,686.56
0597e1d4-1a16-4b0a-9ab8-f0c3e854d298,f499b4a3-40a9-4089-80b6-166b6058851a,JAF-003,7,84.15
8e12f60a-44e2-4ad9-8603-2c340541568a,1fc4b10c-75a4-475e-be90-a99245c326cd,BEV-001,3,524.02
9dea2870-6bb7-4be7-89b4-849ba69b1d08,1c9c9d82-3379-4d29-a842-a73c3a501c45,BEV-002,10,418.96
a4f25fb4-5fdd-4359-8840-15642aadf1f3,22512841-2fab-4406-9b85-bff1cf3697cf,BEV-001,9,131.67
00b2356a-f45b-40b0-b0f8-160e8d05da1a,eede70de-7f0d-4014-9c3a-ad8ef2bd1c12,BEV-003,1,395.98
57bd1dc2-2ee3-4a1b-9cf8-14a309cfe79f,eede70de-7f0d-4014-9c3a-ad8ef2bd1c12,BEV-005,4,208.02
dbdf4a29-6444-4ee2-bc71-c3c7f2f764d1,49e437cd-5708-42c6-8841-7261d2c3fb42,BEV-005,8,333.77
b966cace-6105-4dfc-861c-b9c3569a73a4,0bfebd26-8f61-4604-a6f3-a8ae9ef1c3fa,BEV-001,3,97.66
627e6c02-55d4-4771-afd1-4cf92ea268f1,1c604196-6529-421a-be71-49a0449479a2,BEV-004,6,268.93
1bd5a74e-de0d-4d91-b300-c474a5ea18fe,895a0d45-0b45-442c-8353-894f499286b0,BEV-001,3,937.66
af5bba36-185c-4f6f-9b11-c4005112b7a1,5108188e-19aa-4f93-824b-e36b0d330e15,BEV-002,2,250.46
8d165bd4-4007-4f07-9f6f-56a5a5e8a488,5108188e-19aa-4f93-824b-e36b0d330e15,JAF-001,8,285.64
f8b2f900-6e54-409d-9581-76f4aa4541f5,72542e16-c5b4-444a-9d23-60c8f1475127,BEV-001,4,399.63
b5ebc8c3-27e8-4524-bf93-adfa5326e1bd,f502ab2c-2d29-48a8-8559-783d5df12741,BEV-003,9,952.43
8a9c08a5-15ac-4ffe-9ad4-0f46a6442b97,aaefe7ae-6c30-492d-85ce-ea99a4be107f,BEV-002,7,533.2
d81b96f5-0d95-426a-8368-e30e315720d8,81fe54a1-ef87-4bba-b66e-2fd57424cf9a,BEV-002,7,135.61
f44506fd-d768-4d87-8a71-c2833940f70a,57953edb-df2b-48c4-ba9a-dbfc569a6654,BEV-003,10,195.77
bce9bfe0-ad50-4d10-9e77-85753d3c700d,29eef409-d75e-40c5-b736-af7091bb3a81,BEV-001,7,672.81
90253fc8-2a06-470b-97c0-a0c6436e4844,ae5a1524-0eb0-4b86-b679-269eff4c1439,BEV-004,4,296.34
c82467b2-9ee7-4b8c-ac8d-f76a4924f451,ae5a1524-0eb0-4b86-b679-269eff4c1439,JAF-002,1,755.76
c2ca6291-fa9f-45db-8e50-17b334dec1e8,fd42e984-4c30-4816-92a2-0e747502acd9,BEV-002,3,73.02
72297e09-15fc-434f-8895-bf3c14efebfc,fd42e984-4c30-4816-92a2-0e747502acd9,JAF-001,10,745.92
e8e1ae03-7ea5-4c29-b4dd-f3bdd156d1bf,00d77639-fff5-46de-9ac8-118ab2e7c874,JAF-002,10,119.01
8266289f-adcd-41b7-ac5e-55407a46f362,00d77639-fff5-46de-9ac8-118ab2e7c874,JAF-004,4,854.43
bdd1cf55-6023-4bdf-b18e-6428dc5bc682,1b809b9b-6e4e-48cd-84fc-70cc758ea123,BEV-004,9,614.87
eb7b0877-4e9f-40f7-a0fd-3ae73c95a37a,7d378774-5823-4c87-9502-352e446fd0ed,BEV-004,2,561.3
e8983a9c-2f0d-41ab-9c16-176d1b328b77,7d378774-5823-4c87-9502-352e446fd0ed,JAF-005,8,376.75
62fa7e39-669b-4dd6-8b57-09d8cdf2e803,6abd8044-45b2-4307-a2c0-2cfc347d49d1,BEV-005,8,380.24
852415fb-637a-4e4c-a4c7-3392acff8a00,44ce84fc-37fb-459f-883f-030d57c0fc24,BEV-003,1,958.18
9d6c282e-4977-4383-a6f7-561ae35d4b3d,a73ac62d-9e92-4aa0-9430-33114d6ca5af,BEV-004,1,920.31
fd83cc10-3b1b-4cef-bd4e-b96523235733,a73ac62d-9e92-4aa0-9430-33114d6ca5af,JAF-002,4,505.68
e137d675-e0c0-44e4-8e03-8c4b4b4e86f5,cb279528-d50c-4d75-b7ba-de7564918cdd,BEV-001,7,495.72
0d3a2964-55e8-4a9c-b2f9-b73d26622fb7,1eeda783-dec8-4c76-ad6c-8c77094fd012,BEV-003,1,575.56
da495dc5-e5ba-4f84-b63e-82a3a76c1af9,e7336ccc-1e8e-49cb-bbb6-79eb6d6656db,BEV-004,5,925.44
e997eb88-a357-456a-b22a-c324834c4a81,83830717-e223-4074-b9a5-864452750b26,BEV-002,8,86.7
2b62e5bb-f396-43dc-9e5c-28ae3c4a127c,699eccd5-755f-48cb-bbc2-3bc2f707b610,BEV-003,5,278.26
eba620b7-eb42-441c-88a1-018e8638b5a5,d3832cad-ab49-40a0-8f36-6251dbd4f832,BEV-003,6,172.82
ee567fae-e846-42f3-a469-83868f1d0b5b,b7968e91-ecfc-4403-a553-5a4bb58d7258,BEV-001,1,583.59
6a35c8f0-1bb1-41b1-91f3-0281b1fd8053,892ea875-9868-4d7b-887b-aa8f2be3c840,BEV-001,4,116.55
35264d38-5e7c-46c9-8555-fc2cad9a562a,892ea875-9868-4d7b-887b-aa8f2be3c840,JAF-005,8,243.86
4c7b1a1f-8386-413a-b299-a5ceadce0bc6,5a2db111-3099-4551-8003-227a8d590fa5,BEV-002,6,211.05
77574e19-2640-4126-9f30-47aece113de4,060ca12e-fad9-482f-bb3a-b9ff0552d6b9,BEV-002,3,100.69
f6b8f839-f493-4401-a3f8-6a7325a79d97,00400dd4-7b1b-4e5a-a1c6-5b4398ce938d,BEV-001,2,997.64
098fda3f-f2d3-4ba3-b645-44b07e43987f,d60bddd3-431d-481a-b3a5-d6d297b07a7d,BEV-005,3,533.36
5b3cd504-b118-407b-a7d6-08f417db5d10,74c91131-2aa6-456c-844c-09c989623cf4,BEV-004,9,688.33
2dfbb086-bdaa-440a-806b-88de65f7bd6b,74c91131-2aa6-456c-844c-09c989623cf4,JAF-003,9,188.67
83489013-0404-439f-a3bc-724968d43afa,10ac3c19-4187-4dc0-9d82-c72af30c9dc0,BEV-005,4,989.21
aba64758-9191-4faf-bf3b-680a93ab5fa3,4bf68f39-1982-4195-aede-024f960b7c98,BEV-002,4,173.46
6e5a8a34-9daa-4ede-bcb9-9d825f37a3b6,73e4b39a-dbd1-443a-a8e1-e63f166911fe,BEV-004,2,528.2
e3a92bbd-12b3-4a9d-93fd-546a53cb8bef,a8e23cf2-d394-4f65-96e4-59fd6713c316,BEV-001,7,943.69
35d7544d-b3b6-421a-b88d-b827ffb58097,a8e23cf2-d394-4f65-96e4-59fd6713c316,JAF-001,1,18.74
8878d643-140f-4df6-86d4-98fb68e3d731,6706c7cc-c074-4e27-9914-fde437efece0,BEV-002,5,177.15
cda66254-78df-4c74-b061-f28cab8dcda4,21403beb-42de-4b92-9564-6348ccbb1082,BEV-004,2,299.74
ac410dca-6323-4919-b356-602e02baba6d,21403beb-42de-4b92-9564-6348ccbb1082,JAF-001,9,81.5
b834cf05-978a-4e97-af81-8b2ec6e7677c,d3aabc04-75ec-4b32-9ecd-06f688a7201b,BEV-003,7,548.65
a9447e5f-a7fa-4918-8feb-6ca15df84315,d3aabc04-75ec-4b32-9ecd-06f688a7201b,JAF-003,10,711.0
027c3f40-1534-417b-885b-6d6387517869,0637c531-cc42-45d9-a3d8-b9fcb8cc0e98,BEV-002,4,452.99
3ff2316f-cc79-4d7a-9ceb-5bcd725e5f37,694e3f1d-ff29-4f67-bd99-1f807fd14922,BEV-003,3,495.1
ce152c05-3654-4a2c-b701-c2252949f0f4,752b1665-d0ef-4251-b6c9-8eb641799ec5,BEV-001,6,564.87
994abcd1-fe63-4a81-9dc2-15a0a9bf1192,752b1665-d0ef-4251-b6c9-8eb641799ec5,JAF-001,8,582.96
a38f9b89-485f-41c5-be7f-74be523b79d9,73f1ada5-c79f-44e2-9e5c-f11be270e263,BEV-001,6,433.87
7bbb388a-8aad-4da7-aef7-ed16846dc707,efe74ca6-c825-4d24-a632-181e731dd8d8,BEV-002,10,43.9
3a516d72-6b40-4b7d-9da4-6dbce3b8f02b,e672d337-a378-47a2-a271-8912994751d3,BEV-002,3,607.73
5f93fb9a-e06d-489f-b0cc-c2d41f84f7f9,19d39228-eb51-4f99-9c9b-498941a75513,BEV-005,3,544.49
722ea733-2a0b-4325-951b-fb10d659d064,19d39228-eb51-4f99-9c9b-498941a75513,BEV-005,5,250.72
e7139465-0156-4300-947a-8c2c67aaaaa7,1773c8d8-acb6-4d6d-9605-270e5c66be74,BEV-005,10,961.32
9b63bf50-62b3-4a37-ba07-2c9665b780e3,1f6168d4-073c-4f71-97a1-11cf2c457d0c,BEV-004,3,238.45
25260ce1-7b36-4a40-ba20-cf7d34b68ec2,f2df82cf-6a67-43d6-8a67-c8dd133ecba1,BEV-003,1,328.3
0744f522-19bf-42f6-9501-cd3a9c047b44,9c3a3581-e54b-4924-a920-64df223e128a,BEV-004,4,917.28
236f5ba3-7b48-47d3-ac36-2282885b240f,5f7b1070-0b02-42c5-b23d-1bfc202bdf78,BEV-002,3,185.81
e23596f2-2b95-4010-8b6d-4f8b3789178a,45735a36-bedf-4693-b0d9-33d002b4cfb8,BEV-003,6,636.53
e0ba51ce-adae-4950-bd7d-30517af065ce,45735a36-bedf-4693-b0d9-33d002b4cfb8,BEV-001,5,47.44
7f000685-de65-497f-b208-b1073bd713c2,cb3841df-b674-4208-93e6-390c85cdde61,BEV-003,2,858.19
9769e436-a2f7-43d4-9000-957f091df492,cb3841df-b674-4208-93e6-390c85cdde61,JAF-002,2,942.24
5d35794a-5380-45b3-af60-6740a1e2f478,ce002f7f-8781-4cd2-b0c5-fa28b811b751,BEV-002,10,146.02
1ba7df3e-f534-479d-a5b7-e35acc5d16d3,3b513079-3b9f-4664-835e-f97673dd9228,BEV-003,2,669.86
eb2dc27e-5a4e-4aa9-8442-30f01c8c8ff7,64d2eee3-2948-412c-a696-06f5a014d951,BEV-001,8,828.93
84dbaa11-4e9a-44f7-bee1-934ebfa09f0c,cae1eae9-9579-46ea-846e-b1a63a3fe2e0,BEV-002,2,228.41
3e6f2f07-b18c-447c-906d-ec2afb1d3c73,cae1eae9-9579-46ea-846e-b1a63a3fe2e0,JAF-001,1,514.98
d7baf5b3-ad4a-44d9-884d-70abd6e12daa,b1f17d99-4ad0-4059-a201-1e969bce544f,BEV-002,6,439.47
c8d6f2e6-fc51-4267-bbb6-e0de327c47d3,9704fe31-ff12-416e-85f0-92f7ac31c521,BEV-004,5,846.75
8d7b889f-97ec-4503-a4bb-64d4e0832273,b8c1cc4e-ee6f-4c0d-a175-2a808360f0f7,BEV-003,3,358.15
cf2913eb-dbb5-4af9-9535-226c74978d53,b8c1cc4e-ee6f-4c0d-a175-2a808360f0f7,JAF-001,4,124.05
d5c51dd6-01f0-427a-af1c-f5e5ad5ea394,f1efff3a-ee2c-4978-bc55-1fd12598c394,BEV-003,10,917.8
7a75b05b-b40a-4c69-9492-ed71fd44a5eb,f391ad5c-8b1e-4338-8f53-b8bc72d0f9f0,BEV-004,8,433.41
b028c0a3-d0d8-4fbe-a656-b813ab861860,4ca203c3-ff60-4f65-a314-70405f038e3d,BEV-005,2,712.09
85094b61-3339-43ac-af75-be9e7b2fbdf7,759a25f2-72a4-4b6e-9d44-95febd9590fb,BEV-003,5,138.06
c25ea4ed-2dae-4847-8cfa-56a994bc1882,c3b58b02-4e6f-4f7f-ad42-0d8c9827a343,BEV-005,5,327.23
3a3c4c67-ea7e-44c9-be6f-4d07d524177a,463afd81-b3e0-4ed3-a74f-94c68c220ad3,BEV-001,4,542.0
f9fe1e58-5395-48ab-ab52-ecba6ebbd672,463afd81-b3e0-4ed3-a74f-94c68c220ad3,BEV-003,2,700.93
5c5a9a09-1ca9-4144-8354-70d6bc026676,463afd81-b3e0-4ed3-a74f-94c68c220ad3,JAF-003,5,680.96
9a466d94-4c7e-495c-8082-42fe495f7c72,463afd81-b3e0-4ed3-a74f-94c68c220ad3,JAF-002,1,665.8
5dd9b9be-b55d-4cd8-b464-b7fec975ab23,00668030-c5c6-4a65-a73d-a743819e032e,BEV-003,6,107.22
786cae79-07d6-42f7-9352-762c8d561d38,ac7cdfa0-3d5e-4969-91ae-df9babe96c67,BEV-005,4,741.33
8967f5f1-0106-44c1-86a6-36c6642a3275,ac7cdfa0-3d5e-4969-91ae-df9babe96c67,JAF-005,6,728.2
0d8896e5-d124-4755-9510-3a69df08c8c0,1e60a03b-1935-414d-aa75-11a1f5ce75f3,BEV-001,8,361.38
512949ca-908b-4c5b-bd00-8440d8b5ebae,618aa5cb-bf48-4064-bda8-605c236583c5,BEV-002,6,783.58
83d54170-8ccc-4aaa-9a55-c05cda901fc7,618aa5cb-bf48-4064-bda8-605c236583c5,JAF-002,6,673.59
77e01a56-0cb3-4126-a57d-000bc903f618,203c80b2-65fe-463e-b9f9-19b428c0eca0,BEV-001,7,91.42
6f603efc-2c2a-44e4-973b-131657a313f4,3a577c3d-abc1-43b0-af5d-b14004295cb7,BEV-002,1,205.34
900b910c-eec1-4765-9b9c-865bfc619947,3a577c3d-abc1-43b0-af5d-b14004295cb7,BEV-002,10,709.68
e454834c-921d-4e86-82c0-3acd74014522,39019173-e5a6-4a3c-9540-bb70d1f4095f,BEV-004,10,150.65
6e8edbb7-116b-4822-8900-b66e23d37d7e,f0da3d28-4c36-4145-9707-4036b905d8be,BEV-002,7,420.58
ca704ad6-d504-45cf-8f7a-dafb52b6592a,7af4c241-f088-4c00-925d-4e0a84da6042,BEV-005,8,125.92
b4013090-3196-4928-b70f-ebae9ea932ec,7af4c241-f088-4c00-925d-4e0a84da6042,JAF-004,6,662.99
22ff923a-e7ee-424a-9f4d-dc9261650dda,522d0928-c9a1-48d9-a538-8e8e0c5e3a68,BEV-005,9,370.99
b7c50182-d5e8-40a9-ba82-3c8d6342f862,8f74fa41-e9c2-4d59-800f-d02004a05864,BEV-002,2,97.69
2a98a8bf-a92c-467b-98c7-68559f7a7b29,907b8443-3509-45e6-a63e-708ea31d476a,BEV-001,7,914.66
f09a9d46-2e03-4cf1-afaf-aaccf4a12b67,60f2e093-4722-4a92-8b78-3705f606b67f,BEV-002,2,823.66
5db2944d-c063-4688-9847-2bacc399caad,99b9f349-9cec-408f-814d-ac3c41b2b043,BEV-004,8,116.44
d9bde60a-e53d-4575-acb2-39ee67da3195,99b9f349-9cec-408f-814d-ac3c41b2b043,JAF-004,7,486.58
f1e20ccb-4235-4976-ab6f-de363f1f308a,ad64555d-2d0a-4d5b-8e5f-57f6379e2d44,BEV-005,4,200.45
ad834d83-98b8-40d3-ac8d-68e774306665,81c3d9a4-3f58-4cfb-ab0a-f7297c5c1cc5,BEV-004,8,99.88
1b8193ac-21ac-4e8d-a2bf-2c94653a3df3,4329d3e0-e3d6-4732-b35c-9fc721c6cba6,BEV-002,5,479.56
01bbb146-25a3-4a47-b53e-3b4a7f929d41,52569ff1-ae4f-47cd-9b63-7e9a4eb9cd5b,BEV-005,1,889.4
19f7639b-6bbc-4a52-a478-0ce6fa3f742d,09baf216-bc33-4700-99b4-fa268618bfd4,BEV-001,4,934.28
5833aa71-0283-4584-9cde-707cd7439d06,2fe34ec0-d15c-4dd6-88fd-ed7108a6d44e,BEV-005,4,359.82
372282a2-7540-4c34-b016-976e575d18c1,04871091-9274-44da-aad3-28858eff69da,BEV-004,1,774.57
9bd523b1-c4c0-44d4-8007-5f6192cc77f1,223fc432-7790-41c6-900a-6191aa115b53,BEV-002,10,936.15
47d9ec67-15bf-4bb6-952e-2d9ac8860c9a,fe7425c7-6614-4ef4-8241-d8e436d80cf6,BEV-001,3,297.94
3986d0b7-82c5-4b48-9ad9-997f89777b29,42e264b3-c5e2-4eba-a1ea-aef088103b57,BEV-004,6,960.03
337557f2-a0b6-46c3-b66d-31239f0efcf5,0666b453-783c-44ab-9620-7ae9fbe2db27,BEV-004,9,377.44
49e0f8ae-f991-452b-85e3-196cd1cb99cd,0666b453-783c-44ab-9620-7ae9fbe2db27,JAF-005,6,623.32
20533a50-3ce8-4ace-a3d8-21199f70d748,ca13d4e2-1125-4dc3-a82f-d9dea74cac0d,BEV-005,2,115.76
11375291-92e1-4d58-904d-ba2a82b62087,e65f8592-89a5-48e5-8804-152b7c9bbc61,BEV-001,2,438.67
73bc5580-22d2-4a54-a331-70156277bd2c,e65f8592-89a5-48e5-8804-152b7c9bbc61,JAF-001,10,156.66
8f5fc188-9819-49b2-9760-d9d1fd431c69,e65f8592-89a5-48e5-8804-152b7c9bbc61,JAF-003,1,97.24
905a979e-87b4-4c6b-88b3-df76e44391ae,13140f7d-3ff9-4844-b7e0-61106cbb3b26,BEV-002,4,79.64
c712e160-858f-4b0e-9a48-65be27bc23fa,cbb66f07-b6ab-4170-881e-e56ed6b5997c,BEV-002,1,463.95
c0638a8f-4b39-48cf-b4ec-a73427ab745b,ee05839b-06f3-4c0c-9808-b90f430faf93,BEV-001,7,55.9
318a199f-d2c7-4dbb-b680-5c0e50bee236,bb26049e-5021-49d7-a544-64591b07d4a0,BEV-005,9,384.32
3cf70ec7-5a8c-4001-9fb1-efb1348fdf4d,cc28c661-9fcf-43e7-9332-f3f8aee703e8,BEV-003,8,378.55
da9c78be-11ec-4242-8a88-23e64a25a1a4,1044dfca-f554-4aa0-9efd-c96d6a457108,BEV-004,7,759.84
7b573a6b-f7b1-4ea0-8c11-486a7a21ba7a,09b4cb47-73dc-4648-8812-e58e3c860a6b,BEV-002,2,505.8
a5c88ab9-ec28-4c4b-a55e-16844f65fbbe,4f5cb392-51f6-4140-ac7f-9951a102a0fa,JAF-003,2,134.35
5a9f3f35-4364-48d5-af4e-a8d9aacb3e50,4f5cb392-51f6-4140-ac7f-9951a102a0fa,JAF-001,3,934.98
1a76cebb-a8fc-424c-b9a3-1fdef434c08d,39781f93-d761-429a-b304-57decfc01382,BEV-001,8,281.35
0e2b565d-6c15-47ec-a696-e17916727b59,240b1fa1-ac9c-4faf-a93b-3f0c48e524d8,BEV-002,2,953.93
843e611b-2257-46c1-a9b1-639055003408,89cd2673-9cf7-4d2f-b036-2dd81f4417f4,BEV-004,10,959.71
92b30bc7-a982-4560-8cf6-cfc4ec6d1132,89cd2673-9cf7-4d2f-b036-2dd81f4417f4,JAF-004,2,327.42
5502e405-60cb-4cdb-b580-db0d6afcc5a6,1001d681-c60c-4211-9a31-1646c9995ab2,BEV-003,4,124.54
ef24a463-124c-42b2-92e9-34bd540c0f10,e0dab271-0dd9-4589-8b6d-c57eac0bdde0,BEV-002,6,589.92
ee1aaa98-8caf-461b-af64-9db137cbf082,ac205f9d-e631-4998-91e5-31a776bc49ea,BEV-002,2,822.84
747b5bba-2f0f-49b0-93dd-d43e6a2a02fc,49119e30-f666-4183-a00e-43a2252bf421,BEV-005,9,370.91
a8c8fd0f-4ec3-4686-ac92-56481b309c33,0b46ca8e-df1f-485c-851d-c36f9bea40bd,BEV-005,9,895.9
2ab9e2e7-db43-419b-b055-88d75d7a584d,0b321714-7595-41af-852e-f503c99f96f3,BEV-003,1,43.89
aa6bf97f-8d67-442a-bfc1-0d2bdaa29f21,30a9ab21-c410-4ecd-b3bd-533037026c76,BEV-002,1,338.52
a90fe8aa-0b30-43bf-b96f-4e39d0719905,3b6372c7-4109-4833-bdf0-40567ea89cc4,BEV-005,10,96.33
212b299a-e145-415f-9959-5a38c12b9aac,a60b443d-6f0e-4420-b762-35d43353c550,BEV-002,9,879.45
3ecaf46f-82c8-46f0-85ec-a0a80650f5de,66451541-b0ab-4bdc-bdb8-8a2755ccd149,BEV-003,1,821.78
9b19bbb2-9bb3-4247-8a5a-2b60d8af8a48,89d421d2-40e3-4b02-b7eb-1a31bb56c13f,BEV-005,7,537.28
443317be-034a-4322-b266-a8bae2d7e73f,89d421d2-40e3-4b02-b7eb-1a31bb56c13f,BEV-001,5,24.4
d1556d46-2d55-40f2-a704-f47d078a93c7,69bdf910-a363-4dec-a24a-cd7a3d32585a,BEV-001,10,502.78
bfca6196-6457-4afb-9947-901ac76411ad,94a0b02c-75b6-42e8-a75c-1adc47d229c5,BEV-005,6,181.13
09fe1e6f-dcd0-4bf2-90dd-8b73578c3e6a,94a0b02c-75b6-42e8-a75c-1adc47d229c5,JAF-002,4,987.75
0d75e866-23a4-4ba2-9311-f5e2e7b78dde,8a58f256-871e-4969-a544-b1bcdd3c69ce,BEV-003,2,362.92
d8969bfb-ff7a-4913-b8e0-fdc116efae02,8cb6ec8d-65e8-4930-8f17-0f1eba154c63,BEV-005,3,356.88
1fefea4f-7d95-4dfc-9187-2ffbfb5c6456,8cb6ec8d-65e8-4930-8f17-0f1eba154c63,BEV-002,10,996.37
0f0112b0-e4a6-4a82-8809-692fdb48e480,3b9e6dcc-bd7c-4fba-9650-d47da50b4466,BEV-003,8,100.59
f1719bd6-dacd-4d48-bced-d65b272ce63d,690f3a3f-0c23-479d-a1b2-168d56c92f32,BEV-002,2,752.86
631db100-f03b-4ce4-baae-d4d83c0f6ca2,f558d2bd-e1d5-4c27-9f66-808e3d3941eb,BEV-002,7,675.6
d2c1f9c7-fdcd-47d7-91f0-e0381048af28,794352ba-ff77-45dc-bc7c-2c85b36000fc,BEV-001,3,956.67
c2bd5eda-7314-4d7a-bfad-835535272141,7739ec1d-34a5-4b37-879c-60740fcb472f,BEV-005,2,469.27
09154e63-a082-4739-a981-a42e11d51d76,401057f1-1942-4b3d-826a-2106fe2808b3,BEV-001,10,975.48
875e4a1e-b356-4bb5-8721-f524bab75755,401057f1-1942-4b3d-826a-2106fe2808b3,BEV-004,4,336.3
ee7de5d9-841d-431a-9088-e72f9414b1f6,401057f1-1942-4b3d-826a-2106fe2808b3,JAF-005,9,687.18
37df03d2-7037-4da5-90c8-6c6744f5dd0d,3b792041-dad4-4c09-bb28-81c96d691eee,BEV-002,7,608.41
55156c02-1314-4dac-8b70-239b7ac64271,2f14ca5e-327c-4cea-a612-ecebe609caee,BEV-002,9,973.08
20a51107-0f0f-4540-a12c-d97205af6eb8,9ec1ad4c-2c67-48a4-a4e2-fe521437823e,BEV-001,5,607.08
d59cba07-3d52-4b27-b7cf-7bfa52ce70ee,e5326322-3390-445e-8a16-0d174a262768,BEV-001,1,836.79
ca8c81c0-ad0c-4033-8622-299724573efa,e48e07c6-c07e-4a9c-bff7-40dd5263852e,JAF-005,3,247.97
13b29bf7-51c9-4722-9ae6-70bcc09ec198,e48e07c6-c07e-4a9c-bff7-40dd5263852e,JAF-005,2,89.04
61bf2c22-3360-4c0f-a6f1-228e3bec82f7,0fc262ea-de61-435d-88e3-b6a669026635,BEV-004,9,850.66
f39bb0ff-09e9-4dd5-91a6-a7063fc155a5,4fb17f02-48a7-4a9a-bc2d-f6eab2ef01a6,BEV-005,2,285.81
5d58fd4c-9ff9-4610-b096-7c09d3fb1cb4,848625eb-1044-467d-8a69-a966e876fbba,BEV-001,7,635.94
9b4b4474-888e-4cbd-8548-1bbb49458c0f,8ac226db-8971-4b20-81d3-222fcbe34a35,BEV-001,5,163.6
eeee4c1f-3882-4cf3-b9b0-1bb58e92f307,8ac226db-8971-4b20-81d3-222fcbe34a35,JAF-003,2,52.37
ac0241d3-e5a9-4c59-8ad0-f741b3510385,844a64f7-ee4c-4cbf-91d3-7275b0fb602d,BEV-005,3,761.02
1edb7682-2344-476a-90aa-84ccad3609a0,57ca8c98-b5f6-4a99-89e2-916c7b8400f1,BEV-004,8,735.55
2658b5c6-ae04-4d4b-a1ff-e2004d0b09ce,555f7318-3c43-4484-9131-95cdecbc98ce,BEV-002,2,891.54
c3ff87d5-f4d4-4454-896a-3aee5e086f61,ae5ed299-3f05-481c-8c4b-69fe91812715,BEV-004,5,782.46
84047c33-f15b-43f0-9fad-dc9f1f0a10a9,f7d4f13a-69f5-472e-963a-359298e81f94,BEV-004,5,920.2
13649efd-67d4-4465-979f-1c511d7429fe,98ac379e-5f89-4a63-8550-6769ac944cd0,BEV-005,8,270.84
31d1b9c4-1b47-4040-9b3d-885bf0956dc0,98ac379e-5f89-4a63-8550-6769ac944cd0,JAF-002,5,151.35
cad71b06-b2f6-4cd8-8851-8a9ec5c59380,58d84ae4-f209-4542-90dc-b101aa813b13,JAF-005,3,805.4
5f3355f1-a843-45f5-90b2-2ea83af55a39,58d84ae4-f209-4542-90dc-b101aa813b13,JAF-002,3,382.8
1f2747ef-4d21-48a8-8dc1-8c52f4138f8b,ab0acd6c-f0a7-4921-9436-cbc378d963e0,BEV-002,4,503.17
d18bd259-c47a-437f-b59e-027ac5053cea,ecf66573-219a-41a7-a027-0a34053e53ea,BEV-003,3,487.48
dfce74c3-62d6-45ed-a17a-03bc6a267815,ecf66573-219a-41a7-a027-0a34053e53ea,JAF-002,1,432.95
3f762199-917d-4456-8fe8-f7b9ab941430,57c7d59c-1691-4a83-b264-03d12cae2292,BEV-004,9,63.07
5d73f8c8-ca6f-4baa-bb6a-b27df7384049,217524e5-57c2-4353-89d1-9784c9094757,BEV-002,8,488.07
24b7cba5-4d3e-4b52-9065-588736cae479,217524e5-57c2-4353-89d1-9784c9094757,BEV-004,3,801.52
4da43fda-ee26-44e0-870c-4ae690a17824,217524e5-57c2-4353-89d1-9784c9094757,JAF-003,1,416.12
2ccd29a1-9e3b-4d2a-89d3-0cec07883960,217524e5-57c2-4353-89d1-9784c9094757,JAF-004,8,512.21
14a293df-aba7-41cc-b8c6-01e6cedb6dac,9d5dbd40-99c3-4831-a773-22ab01905cab,BEV-002,1,676.26
2639a22e-5439-4c03-b917-2dd842fac142,9d5dbd40-99c3-4831-a773-22ab01905cab,JAF-004,3,599.96
c37b285b-d6a9-4fa4-b9d4-1b219c3c0952,204f0ae3-99c8-4990-9803-fd073f368bac,BEV-004,2,121.54
43c8b2e1-3456-42c8-b3fc-fc31689f8ed5,204f0ae3-99c8-4990-9803-fd073f368bac,JAF-003,3,328.09
3f0e928b-1f1d-4f62-b95d-35ac9078cd2f,c9cde872-8ddb-4ddd-842a-90ab82876e2c,BEV-002,9,585.01
b800ce59-c86e-49d8-aa9e-835ee69d454e,b2e47f75-2804-4264-8b55-cac1d0e3c022,BEV-005,7,140.65
ddbf0a1d-a186-4a23-8079-e92df968763c,923d7491-23fc-4dad-b625-bd49700ca622,BEV-004,7,579.53
c7057e1d-736d-4830-918b-38f070051a0b,816f9c9b-31eb-4bc8-9186-0ab6e39e2140,BEV-004,9,424.5
b6161bdb-a6b6-420c-917d-177875600dc8,816f9c9b-31eb-4bc8-9186-0ab6e39e2140,BEV-001,9,673.75
e46f7335-e31d-47c8-99d3-069018db955b,1dbb4ef8-f701-4f90-8969-9b1459873afe,BEV-005,2,657.1
2e69f2b6-ea8a-4e03-b2f8-6b1e536067e4,04b75f56-5b9d-428d-960f-f73623862d75,BEV-001,1,348.75
c6c1486d-abaf-4910-8187-46ac2b7ab04a,47099d5c-7eb7-4bc7-a28c-1689f85bb749,BEV-005,7,193.36
c63ee3d0-0b82-466c-ba8a-53a1e3c1511c,dbd633b7-6032-4224-be8c-06a44713b353,BEV-005,7,442.19
9f5cdefe-7438-4f6b-8290-c9c9811d40f3,911eb42a-65e9-4999-8ff0-bac7d54ca3c3,BEV-001,8,248.96
6189ceb9-7981-4a84-b42c-1935bc5805c0,911eb42a-65e9-4999-8ff0-bac7d54ca3c3,BEV-002,2,89.85
51557d78-6228-4560-baa0-2561648c446a,edc2b405-8f90-40d6-8643-f8bac6c8955d,BEV-001,1,948.39
53b05f7a-80d9-402d-a5d1-8641879423da,edc2b405-8f90-40d6-8643-f8bac6c8955d,JAF-001,3,317.48
a09db867-9aac-43e9-87ba-d2d0a2db213e,a43c0a3e-7c1e-425c-b5e9-f26f4e914046,BEV-001,3,713.67
eaeb97f3-3da0-4d75-94e6-0bae43982a16,2649528d-baa6-421e-aa62-2985777af56c,BEV-001,10,865.89
add353a2-ed14-41b4-bad5-ded557de9dd9,2649528d-baa6-421e-aa62-2985777af56c,BEV-001,5,686.64
f26af687-5b14-4ade-9e16-a36c51396978,70c63a99-a5c2-4400-8fac-f39990cb6fb2,BEV-002,8,983.4
3cfa7433-e808-45d3-80db-2e295f6208e0,de2aee5c-bbb0-4a54-9d10-20b25cd982e5,BEV-003,1,436.97
9cc88d89-49a2-407d-9ad2-4d275d18bbf8,208436dd-0a11-4eb5-a2a4-f9ceb9a6bbe3,BEV-003,3,498.95
cf2c7389-e5c7-438a-85a3-6831c298d2dd,208436dd-0a11-4eb5-a2a4-f9ceb9a6bbe3,JAF-005,6,114.55
ad57a5e0-49a4-4eb9-a794-dece649a467c,a37a013c-638f-472f-9a05-955bbedd7eb3,BEV-003,4,205.49
5e9ea2f2-8575-488a-948b-fa61964ec432,a37a013c-638f-472f-9a05-955bbedd7eb3,JAF-005,10,811.57
e32f91bd-8028-4868-a27d-cddda7b8426a,abba6eef-47c8-4623-be7e-f74a784f65c9,BEV-004,9,826.31
9b6087fb-cd60-4b0c-b632-106d36dab44d,a008e807-ae47-4fc6-ba1b-dd4a7495d929,BEV-001,2,515.41
b87fcf1c-218b-4bd3-a11a-b0dd50ba3dd4,10d96eea-1605-42a9-afba-52e9936fde8b,BEV-001,3,749.78
92b1430d-7cc7-4eb0-9d23-aafa1724ad72,6bcb8219-302c-4de3-8a54-ecc692fe9fad,BEV-003,2,891.39
6c4569bf-ba7e-4162-8a0e-77e72b08ff7a,95954fa7-85fa-498a-a39c-f08cdf988775,BEV-005,2,178.81
8710841d-db17-4e06-8d9e-2e9243e47bcb,9843cd10-dff9-47e3-8be9-405584e8c768,BEV-001,10,632.65
bd9d8fe7-2a6d-4be4-9241-bbd0a8c35ffc,4bd7eed2-17f5-4a57-8959-bffab22ca246,BEV-001,4,217.97
195dd5e8-53a7-45f1-b3b6-0237b4d1c2a3,92dceb7c-ef36-4a0d-8377-3adbc47b283f,BEV-004,3,556.65
8dbd1bc5-4cb3-494e-be7c-1a3477b835db,7b7c990e-f491-4972-88ac-34b16e30cbad,BEV-001,8,940.19
62bceaac-c743-470f-bae1-bab03e58d8fe,7b7c990e-f491-4972-88ac-34b16e30cbad,JAF-004,6,844.63
f1055d34-adc7-4a0f-a78f-68f620c87621,11b46bae-a8f5-423f-bf75-466ff0931e5e,BEV-002,1,245.47
95ba5769-02ea-4c8f-91f0-4105137e4786,d94af2f0-4215-4e17-b007-d33e74700ed3,BEV-001,6,265.36
8931ccf4-fc91-4428-951f-bc11b2e80f20,d94af2f0-4215-4e17-b007-d33e74700ed3,JAF-005,3,172.41
17340ec7-e077-4501-98c2-32c0c8a67d7c,3faf8ccd-ab87-4166-89a0-e4884406ee26,BEV-001,3,510.91
26a85484-b1cc-4a3f-a1c5-629f42285594,4af3868d-a98c-49ca-be27-e92c43bda1a6,BEV-004,4,40.87
55d07010-8604-49df-a4d3-9f09aea749d0,228f914d-c67c-4d20-8329-9ebb8056b4ca,BEV-005,8,554.04
b2964a83-a269-40c9-901f-9c8c703fc5bd,bf1acc59-5c5d-43f2-8289-a3cfc5968948,BEV-005,7,942.14
cf19e726-9086-41ed-b109-b02e72cddec4,7ea18dce-0f1b-4f03-b65a-ad7ff2265c3e,BEV-003,3,358.88
d300d9ec-3d17-44ce-9c0c-75d5ec13259e,fe52ff3d-697d-4119-ac57-99a9b177435c,BEV-003,1,149.67
da016a06-eefd-45e5-9044-2ec74f3efa0f,cd63b5df-e381-43e6-8e73-8a8722d67da9,BEV-003,6,286.99
7151032b-0876-4f24-b364-eb28dc06f6e9,07fae8a2-e50e-4f50-b6ab-03c9ae0d7bd0,BEV-004,1,410.22
f64c9a2c-8f2c-44ee-b60d-9e1d855cb841,07fae8a2-e50e-4f50-b6ab-03c9ae0d7bd0,JAF-004,5,505.92
dc205520-99ce-4c75-8b04-c3c1e44af0d9,07fae8a2-e50e-4f50-b6ab-03c9ae0d7bd0,JAF-004,4,151.28
98ec89e0-0653-4cf6-b0b0-47bbc44f72fa,07fae8a2-e50e-4f50-b6ab-03c9ae0d7bd0,JAF-002,6,59.3
e0da08ec-7c8b-4db3-8903-91811e718b77,efdf0058-a202-49b8-827f-805c320f05fc,BEV-001,2,877.21
ee9c8fa6-b9ee-481d-b9d0-b1e15fe3be99,f018ad63-20e0-478e-b168-0332762cce7c,BEV-005,2,471.22
e5aad1da-695a-48f7-8fb8-028e744ee919,a4f83d4a-b1bf-4b0b-b0c4-1e2f06296e35,BEV-001,5,467.56
ed21d1a9-6c1c-4f11-be33-2bb8eed8be87,a4f83d4a-b1bf-4b0b-b0c4-1e2f06296e35,JAF-004,1,549.21
97768b41-d0b3-424e-8e75-a610ee14fbbb,4f8c2c72-4dfc-44e7-9438-b64c23d553f6,BEV-003,3,560.15
10b02056-d20a-4d5e-af47-ee70bebb31e9,40582ccd-aacf-4ddd-857a-dc7de76c1573,BEV-001,10,431.45
d9f98276-b73c-4111-b53e-c5520a46225f,40582ccd-aacf-4ddd-857a-dc7de76c1573,BEV-003,6,402.64
8b0d20c7-6cb2-4590-98a9-ff59ff456c25,a548766c-b1dd-45f5-a10f-7f3eb4e701a1,BEV-005,1,940.47
bd9fca67-cf74-4468-9d4c-d6fc5863c73e,a548766c-b1dd-45f5-a10f-7f3eb4e701a1,BEV-002,2,294.01
8a6cd1ad-8ac1-423e-8a8f-504713c762dc,a548766c-b1dd-45f5-a10f-7f3eb4e701a1,JAF-005,2,819.49
6a3af188-f037-4d6b-8f9d-2ffe06182d71,03756334-2fb3-435f-8345-588a3b38657a,BEV-002,10,901.23
26b562c6-a370-474c-a8b1-cd8c95213133,03756334-2fb3-435f-8345-588a3b38657a,JAF-002,9,718.21
ae833045-ef33-4473-9f8a-794abe385813,c3d81a10-34d9-4b87-b008-2d023a690711,BEV-002,7,984.11
4a86b359-21ac-42f1-9123-ff5f4c799d6f,9746ce65-36a3-4484-8ad1-3317efd61eb9,BEV-001,2,85.91
41e789f2-3823-4ea3-8a60-76b5df526536,b4c5e783-6477-4255-92ed-088dbd4f1d88,BEV-001,1,160.97
0c03532a-a8f8-46f2-816c-3693e17e1363,67ac9395-0d85-455c-aeec-2ad7b2f7963f,BEV-003,1,103.16
0713832d-bf99-4656-958a-84614a77d7a5,2ceddd8c-7f62-487c-ae1b-568329806dd6,BEV-004,9,740.9
7bfa0652-63c4-4e9e-9847-3c3f6896a9d1,3cde7845-3b5d-40af-9fe0-4a0cd108191e,BEV-002,5,256.16
48a403d5-b111-4010-9dde-e715f4227169,2c3b708a-37e9-4ce5-adce-8edae0228d91,BEV-001,8,296.33
9e75b6aa-7cce-4173-941c-2e9ca475c90b,56ac79f7-736a-4717-bbd3-908e4e30beae,BEV-004,5,921.53
9dd78756-8e42-4b66-a2ed-75e6ff2c8369,0d2004f8-28fe-452c-9b9d-cc8ab266e347,BEV-005,2,954.98
079f4cbf-dd08-4da7-8d1d-6ce39c25990f,68a8b8cf-db85-4d45-98c6-8bc9c23b0582,BEV-005,1,771.71
4e19368b-7af9-4f06-8110-ae1dfa1c097c,349fa473-53bc-4650-9e5e-abf5a3828ea3,BEV-005,7,383.91
dfb666da-fe41-4e86-8f13-3a1e95a90bf9,349fa473-53bc-4650-9e5e-abf5a3828ea3,JAF-003,7,534.87
8c20bed0-fdc2-4c02-859a-068f3e31e1f7,bb8ddadf-11b4-4f65-afbe-78f58ccdb7d9,BEV-005,9,47.97
07957b19-4426-4825-99d1-ff59c0a25a98,49ef7b8f-d529-46d4-9299-ecd665c68ee0,BEV-003,6,909.44
0c292a41-d12c-42aa-8c2d-267ff8242362,49ef7b8f-d529-46d4-9299-ecd665c68ee0,BEV-004,6,966.54
2abba039-1154-4433-8453-8d540a85cc58,3c8de6c0-3312-4c74-ab1e-2efdfc6ea89c,BEV-005,1,953.32
71430a74-7d83-4a26-b1c7-29a19e340216,22404928-c442-452b-a837-722f93edfe52,BEV-004,2,229.43
cd0b3be9-ff00-4904-bce7-428d2e702be9,7ee10688-ba40-41d9-8a32-a0132b546272,BEV-001,3,181.96
a9da659f-d7aa-47c4-9324-35b1bbf95e5e,7ee10688-ba40-41d9-8a32-a0132b546272,JAF-005,1,304.73
b37222b7-2625-497f-ad1a-f06ede37490a,5e03cf2e-8654-4a87-b80d-b61effda3290,BEV-005,10,947.69
9e1130d4-8023-424e-94e8-ba2c5ea8fdb9,c7054ddf-92ed-47f6-8f26-1630fb10e57f,BEV-001,5,540.58
a5522744-3803-47bb-b994-dba824dd86ac,3c61e1e1-d320-4a11-a5ea-02b3e841f805,BEV-001,10,504.37
f82296bf-4cf5-4f76-ab77-248b3e5f69bf,e22af361-9495-4ad7-bac4-cc5e57a9e16c,BEV-005,8,747.13
889d28fa-462d-4d36-bf1d-c4f68f9d9fd4,e22af361-9495-4ad7-bac4-cc5e57a9e16c,JAF-003,6,176.45
f1e4ff6c-2e18-4a97-8bf4-53abe4c630e3,1c1d7022-7244-4cb1-ae00-4d14e19efd6f,BEV-005,8,302.04
13d453c2-eca9-43d6-92a9-b5df9f6f382e,bf4ac984-3795-42b6-9b81-e71705ecd5d8,BEV-003,8,380.8
35ca4506-6d73-476c-8f0d-ab225a58aa7c,27d5a4ed-c561-418d-83de-e6c770a45ccb,BEV-003,9,347.04
90ad21c9-8e71-4425-8a22-44d65df414ac,3cc1f7ee-95d2-4f39-ab46-33de8a7a2942,BEV-002,8,729.72
7cfd88d1-f0a5-4c4f-80ac-186b698a2e52,d66e89d9-582c-46fe-8731-f86e7a0adc62,BEV-004,5,884.62
1118e243-f059-4dd2-a5cb-eb009714bc0e,fdbcd0fd-dddc-4460-bf2f-7873093cebd9,BEV-003,6,606.83
c09ce454-035c-496b-9251-847fe1c52f23,89da586c-12c5-4b77-8e72-d5d29a2e778d,BEV-004,6,360.02
9fe0f0e6-6734-45ce-9b96-7d5de5f905a9,89da586c-12c5-4b77-8e72-d5d29a2e778d,JAF-005,9,272.9
55f49a04-f0b4-4faf-827b-9ea73aab2144,ad2d676d-cbd3-4420-8d06-904dc45f6e79,BEV-003,6,724.04
336bb8cd-3c3d-4bf5-81d9-4e4a0fe360ee,3bc34b85-025a-4bc0-a1d7-2e10c854c6eb,BEV-003,3,441.44
96c5d881-5ddc-487a-b7f9-523fbe67fc02,d7456490-2a6b-4971-be06-93006d51644a,BEV-005,4,336.6
0bf6eec5-fdc3-4f6d-a4c3-e1d630eb67ff,d7456490-2a6b-4971-be06-93006d51644a,JAF-004,10,257.09
d22f1b3f-9fb8-4257-9d7b-7c8ed44da186,5443e705-53a6-4719-929f-b1537f9d002e,BEV-005,3,899.95
e9508755-0301-4665-a1ff-c042f9c4d512,5443e705-53a6-4719-929f-b1537f9d002e,JAF-005,8,750.63
8ec2ab39-ee05-42c6-b893-0e1da38764f8,0500ccf2-0116-4959-aa8a-c43f8dd73a6e,BEV-001,7,221.74
b3cfceb0-445e-47f0-a168-512434def443,17959403-c27c-4a03-ae67-50dd7729e5cb,BEV-003,8,786.85
784d952e-ca2a-4bc4-a320-d951d4ada6dd,fa35cc80-9287-4b94-9434-20de8cccaf39,BEV-005,6,25.13
f3bf2659-8f73-4a19-93de-a90a8920ec74,fa35cc80-9287-4b94-9434-20de8cccaf39,BEV-001,3,834.75
baff7786-ab91-4890-9c53-1aadd62b28f0,9947ee8f-911b-4c65-bfc9-6e23d09ee8ca,BEV-002,5,82.82
fd6a01ab-7b77-4f33-8391-25f4e91e4047,4ce7b448-0b6d-4685-9d2b-460187050b42,BEV-004,3,654.95
32b1050f-ac49-456b-bf95-7d1758c51bf9,4ce7b448-0b6d-4685-9d2b-460187050b42,JAF-003,10,521.5
e5147a92-9010-4889-a7fe-6112bdcf1e61,a68bddd3-9e02-4133-93c5-c7f120822fa7,BEV-001,5,439.51
6a4a214b-57fb-4a44-8328-f7070fd6aad1,d6862760-272f-42db-b254-05d361130ccb,BEV-001,9,520.78
4d770823-2fa6-44d0-a986-2da76cb1b517,1725251d-6ce3-4fc9-a731-466c64dec1a0,BEV-003,5,551.61
d8472017-33ce-4d19-a4f4-7361a5861e69,7ca1196b-53e4-464c-b80f-5a72c24f2bc3,BEV-002,6,303.0
62d268bc-bbb1-497c-b1c6-b37acbe8547f,7ca1196b-53e4-464c-b80f-5a72c24f2bc3,JAF-001,7,329.33
afcb9841-fa51-4d46-9411-a084365830b1,aa80b645-0422-4e79-9c16-a6473cba6af5,BEV-002,1,697.73
33b55005-c3f2-41b4-ab9d-d3d2601f926d,8b68fdd8-036e-4b7c-bdf1-35357db41c34,BEV-002,8,112.7
2c0aac57-4c55-4feb-ba0c-7138eec85b04,c0cea260-c8b7-4b2a-82d5-53a11a7edadd,BEV-001,2,206.96
3d622722-9fbb-4327-a047-7e1508002cc7,c0cea260-c8b7-4b2a-82d5-53a11a7edadd,BEV-001,8,548.53
1443979b-3361-4cbf-ab9f-217dddbb52dd,dbcedb47-2099-4994-afd3-70165b45e04b,BEV-002,4,263.87
4ae80c0e-5d13-4a53-a5fc-2473eccb2f6d,8a1d16eb-1ea6-4d49-8a8d-1f9c0dad9b12,BEV-003,1,369.85
cdf19e04-b344-4210-ab6e-6fdedee7352e,6c116e75-ea2a-4934-bbf4-e84c0d496f40,BEV-001,7,741.81
f77802ac-949b-4ed3-89b3-b3fb04288a9b,c92a30fa-e58c-4fd9-882a-1e0ac0da4577,BEV-002,9,992.58
ee930b90-9e9d-4ac1-9dca-18ed45b373e8,496dbf90-e397-453b-9455-16a18a353dfa,BEV-003,9,11.66
58641069-ff51-4154-8975-ff90dac83149,e79141c2-25d7-47e1-baf3-0fcd7001223c,BEV-004,4,375.92
56d290e4-2f2e-4843-b8ba-9c3107ae0790,f24cbd66-161b-4f1a-88b8-4902017b6c1c,BEV-004,8,696.93
903f862e-e85d-494e-b6ff-316e6e516f1c,8d55ac9a-2e6b-4025-9266-a453014e7fa8,BEV-003,7,164.75
d7b94ac9-71e4-4335-92ed-3d98d358eb1e,9aa723ba-be13-4d90-8d51-98e917ff810a,JAF-004,4,846.83
29632ad3-7a44-4c90-bb7f-aba86a8a8213,26be51f2-8429-4c38-bd69-42fbb65949b9,BEV-005,8,162.42
d010b4f1-1df9-4836-b220-3727078fc677,a8b12465-d60d-4df0-812a-6e9e3e46c4ca,BEV-002,1,480.72
9c08722b-a385-447d-8b46-10f5a572ab5e,fee6f450-981f-4478-86fe-3d5fccdf75a0,BEV-004,9,33.53
9426f9c2-6dcf-4ab5-8bee-c92194b1f8e1,fee6f450-981f-4478-86fe-3d5fccdf75a0,JAF-001,4,202.36
6478d087-e429-4116-b9ba-9f337ba17d44,5d7c1076-ddc2-4455-9e29-f2e3e9ce9356,BEV-004,1,338.76
dcd49477-d642-4081-a293-73a99a42a208,5d7c1076-ddc2-4455-9e29-f2e3e9ce9356,JAF-005,9,515.46
a60b3f62-bd11-4787-a1eb-50f842ec489d,2ddeb181-17d5-40ca-b709-29b4d6521843,BEV-003,2,510.81
d4b32a8c-6ec2-4c82-9b5f-cce3f7bd85bc,168487dc-291e-48f5-989b-7155607fa06a,BEV-003,2,74.15
a2a277b1-9b55-4f9b-a5de-4bf7b1787fb6,6ec183ee-42f6-47ad-9c13-5f87ad527547,BEV-001,2,45.45
e13af806-db1c-4bbc-865d-8488f6b71cae,ed572aa3-9480-436d-afc9-1ece02ee1d41,BEV-004,8,476.14
4cafe08a-45ab-423d-b6da-0a47c2cec6d1,857b5f0b-dcf0-4618-80a3-12be394ee423,BEV-005,6,352.17
215ca0c3-2372-4949-aa8e-91a4d94d94e5,857b5f0b-dcf0-4618-80a3-12be394ee423,JAF-003,8,211.22
1d9c044b-b6b4-4073-a677-f2da5dab2720,99c286b9-89bf-4a9e-a254-ccd6dfc94794,BEV-004,3,313.3
ce276ee9-7adc-4a28-9688-cb5f93996e74,6b00f46c-5faf-4639-8a19-4d7e6f564faf,BEV-002,9,118.17
ae168945-ac3c-4200-ae43-82b71bacb7f5,691de016-5306-4e17-b3cc-3f936516380c,BEV-003,3,708.19
b61cdcbb-1efe-45cb-9837-59b7e8b4208c,691de016-5306-4e17-b3cc-3f936516380c,BEV-001,4,186.42
806a51d6-da53-4149-89c9-98de3982dc81,9b8e11fb-96ef-4c4e-8e33-73602bb4af25,BEV-003,2,445.34
4bf284c6-8ab6-4f0f-8b54-08e78bf83183,10c5e826-940d-43f8-91fe-f9913d0dbcb3,BEV-003,2,951.69
83aa7f14-7cdf-4ea9-b892-4be8e7216440,18b1a319-0a44-4d13-9597-a670f1216060,BEV-001,9,722.63
0e95d84e-c728-48a9-81ba-c3a7680e29b2,47423bc9-22ac-4e16-8385-1d1ea5314653,BEV-003,2,855.82
e9be26a2-9fb5-4b1e-8ce6-972bb4ba936a,47423bc9-22ac-4e16-8385-1d1ea5314653,JAF-003,6,576.16
baba7b49-0fbf-4e7d-aaa1-978627c089bc,a2729893-a042-4855-a007-38cdc0661591,BEV-001,5,423.04
92fc3fc2-3de0-4f1e-bdd8-441497d9c7b7,d89a8cd9-1188-4f4d-be89-6f4c52efb73e,BEV-004,10,340.92
22e9b09c-8e05-46f6-b53a-0fd7e4fe3ef6,60a99de5-e064-46d6-b87d-33a64bce3597,BEV-005,3,272.74
ef5a0bc6-784c-48de-a424-b8faa6ba5e44,f50f0a36-7859-403b-9495-7b4f8f84bcce,BEV-002,10,763.69
a79f644e-1b7d-4814-bf34-48eeb8f5f496,22d05fbc-14c4-4651-9030-4c52b30a2f03,BEV-001,6,561.41
a88a5f93-167b-469f-8a7c-274c47036ad3,5f878721-da7a-4313-9d7f-44b75e6b16e9,BEV-004,3,890.9
e1732a65-fc44-4d60-8209-6917331c2771,8b4b1393-38cc-494c-8bfe-52f4ed6825d2,BEV-003,9,796.59
905d128c-c407-42ff-a93d-2571e666caa6,6a92df75-14c6-4ba9-8804-0c32e4eb70c5,BEV-002,6,710.65
7b7def13-09b8-48d7-b742-e46ec7b50306,62a3d487-a9d4-4b88-a654-3edb313868fd,BEV-001,5,301.49
e98770ab-433c-401a-812d-2c7daacd7a74,62a3d487-a9d4-4b88-a654-3edb313868fd,JAF-005,7,285.13
edd37802-702b-4c9b-acc4-34b883683cf4,4bfd34e7-8585-40d0-87ce-7fe740bbab98,BEV-002,6,680.1
98736684-fc56-46eb-8f3f-22f50ad45b53,da0f3adf-d2c4-48aa-9088-0e5a47eb6650,BEV-005,9,985.17
280d5a2b-209a-49da-9481-a1a0801cce06,9cc19c39-0093-44f6-a316-d1cd593e6c84,BEV-005,7,338.26
049454bd-cfe9-4492-bc5d-8da08abed0b8,69535147-069a-4f40-a3cf-e0ce5a37d288,BEV-002,1,120.89
eedd5f52-eadc-41eb-bda0-30d4098ee8e7,203de254-33d4-43ed-a1c4-e3052032b93a,BEV-005,4,233.22
e955f462-043b-4634-8df2-6e9eed744e00,7439188a-b8f9-4970-8397-3156b4a2e53d,BEV-004,5,172.29
d7631bd3-47ba-40f9-8cf7-216065370598,0a3a0142-b7ca-4cf7-9df3-0889536daf37,BEV-005,2,343.08
97a5342c-bffa-4d72-859f-664677526495,f11e1b06-f5ed-4aaa-bc6c-fab7af7abd2a,BEV-001,4,477.52
0629f75b-6165-4b63-b803-091ecb918541,64787948-0389-4725-aef9-517d076c1fa0,BEV-004,1,541.61
cdf666ab-7f0c-4c5c-b887-9cd22e6fcc1a,64787948-0389-4725-aef9-517d076c1fa0,JAF-003,9,619.46
daa5d8a4-0bb3-49c3-b741-6f09b1a3e6bc,8f07c9b2-a241-43e8-8236-e6b04ed89e83,BEV-002,4,674.17
29a2a4d0-05b8-40b8-987c-304c5c84f806,8f07c9b2-a241-43e8-8236-e6b04ed89e83,BEV-003,9,472.85
0c8f1fbd-b667-474f-ac39-5b8650693512,1f1272da-5d76-42ba-9cdf-1ffc864925dd,BEV-002,3,541.99
c1e4b5d9-3b16-42b7-afe7-db48f8932372,67802558-1812-4935-9a00-c1144d848b49,BEV-002,5,78.66
0c7b7169-e07f-49e1-9244-9ce18a482149,d73bff9b-0d73-417c-ad23-6bcfe9a60833,BEV-004,6,940.59
295df7a3-97d1-4d55-be16-71bce068f584,e657ad17-e685-4f90-9745-61591b51fcea,BEV-003,5,113.0
b5b1d807-07ee-472c-9271-770766cb4bee,05613873-c269-497f-8ae5-c559db54fcce,BEV-002,2,150.2
cbf7e62a-4281-4a37-9337-bb34ede8b904,1ecbbf98-7fb8-4951-a2de-3382fb94b9de,BEV-002,10,439.85
dd037bab-c606-4f76-a493-beada8bcd8fe,bc462420-ce84-4fd6-bbc1-b7d1e9d025aa,BEV-004,8,993.78
a17591a2-3404-4c20-ad86-cb27c07cc152,5a2fb0bb-2606-4e77-bd26-0ae32e3eee1f,BEV-005,1,29.36
5ade003d-e43d-4ffb-a15b-ddd531183ee1,5a2fb0bb-2606-4e77-bd26-0ae32e3eee1f,JAF-003,1,112.39
c633f3b4-bd62-4ec2-854f-559e931c01e4,76cddddb-4123-4ec3-8d65-351fed3a4293,BEV-003,4,105.78
647afc60-33d7-4689-be41-c58f816fe048,4e481f79-b81e-4ed2-b310-9f53e283cead,BEV-003,8,112.63
daf97f67-0a7e-497e-8ece-e03fc2e1911f,4e481f79-b81e-4ed2-b310-9f53e283cead,BEV-002,6,818.31
699313e3-ebb1-4ddd-8484-1a7418ed7eab,9c90ac11-651a-4798-89a8-f948e8622a9a,BEV-003,8,270.98
e1c024f6-4eb0-487e-b4f6-86a8e11da8d1,9c90ac11-651a-4798-89a8-f948e8622a9a,BEV-001,10,164.5
700bf9eb-687d-40ed-add9-fd90d79fd325,9c90ac11-651a-4798-89a8-f948e8622a9a,JAF-005,6,415.41
2b829d1d-1a50-4849-8996-69f6c74691ff,4b99e49c-0d69-4f50-a8f4-acd1aa7ba2e1,BEV-004,10,147.63
7642b51c-1a3b-4cf7-9d65-bbd887d0d7d8,4dff5229-e4ee-4aeb-a631-525c65375b02,BEV-003,6,616.74
2380cc86-0d81-4939-8fc5-7cff42b45431,5db71e5f-926b-4a02-a62c-ef494718cb56,BEV-003,5,121.97
019922e3-c917-4b5e-a55e-b431d96d38c7,44259bd7-94d7-4058-978f-69051c5ab3c7,BEV-005,9,814.99
bcf8a36f-4fd1-4bd5-9c4f-cc729fef07cb,f3ea624b-4c57-4ca2-9da7-a9c545b4cc4e,BEV-002,7,472.57
912157b4-05a7-4fd4-8146-841961f90d6b,f3ea624b-4c57-4ca2-9da7-a9c545b4cc4e,JAF-002,2,164.26
5fa4e1dc-1ace-4421-9e77-1e465ef1e41e,82b895a3-c88b-4e54-82f2-ceac187da38b,BEV-002,2,431.4
9377c3c7-fef1-4bfd-ad60-cb747c6a9cf1,82b895a3-c88b-4e54-82f2-ceac187da38b,JAF-001,3,429.77
14f9ad7e-2587-48e1-b01a-3aab1f54c468,7ececb26-f00f-4c44-bc28-ec5f2d0e484b,BEV-001,10,678.67
bdea5e07-699e-4731-9495-41cd2a347f73,4e2abbed-acc7-4bba-8d1e-b9b8e01b63c1,JAF-005,9,407.94
820eb7c7-15ea-4876-b613-9267ee0a5159,4e2abbed-acc7-4bba-8d1e-b9b8e01b63c1,JAF-003,6,44.48
fde5be5a-7827-4276-b612-7dd00115e9cc,4e2abbed-acc7-4bba-8d1e-b9b8e01b63c1,JAF-001,7,251.16
626c92b2-2810-4108-bec5-602f617b394b,d08e7cff-1403-4c6b-8019-1e18aa6319d7,BEV-003,1,136.47
4cb556fe-1ca5-4161-a755-83ee74e706e5,26e9f420-99d8-494b-acbe-f0642d0fe37b,BEV-005,3,242.14
b2b859e4-635b-4723-b5e6-d0d61b150374,d43acd97-e507-41ff-97f7-26c85b1e37b3,BEV-004,7,960.37
73cb51a1-d92b-4b9a-9936-52ffb7b343b1,de31bb97-42f8-4507-b70f-163d5ef2e1ed,BEV-005,6,797.52
58048773-5801-43de-b3c8-0c346ed61af0,c21f1a0f-39a2-4d5f-9b13-f31aec444969,BEV-001,9,780.68
f4e0bc47-3eb4-476d-899f-1d6b77c561e4,c21f1a0f-39a2-4d5f-9b13-f31aec444969,JAF-003,6,939.51
ef7e8e4a-5629-4e89-b738-3c358c2eb1f6,b0ce4eca-1773-4058-8663-4cee64b3bf54,BEV-002,3,664.45
e77e854b-73b6-4889-acdd-760390c75612,ef7a9ad6-56da-4b4a-bbd4-290c64c2e4c8,BEV-005,8,920.29
57127e71-2891-4ae3-ad29-eb4f1df3d34c,3dae6475-e0f1-4ad0-8e50-d204c3c58535,BEV-002,9,956.23
a60f4ee0-4d01-40bd-a492-4b235e193c2a,3dae6475-e0f1-4ad0-8e50-d204c3c58535,BEV-001,2,862.99
59df1aa0-64b1-4eb7-8e1c-58d489646e71,6311a3c8-536c-4478-8302-d9d1e76a38e0,BEV-003,2,329.08
1632c8b9-1ce8-4531-b9ec-ddd0f364e11d,fb858852-8f84-4023-9c32-7dab1f667e9d,BEV-004,5,545.3
a929340a-baf3-4c39-b36c-2fa985bdbc7e,871bd68e-a428-467d-96a6-ce21f010afb1,BEV-001,6,414.9
8f1693e9-00d1-4797-8b57-14849f26b3a7,c6f43a11-2a3d-4082-b61c-d081bb3199f6,BEV-003,7,642.7
9b78fcb8-cd1c-4538-aca7-e2426257ca3a,7fbdfdeb-548b-4811-afbd-f8fbc13dc0bb,BEV-005,7,643.75
6e9d406b-0b46-49c2-aa81-42b93074be2b,48894ab2-3bdb-4870-bdac-c723ba4d2596,BEV-003,5,80.95
1e7c63d8-bf1f-4a16-8887-36dcfa6f3bac,2cff80d6-955f-487a-a661-29a00ddab604,BEV-003,9,915.86
f311a884-2cb6-474d-8a89-fb1ff1eae051,7f28b8d3-2d4a-44b9-98d5-2da0e7a04f63,BEV-005,3,602.03
2f46ed87-8cff-4ef3-9c3b-697607073ea5,8c19d7a2-4a35-49bf-b81d-317f46562084,JAF-002,2,477.47
7bab404a-f772-436e-95e2-cf43d4171973,8c19d7a2-4a35-49bf-b81d-317f46562084,JAF-002,1,68.61
4f6e37d4-3c36-469a-b9bf-cb11db31f4a4,93306592-33d7-4a95-bab5-99dfb240dcdd,BEV-004,9,279.35
0c8689f3-4c10-4cff-9361-a91f1d9267b9,1919f293-bf4b-4312-96b8-890f1cc051cb,BEV-005,5,725.44
c1b8fd43-c059-4bc9-a548-f9a1fa9fbc1b,556e49c6-8665-4d12-accf-28efceaf0a7d,BEV-004,3,208.43
691efb89-cf27-4920-972d-5f9ce9e3c101,bb14be31-db26-4916-95ef-c75f15670a0c,BEV-004,2,562.82
85385155-8fbb-4965-b40f-afe62c22c39c,bb14be31-db26-4916-95ef-c75f15670a0c,JAF-001,6,407.22
a42a450b-a124-4c7e-a231-fbee690e0181,563bf8a4-96af-4b56-8563-e1911ce5eccb,BEV-002,2,882.0
9d884594-483e-4cc6-b2fa-da2b61290b1a,319e615d-264c-41e5-94cf-505e1b829840,BEV-004,3,115.85
c500f106-d66d-4d60-a951-4c06d75ef2f8,7bd8f65d-8483-4621-a741-0fa0418d839a,BEV-004,4,640.28
619c0845-0084-43be-9d75-65ee427e1ac0,d77dc76e-2783-49f4-bd5e-188115e3d469,BEV-003,10,240.61
fd590cce-7ddc-4c00-af27-b260c3b1e823,3264951f-b07f-4325-92f1-3070f8860723,BEV-004,3,574.82
3d1a7d0d-b332-414a-bd14-4cbea4b3f7c1,d3cefe75-c64e-4264-ac53-12500625b734,BEV-002,10,658.94
92ecd01f-3a49-45d1-a872-73cbf9935193,c5ee5bbf-af9b-45f3-b945-004bb88c877e,BEV-004,4,401.98
8fadfd7d-3cc8-4391-a5d7-0289013ebe51,f5301d0a-b4c9-4a4f-b859-aa0ae07c29f6,BEV-002,2,932.36
c45b4944-ee18-4a7e-9e59-0d97906ce78f,f5301d0a-b4c9-4a4f-b859-aa0ae07c29f6,JAF-005,9,461.3
299db226-5612-4a30-9db0-449f877d2ce4,ad587a1c-28e5-4a69-b711-1b3e3f5ba7df,BEV-004,9,141.61
24475981-b303-47fa-9daa-a621c757177e,ad587a1c-28e5-4a69-b711-1b3e3f5ba7df,BEV-005,1,440.65
dc38f393-5abe-4d34-b82d-885d7d3c6315,ad587a1c-28e5-4a69-b711-1b3e3f5ba7df,JAF-002,1,642.23
a4aabce7-632b-49e5-9c54-fad0430845eb,47a3d54d-ec8c-4934-ad34-43933c657965,BEV-001,8,576.34
126c0f83-fa0f-4023-834e-aa03bb2f0f3a,671f1332-be06-4295-a5d1-41ae1b5451b4,BEV-001,5,173.65
5b875d4c-269d-46c8-a588-279210b320c3,671f1332-be06-4295-a5d1-41ae1b5451b4,BEV-004,8,860.83
7c5ba8ac-36e1-4a04-bbde-cf73b0f0bdbd,4b4297b9-e9f7-42c1-8b2f-c59deddcf574,BEV-004,5,586.57
c1109f53-a149-4e8a-95b7-1b71266562c1,bd8690e7-3e71-4b50-b351-d6a1363ca011,BEV-004,10,817.47
79d51adf-29cc-423b-8bba-3e91731a7754,689b41dc-e1ab-4125-a8ec-4e8f4960adb5,BEV-001,4,503.28
e6647bfc-8ee7-4e44-9455-fe1d67f30fdb,a498f991-a763-4c50-a14f-db6cda39e7e9,BEV-001,5,239.89
ca14a331-2bf0-4d74-b9d8-69826c44b6e5,8719f1cd-a2c4-4a90-be30-164922a19af5,BEV-003,4,371.17
640eebae-e5f7-4a82-9353-86aad858aa5a,44d1329e-f35a-4ec8-813b-0c3d813d02b7,BEV-005,7,631.78
a5ae61fc-4a8e-4ed1-bab2-735fe5426ce6,4d160c37-5e28-40b7-9b25-2af26a40532f,BEV-002,6,869.82
5bd46d38-1d15-4206-9470-737d4c8f0b2c,4d160c37-5e28-40b7-9b25-2af26a40532f,JAF-005,8,819.66
e2e6605a-6ed7-4eae-950c-991bc0b3cf23,cb0af9cd-495a-4a39-b38a-85707235822a,BEV-003,10,970.13
0d59741a-d543-4be6-8c94-4b6b721622af,f9600f0d-d48a-421e-ab14-0cf81f00d2bb,BEV-002,4,991.55
e504bd1e-d171-4d8b-9156-66ca7e403ddb,4c628156-679f-4174-be1e-7cc6bbbd6a2e,BEV-004,7,393.35
03b39c17-a84e-4c15-a201-b3a357957469,b391db5f-e1e2-4b2b-aa60-6f07b1dbee8a,BEV-004,5,517.96
670c938d-a62f-4991-9942-60b73037f16d,b891222c-e008-46d3-b282-828d75ae9b65,BEV-004,1,975.78
8bf0295b-55de-47b4-b1bb-2ef53495f714,7a6df4cc-82a5-473e-9c93-3e81e8fb33a5,BEV-001,3,880.24
05e6a749-be19-4bfb-a124-25a80b459643,71f7e8db-c663-458c-b091-1b557e1632a8,BEV-001,1,86.95
73c188e5-a1d7-4633-b367-6184ec9371cb,a29e5e7b-5412-4907-ae46-034d6c4d778a,BEV-002,3,557.54
35ba3149-5651-436d-bcd3-c56ad758cd56,a29e5e7b-5412-4907-ae46-034d6c4d778a,JAF-003,1,700.71
7ddd6f4c-7cab-4dab-ba0e-b8424dd60b46,808614a0-b799-449c-b577-2a01a8ce2f44,BEV-004,4,923.41
3850eebb-3ca7-4c1b-b942-ca6bbea9665d,33fe1049-d8f6-46a9-8f59-5944b8af5b7c,BEV-002,5,269.48
7ad5e101-0075-4d3e-8c37-62666587ced6,33fe1049-d8f6-46a9-8f59-5944b8af5b7c,JAF-002,3,275.58
a12a1b1f-2305-4f5d-a9ee-1be27d39a228,1285db81-8675-47e8-b47d-6559723779ef,BEV-005,1,37.05
7bc56132-8aa4-4424-a12b-a1d9e46d7a6c,52fd53c9-3fa2-4fbc-ad67-b5df1088ae2a,BEV-004,6,178.97
d79d0c3e-9514-4c73-9fa6-8f5eaccee93c,f76dc2e9-238a-459c-8f77-585834b87fb2,BEV-005,10,207.94
84f3e1d7-f79a-4de3-a9dd-530211b5c368,f76dc2e9-238a-459c-8f77-585834b87fb2,BEV-003,8,578.97
0529976b-616b-4b9e-995c-0d2f6af0fe6e,6df462b3-85be-419d-990c-40d9e919fd7a,BEV-002,10,907.43
4adc6a91-84bd-482a-a8b8-1bb51daa7cd3,3fd394b2-55a7-49c4-a994-64e8d3936842,BEV-005,6,830.11
0bf3b75e-2db5-4586-86cc-51b49c5e377c,fe4e6690-f63c-4e53-a703-a772cec0663a,BEV-003,5,850.74
8f6cd4c8-40d8-4459-a81a-3315f4e9292f,fe4e6690-f63c-4e53-a703-a772cec0663a,JAF-005,5,345.77
dc597472-3c09-487d-967c-8bbe3a65ab3c,ec10bdcc-a3d7-40be-86a1-3459a1c1d9fa,BEV-003,2,316.84
847c16cf-343b-4a86-b638-b80064c7b3eb,ec10bdcc-a3d7-40be-86a1-3459a1c1d9fa,JAF-001,9,628.52
3e70a664-a26f-4e62-a0f1-634b503c65b7,dbf3490f-1e5f-4d2b-9b61-667edd035023,BEV-005,10,347.14
1c1f29da-93d3-4c73-8e98-8cdcdb708eae,dbf3490f-1e5f-4d2b-9b61-667edd035023,BEV-004,7,493.28
df9ebd8b-c40d-4834-b466-c4811d090868,616f66ba-200a-41d6-a271-bd7650d0d559,BEV-001,5,927.23
ea59519a-e015-4cc4-81ea-a9cb6008c228,616f66ba-200a-41d6-a271-bd7650d0d559,JAF-004,2,426.41
a33b5aa2-91df-4fcb-b369-957e3b9e3d55,616f66ba-200a-41d6-a271-bd7650d0d559,JAF-002,6,221.57
871f17ee-2f95-4964-bc73-892738591c29,457ac47f-d1de-478e-8d1f-1544a9879369,BEV-001,10,309.88
d66e85f2-77c3-4239-9c3c-8ef5930ae27a,87a37bc6-ddc5-4828-8248-af6ec85840bf,BEV-004,8,699.84
59f30bc3-6150-4e7e-8d6c-80e911b2309c,410e94f9-02d0-4763-acee-8e25813e1743,BEV-005,2,77.68
688a1a1c-b342-4c34-8b51-0d07265546aa,2fbd512f-8bc3-47f1-b3c3-c45d6b82c185,BEV-004,5,648.99
969dcc48-0655-47b3-af62-5af367b7771e,33953739-f23b-4b43-b366-907fc81b9d9e,BEV-003,7,819.71
9689ff73-85b4-4487-853f-8a818b2354c0,33953739-f23b-4b43-b366-907fc81b9d9e,JAF-002,3,391.76
30d1985e-c292-4c0f-89ac-a2af3e5e92b7,7ffce45c-f728-4e94-8cb9-9a1b3d0f6ac9,BEV-002,4,472.67
735d3952-a5d7-4cd0-a04f-733c43150227,7a4ef645-80ea-41e5-b5d4-7d502e548888,BEV-001,9,884.17
57b0fb9b-30b1-400d-9cf6-2e12d5815fb6,6c9ff856-842d-4c01-a0f9-937af6ed3e9a,BEV-005,7,104.37
a75f0433-3d53-4fe3-8eda-c99ec1ddb5eb,9d819796-0823-464f-b642-8dcd88f89162,BEV-001,10,110.8
3cd24e9d-b13d-4c1d-addd-6773149c601d,8333dee8-4cc0-4bc2-aed5-5d76b0c6c6ab,BEV-005,4,112.98
3bf97b9f-6a9f-41a3-8f77-041fb8747686,7b3043ea-bd66-43e3-a546-69e681a09880,BEV-004,5,573.17
1bc72e12-0d25-4797-9a8d-5923a56b1175,ac27ce80-6b39-4659-b793-65c5b9539ead,BEV-001,7,603.8
df71d381-fdb5-409b-b171-c3fed5cf56f8,ff1ddae4-317a-4e34-9d1a-e367ee03c1c9,BEV-005,2,652.0
b462a5d9-0703-43c0-9efa-a31de48df556,a7a5a612-2652-4289-97e9-5d63195426b6,BEV-002,9,719.53
e701da2d-091b-48e0-ac56-d90761a3f3df,a7a5a612-2652-4289-97e9-5d63195426b6,BEV-001,4,90.35
23afa316-c2d8-4e3d-ac42-426eb6b84e5d,fdc7eb79-9775-4492-827c-739feeddef36,BEV-001,8,485.06
5e1cb24d-b772-4474-9247-ff6e7b919d78,fdc7eb79-9775-4492-827c-739feeddef36,JAF-005,6,600.89
5d32d631-cc5f-4a3f-b389-6b55bde8cccd,73f87246-5a96-416f-8fd5-f2d753961e63,BEV-005,9,130.97
171f47c8-93a8-439b-807e-4d52ee040306,378ee544-f342-405d-a431-4aabfc107522,BEV-005,8,224.71
dab5d16a-df7a-4e9a-a4d8-e4dc18ca2b72,b938fd10-2b8b-4f61-99cd-0a6b72b25af7,BEV-002,6,275.06
9b45ead9-c786-4d67-a30d-39771b04cb1c,b938fd10-2b8b-4f61-99cd-0a6b72b25af7,BEV-005,5,219.77
4ffb62a6-2c87-4882-b9df-56aec5006bb5,b938fd10-2b8b-4f61-99cd-0a6b72b25af7,JAF-005,6,33.09
da9a6edd-2100-4723-adc8-b5dc6a919baf,b938fd10-2b8b-4f61-99cd-0a6b72b25af7,JAF-003,8,163.56
261a6f15-dae3-4db3-8ff1-0f7e183899fc,b938fd10-2b8b-4f61-99cd-0a6b72b25af7,JAF-002,4,162.92
c5dfd7b3-76da-4b44-b5cd-374168ab9fc9,78e1ffc0-59bd-459a-95d6-82c05255df33,BEV-004,10,276.69
965cf954-56a7-4c79-9b10-4d19d380a021,2a5f4ab3-f306-425c-9897-7ba15bb4c25a,BEV-003,5,304.28
3dcfd021-aec1-4b9a-b977-e14a586dbb73,0e75c11d-ba6f-4123-a0a0-400af9715e6e,BEV-005,5,142.75
25a62915-3024-443b-888e-5fa7f1833aef,8b08aa9b-f7f8-46db-9cc9-883f374295ac,BEV-003,4,242.38
81a31b2b-951b-45c7-bfa0-8d802faf38a6,a67a855f-22b5-45b9-adcb-d82ebd22faa8,BEV-002,4,264.79
e81c2bdb-08e7-4670-86ad-b73bc71dee45,96b4440a-c1eb-488d-b511-e33dca47d790,BEV-003,8,782.86
87042c8d-9350-4710-86fc-b55469f1b04d,56597bdf-5c15-497f-8d2f-08abfaee1fe8,BEV-002,7,10.9
f2adb4ad-1bad-490f-963a-cbb8405507fd,c360de44-8eec-4b59-a5c3-4eb26f5fc53d,BEV-001,5,93.76
f72963b9-5114-4fb4-86c6-98d87569a165,e184af8c-74b5-48a0-92bf-1d71b030f9d3,BEV-002,5,574.8
38e5bdd6-0f40-4d91-abf1-3f5842096d80,3b709d60-15bb-436e-a0b7-e95a3f1c20ce,BEV-001,5,356.25
c7543600-3958-49d0-a2a2-315249573991,bf366f2e-e84b-4c0c-b8db-3dd965ac639d,BEV-001,7,374.22
4f6c91a6-2fcd-41e9-a5d0-720264f7c2f5,69796a6a-5bc0-4c45-a0fd-383da10a89ff,BEV-002,8,201.95
4cd0c893-fafb-4621-a91f-9bb350ed3b45,69796a6a-5bc0-4c45-a0fd-383da10a89ff,JAF-002,6,589.08
ada2b0d9-1233-4fa6-a721-755d80342562,cc26deff-7bf7-41c9-933f-61b24450f047,BEV-002,1,672.5
b8c4a6b7-e7fc-4f8a-8d9e-83f34bd7504e,cc26deff-7bf7-41c9-933f-61b24450f047,BEV-005,1,601.54
8b85fb43-c7f0-4330-b8a2-0403d79ab0e0,8832d0fc-d860-490b-86e5-f28bc7d8dc4b,BEV-004,2,508.78
511ae0fb-04e3-4d42-9e68-d6102a924aa8,5dbd6d34-e1ab-40fd-8315-508c65cc11ca,BEV-002,6,471.67
5c095f76-4e2c-4d3c-89ec-4bf185473625,5dbd6d34-e1ab-40fd-8315-508c65cc11ca,JAF-001,9,354.97
53c4cb46-d081-4361-87a2-f78d35480339,c12c0cf1-8753-49b6-a22d-b65c176a2cad,BEV-003,8,518.86
48eccf7e-e9d3-48f9-93a2-bf8424b70b82,c12c0cf1-8753-49b6-a22d-b65c176a2cad,JAF-004,3,548.03
82dae8a3-725d-4919-9a04-8406a6b440c1,d44db76b-c826-4b64-9264-9b536b54456b,BEV-004,6,960.38
6a800441-e1bb-45db-bc02-e27d123fc1cc,d6613f1a-edcd-4683-8afe-b1c51a91cacd,BEV-003,2,350.2
c93f3dd5-6dbc-47cf-904a-cbc8a2aa16f9,f6ad7ea6-667e-4d51-a9aa-b2119a884ce1,BEV-001,6,392.72
4994bf2c-82c9-4c30-ad63-2b3b0e34439c,41ffccfe-9fa3-44ba-ade0-13952468267a,BEV-002,5,45.33
45ba9b0c-a2d0-4b6b-9393-b9f8f82aefc3,c3e1a035-a9b4-4bd1-bb13-7730dbeb77eb,BEV-003,8,519.76
6f9167cc-ac4c-42c7-b8d5-10d26e1a9a9b,c6abec34-be39-4fd5-816c-c0ebceec5479,BEV-001,10,200.86
bccba573-ddff-4c66-8ef8-4da361c9dc70,c6abec34-be39-4fd5-816c-c0ebceec5479,JAF-002,7,676.88
6310bc4a-fad8-4763-a0a5-8b6a80cc900c,c18186da-71e5-4eb2-b85a-ce2314d8a460,BEV-002,2,606.6
7b409a1d-3a9b-46c6-be4d-70f156b478fe,5f7aba64-a5ce-4b96-a84e-8b9900deb0c9,JAF-005,8,626.55
e2872a75-d4ad-4d5a-afc2-bf85e014aab5,24084a05-07c6-4a29-b78f-4dc14de2450b,BEV-003,2,815.46
9b970d96-6b40-411b-8c87-fd140f6cc3d8,24084a05-07c6-4a29-b78f-4dc14de2450b,BEV-004,6,790.98
be3b5581-9776-4482-8cb7-fb94b817972e,24084a05-07c6-4a29-b78f-4dc14de2450b,JAF-004,4,295.05
d58e11b4-2447-47ba-8e66-37f89a2cb90b,5785b30c-0491-4733-91cc-4b8ec557d10a,BEV-003,7,960.24
c2552626-6808-407d-a4a2-9335bb6141fd,6109769e-3129-4cda-99ba-72157ecb96e9,BEV-003,8,536.71
e9eaeb06-aa99-435e-a0c8-d37878d08e1a,6109769e-3129-4cda-99ba-72157ecb96e9,JAF-002,1,718.83
1cb6c1a1-e19f-4c77-a01d-868000b27b6f,e95233a5-9487-4d88-abd8-7c668af85729,BEV-005,4,729.99
08eda99f-6426-4731-9a01-a8ca603a5e29,0a1872fa-b5a7-4024-acff-1fa1b20bdcd1,BEV-002,8,142.34
fe390ddf-e083-4ce4-a0b1-1f5b05558e96,0a1872fa-b5a7-4024-acff-1fa1b20bdcd1,BEV-003,7,720.78
083cc867-c67f-45c6-9ea0-8b72b100b6c5,46e24ea0-2940-4098-b81d-0fe1b4a0bd2d,BEV-003,1,573.75
59335e8e-a545-4aa7-bad5-2b8ea0528d0d,8a4eb3b7-f6b6-4071-86b1-2606b78f0a97,BEV-003,4,991.2
bf89b143-d326-4495-829c-e5514fd879d4,8a4eb3b7-f6b6-4071-86b1-2606b78f0a97,BEV-001,4,750.64
770d553d-1f54-4e94-a0d5-8d09679325c8,de2f5ce3-dad4-4bf9-b47d-818847ae5b6f,BEV-002,6,661.9
3c94412e-3e2e-4ba2-9ca7-a2e3e130b210,de2f5ce3-dad4-4bf9-b47d-818847ae5b6f,JAF-001,7,561.76
32c44c9b-ac6a-4ae0-9fd7-69c437819844,de21a6b3-9758-474e-a34e-541a46f49587,BEV-002,7,514.59
877fb0dc-9808-44fe-82fb-3b0c3d9a50ae,9e663f6b-202b-45e0-a762-e3072efe5a18,BEV-002,8,719.02
7719d4ab-ab69-44d7-94bd-77d304fc651a,ac3abb56-e830-454d-86fc-8af7a907a37d,BEV-002,6,752.77
2bb27607-f305-4bfa-a59b-4747541a7bf3,ac3abb56-e830-454d-86fc-8af7a907a37d,BEV-005,1,187.66
62bacf2f-81fd-4c66-b974-b36227133a45,ac3abb56-e830-454d-86fc-8af7a907a37d,JAF-003,8,235.09
d75e1517-253d-4bdf-9775-fb476e926396,cd25e674-a8e0-425c-978b-eeef9502bac8,BEV-002,7,530.02
e3d420c1-d84e-4913-8dba-484be254ebf2,da4db051-8cd9-42df-85cf-d4b92c0b912b,BEV-001,7,182.7
5fbeba3b-1b59-4ae3-8dae-9181f6e078e7,e9e8b011-c383-47bb-ba6c-96959c2a5f00,BEV-004,2,460.98
53730c39-ff66-4513-8591-5817a2f1b878,26f332d0-e919-45d4-ade1-34b81edd5d5c,BEV-002,1,716.99
1e9294c5-d512-4d19-996a-38b127378d68,778cc49d-d358-4ecf-b559-da843a2882bb,BEV-004,1,961.72
8d13bb64-44c8-4e17-9a31-5c073ea5e9d6,3a829253-2e13-4919-8243-1e6187aa76ea,BEV-001,9,96.27
75f4fd5d-9250-4fbf-99d2-01a126363c91,375fd3b1-ec82-4a3f-8196-1b04bae115a6,BEV-005,4,116.71
f86773db-e5ce-4107-9ec8-3896ab2b2719,d4d8b206-4bf2-4831-9d30-9b45b9c264bd,BEV-003,5,337.57
bb25d4fd-fd6d-40e9-905d-95c1119ee4bf,679c4811-6134-4eb8-aa22-7cb26ade983f,BEV-001,5,323.73
93f1f5ea-f6e3-44ad-897f-aa2410b56a8b,db5034d3-79e6-4280-a1ce-275d579a2a21,BEV-001,4,404.08
a0b66bb0-75b5-476c-b566-2313624015d2,9ec9d546-41dd-4885-afb8-3ef32d20b3f6,BEV-003,9,890.39
fefb655e-3e9f-4b90-90c4-1520450c9ef8,d91eb197-6db5-4370-8fad-579299316388,BEV-004,2,812.16
5f98221e-7b6a-4ec7-aebe-3e5f01917476,04a1b033-602c-467f-9c54-c791676c7b4a,BEV-002,5,482.16
30550609-3132-427f-9e41-27994433dbb7,6ec602ea-56a3-4e82-a481-99a4edfe685c,BEV-002,10,152.46
67b11b9f-b122-4f73-accc-20c40cef72e0,c9f3c096-fc06-4555-b343-f9d2b9b5ed34,BEV-002,7,653.4
4cc94000-7c64-49bc-b500-6bddd3e60c59,c9f3c096-fc06-4555-b343-f9d2b9b5ed34,JAF-002,10,180.33
ae15c333-7c89-4e44-a55a-64815c98715e,c1b54746-3e10-4772-ab2b-dc38de21ae82,BEV-001,10,19.11
f457647b-74a6-4bef-b16d-a527258a2f1d,c1b54746-3e10-4772-ab2b-dc38de21ae82,JAF-003,4,54.68
630f9ce3-15e6-425d-9053-14bc7f8520ba,c84525aa-bd83-48e0-9246-de4a36680069,BEV-003,7,455.73
1d9554c2-90dc-46b3-b964-478db40921aa,975235c6-bcdd-48f0-8bbc-02f4cfdc7a97,BEV-004,1,379.82
e886583f-18d1-40a5-a517-c08056c832b8,a4b5944f-cee2-44eb-9750-848d92e2fe30,BEV-001,8,909.33
1c1e2b78-2540-4fef-a5e5-7e890d51e210,8e59470d-281f-4240-8468-c4f6cefe28bc,BEV-004,10,970.7
8154756b-d2cc-4fe1-999b-08a02cf08319,e6312291-3245-4596-b8f0-3ba732193c83,BEV-003,4,342.57
cd39d9e2-4522-4d12-8a8b-5875394575be,e6312291-3245-4596-b8f0-3ba732193c83,BEV-004,3,984.3
9f4aa2db-586b-4903-9d63-f9462ffbe8a2,e6312291-3245-4596-b8f0-3ba732193c83,JAF-003,3,503.31
6c2c8e8f-0d90-4bfa-85ef-414ee51d25d7,020f76a4-c61d-4efd-904a-001ad652f444,BEV-002,10,46.8
3387927b-7cd7-45e8-ba35-13948e633c31,020f76a4-c61d-4efd-904a-001ad652f444,JAF-003,8,957.42
3d929128-6f92-4c56-b6f4-10b9f27352ae,ed41638e-3e14-4186-8495-524b29109e38,BEV-003,3,253.15
8bda49c3-6042-414e-9eab-9f2010bf834f,c9d1c2f8-3208-4b19-a5e1-7680a7dbde97,BEV-005,2,778.8
12e8187f-d9e5-43dc-9433-76b8429f3429,270e1ad4-a555-4eb6-856d-7e5ed549c5f4,BEV-004,8,130.42
de43442f-66a3-4015-a7a5-8092cb6a31ae,270e1ad4-a555-4eb6-856d-7e5ed549c5f4,JAF-004,7,79.56
4229c04d-dd7d-4bff-9a22-d68bf44ab569,5c09b2d1-8391-48f3-8ede-3458341067ec,BEV-005,4,41.85
edbca0d6-be59-4355-b29f-b062f8750bbd,6ac77fc4-9d2b-40d8-a1b3-f4c40c2c7b23,BEV-001,6,658.38
2cb3477d-09f3-4f44-bd67-9e617f2e9c7b,5cdf894f-f775-4b76-b153-7fbc7fba6407,BEV-005,10,488.93
61238efb-2b66-482d-bc81-e4573ba618ab,ad696004-92a8-4e0e-ac90-511e47d4e2cb,BEV-004,8,563.62
7efcd576-c948-4ac8-bf15-96bea63b642c,0ba76ccd-dcc6-4c97-93dc-c56902e125c7,BEV-005,8,295.31
f6d9c4ec-ce54-4f9f-9428-4a7d7bf85114,e50e851e-ae2f-49f2-92c1-2e6deb78d5fb,BEV-002,2,734.07
1ad7a15a-0085-48c3-acd2-9a543de5ca86,5f482e4d-b143-4c29-9e62-e07d9a3e026d,BEV-003,3,874.41
0dba2b0b-ae63-4100-b5e4-e7de1ec35501,38dfdfcc-d71c-4fa4-ae17-70882f5f1fa9,BEV-002,8,106.77
c7979538-777c-4397-bd68-b6a9b58068c9,38dfdfcc-d71c-4fa4-ae17-70882f5f1fa9,JAF-003,9,449.91
388048a6-d118-4967-855e-1b415012a14d,5d8924b4-c5a4-4b91-8eb4-a1dc44b7c400,BEV-003,3,196.1
38207fd6-0c89-4e69-8352-5fdfb49b972f,5d8924b4-c5a4-4b91-8eb4-a1dc44b7c400,BEV-002,2,391.11
5d0f3006-9f28-4bf2-8d30-9baf69c02078,4293d3c8-2ff5-4106-889d-b7a2f2923644,BEV-001,5,229.14
951adeca-e035-40de-b02a-1164024b8cdb,535515ea-34d0-450d-a0a3-445e8b2d0727,BEV-003,3,254.56
5d536fb8-3158-4d99-b32b-f5f629661dcd,535515ea-34d0-450d-a0a3-445e8b2d0727,JAF-002,8,205.01
e547783b-41c9-4667-a4ba-ff7befd80197,535515ea-34d0-450d-a0a3-445e8b2d0727,JAF-003,6,707.02
ed556527-c79b-4c50-a6a1-39bc84c7ac09,535515ea-34d0-450d-a0a3-445e8b2d0727,JAF-003,10,422.66
30ba4c91-4950-48ec-a1fb-dbf6e7a2c4ff,4b1546ba-2469-4036-9309-aca9714b71e1,BEV-003,5,420.32
3e6bd7f5-62c3-49dc-b7e3-cd385faa57ca,cd1a2869-ec55-40e6-b699-7b0a9d6e207d,BEV-003,4,823.61
b279ef69-fb8d-4930-b3d7-c703c1c658cd,1a3aee82-0220-4596-ac72-905fa21f0387,BEV-003,1,712.92
f02fa30e-a9ba-49fe-ad37-055b4478d0c9,35f45526-4c03-42a8-bd53-2e5d125ae3fb,BEV-005,2,580.29
e7c5ad04-22cb-45ed-8f6d-e45061fa1a15,35f45526-4c03-42a8-bd53-2e5d125ae3fb,JAF-003,5,358.26
76061bf4-58dd-4244-bbf4-461042268023,7b5bd48a-3037-48ce-abcc-072031ef2196,BEV-005,4,742.98
69133750-7a67-46d4-81c2-bf39992c8c0f,7b5bd48a-3037-48ce-abcc-072031ef2196,BEV-004,2,389.2
04b0d306-02bd-4586-8f37-4055897c51c9,7f5bf2d3-b833-4aeb-9a20-2d623c932126,BEV-005,5,920.44
092351bd-b609-45e0-8860-c86cf5b4dba4,b622f798-b6dc-4b80-9156-50a42f3aa73f,BEV-002,4,104.62
133a5ceb-0fc4-448d-adf9-b285f47f413a,b950536d-e6c7-4bfe-bab4-899e480afe67,BEV-001,1,371.08
745b6711-0fd2-4601-89a5-5fda08c44c43,9b942fe3-9376-4fa1-96bb-85950238a760,BEV-005,4,155.81
064fcebf-1a92-44c4-acc4-7c0073975483,ae37bd70-6d76-402f-b81d-01a14cb63529,BEV-002,6,195.99
21508867-4275-4cbe-9819-2dd250ca93d1,61d0536a-6251-4461-b631-f46057b21402,BEV-004,1,564.33
bf8aa3bc-8239-4b22-98a6-c15b784fa2ec,61d0536a-6251-4461-b631-f46057b21402,BEV-003,4,10.65
2f062fdc-5557-4626-9af6-3bfbfa7c25f5,2efce005-dede-4b74-888c-f73b5123cf5e,BEV-002,8,35.35
5c7f0f80-2c9d-4ed7-b8d9-ad893b5758b7,1b2cdf37-8342-458a-abcc-8d9a521089f1,BEV-002,2,147.11
33a3338c-5451-4f35-836a-7c6f341ac1c2,1b2cdf37-8342-458a-abcc-8d9a521089f1,JAF-005,9,814.83
389263ef-3d6b-46a2-9fda-df73f1ad616b,fa49d2ae-d87a-4245-89ec-fbcd40d21567,BEV-001,10,662.49
2f30ed88-2bac-4e59-8fc8-f9c7759b3604,638056f8-a97e-4d63-a5b8-24cff09442ec,BEV-002,6,937.61
6212e072-c412-4eee-bbd7-eba63253fe1e,c1f2c2fb-b986-46ad-b6a7-b6671a96053d,BEV-001,8,560.03
9ab40ccc-4086-4a3a-8931-ac5b663e613c,3d9a2bf6-0d0a-44cb-b74d-1f1b14d0ebfc,BEV-004,9,494.29
2191ea96-65d9-4388-b70a-f183cdd87cf9,bdf52251-e549-4b86-bb19-2fc630eb96f6,BEV-002,3,270.47
153b9379-e18e-4489-a596-ec407f943dca,96da19f8-8f5e-4382-aa23-d6045b43331d,BEV-005,9,647.78
aae883ac-5355-45f2-9684-03c04ffd657e,ef46f5cf-da88-4ff8-83f3-aef34dc1869b,JAF-001,6,593.27
c7c083cb-a161-40ee-a534-0d320ac25f2e,ef46f5cf-da88-4ff8-83f3-aef34dc1869b,JAF-003,8,552.83
8ada256a-cdf9-4425-b385-c77a2e369b5b,a3ee0a73-596d-4620-b468-dde8af856635,BEV-001,7,26.8
9e406c04-91e7-439b-9669-ae7757fa910f,405052a8-f52f-4c55-9709-c317d1d47cad,BEV-005,1,397.4
c5d0f067-f84f-4746-8ff5-325203509d9b,386cecdb-a750-46e5-b297-681355b2c5f9,BEV-004,6,562.07
7ad42311-4ebb-4726-91f6-f41636b5dbae,e4fa9e95-fa72-4995-b3a4-b044dbf405b2,BEV-004,3,609.25
d99fa5fb-e565-46e7-81fa-3d7fb0f44572,ffad0a5d-9d1c-4fc9-a253-983f3ae74d7f,BEV-003,5,676.6
82cc3861-f22f-4056-960d-33b5a1b90293,5a8344de-a705-4add-8ebb-1df0d37852ee,BEV-005,2,827.39
b8ac619f-f15e-4bc6-a9c8-a0703ed4e509,5a8344de-a705-4add-8ebb-1df0d37852ee,BEV-005,3,744.53
45033a55-506c-4cba-8cdc-8be0ea2ee557,864cc36f-0655-4eff-9d19-86f1f3d4cba6,BEV-005,8,259.32
6049de43-b328-4650-9b79-0d79dba90719,ca802f96-1517-4ec7-a860-2a1f928c3a2b,BEV-004,6,360.29
bf65d076-27b2-45fa-93fa-7f6b076bf3fc,20ab6dce-fadb-4327-95ac-c8dc609124a4,BEV-002,5,148.44
fe553b5f-d0d5-4d53-9254-136830551ce3,9747dc36-6ac5-43f4-b8ca-6c06effa04b1,BEV-001,3,559.76
1c703bbe-6229-443e-856c-8db04fc28f76,5c32c771-8f0e-4871-a09b-59a81027883f,BEV-005,6,349.4
bc330631-40c1-41c0-84c5-1e2c980344d7,19ea9f8c-8c22-4a35-8268-99d043b7424c,BEV-005,9,937.81
22274f05-6dbb-4b75-97c6-6efec50812e7,19ea9f8c-8c22-4a35-8268-99d043b7424c,BEV-003,2,889.75
756c22ef-6db8-48b1-be57-b33ae81f16f6,19ea9f8c-8c22-4a35-8268-99d043b7424c,BEV-004,5,875.8
f9f57e13-871f-40bc-bbc5-3573d9bde3c6,19ea9f8c-8c22-4a35-8268-99d043b7424c,JAF-004,8,128.77
6a95ff2e-06e2-419d-b493-5d0871358f6d,19ea9f8c-8c22-4a35-8268-99d043b7424c,JAF-005,6,136.16
ec3eda66-7ba1-4bf5-830a-bcef4ae032d9,bde344c7-cd77-45aa-94e9-c5b99616a6d3,BEV-001,5,693.09
4b45eeb3-32e6-469d-ac00-f8763cff93bc,c39b3a4b-0c21-4038-a30d-5e91ec075934,BEV-002,8,297.6
398d444b-103e-4fda-a89d-08a59215db0f,c39b3a4b-0c21-4038-a30d-5e91ec075934,BEV-002,2,177.84
e1a440b0-6ed5-4e93-8bdc-f6dba4920e9a,c39b3a4b-0c21-4038-a30d-5e91ec075934,BEV-005,5,159.67
1ce25777-83e4-4700-9fb6-861e44ae65d2,c39b3a4b-0c21-4038-a30d-5e91ec075934,JAF-005,1,292.61
3ceede99-8e1f-407d-b75d-63874f9a5e4c,ae112569-77cb-4d50-82a1-95c4a37253ab,BEV-003,10,781.31
bd2d634b-6488-4f4d-81a2-350683bf9090,6d52e0c3-c4e0-41d2-9b48-87a2e9cd7082,BEV-002,9,712.61
9f334155-2878-4670-ac63-0a5c1de68bbc,6855c02c-fdf5-4d3a-a7a7-d79548af7eba,BEV-001,8,644.04
ee489a90-5a61-4f74-9042-1dbc791b7d06,bbc8b24a-80e9-41d0-8287-f5e7b9e7b1e1,BEV-005,4,976.94
a8047acd-8a06-4acd-af2b-98223b034c12,ddceb916-9cb4-4d70-87ce-72fa258c4aa6,BEV-001,1,568.96
6283db19-6049-4972-805d-897a096c2712,a3896d68-aecd-46ec-b9ea-fe62a8eaa668,BEV-005,2,689.34
ed936820-8c44-41e7-84f7-5c7d9372eecf,93c380ae-a19b-40cf-bbf9-308218d341af,BEV-004,4,525.23
baf88941-d438-4aab-be25-238f715ce980,b82db008-82bc-483e-b2f5-a85a0094ccd7,BEV-003,7,237.97
7e6fa4a3-4d5b-46aa-926b-db20b14014d7,dcb7f275-8cc8-44c0-a35a-8817efa17001,BEV-003,7,631.41
d862afef-bb66-4d00-9d90-b7c61d7f78be,dcb7f275-8cc8-44c0-a35a-8817efa17001,BEV-002,9,433.39
650744bc-fe93-4573-b29d-a04227b3a18f,dcb7f275-8cc8-44c0-a35a-8817efa17001,JAF-005,5,43.45
eb23cab2-f5ea-443d-874d-d28f30116afd,e9003164-bad5-4cdb-aeec-54f863e42e83,BEV-005,3,737.81
a6dcbf4c-6c45-43de-a713-a5a2a7697ebc,e9003164-bad5-4cdb-aeec-54f863e42e83,JAF-002,10,100.84
d1789d95-8310-4ce6-9698-2ef9d992405a,fd0783cc-7712-46ef-9e22-512f55d397b5,BEV-001,10,842.6
68186ac6-9c84-4cec-af56-67162759e99e,d4f57f62-f2bd-48e6-8e6e-29c1060f660b,BEV-003,3,870.25
c0f275cb-f74f-4b9b-abab-7a90326b1847,b8bc5f78-2b57-4cd7-b191-b6e8436a48b2,BEV-005,4,814.88
289797c2-900d-44e0-965e-a2a776f3cdd3,a9cb14c7-26b9-4fec-b566-f029665dd83b,BEV-004,2,561.19
c8d75881-902f-4e3e-a8ec-519bc6df95d6,a9cb14c7-26b9-4fec-b566-f029665dd83b,BEV-005,2,376.1
5fc3aa4e-522b-4811-a754-142bb9f1282d,a9cb14c7-26b9-4fec-b566-f029665dd83b,BEV-003,3,201.87
62a04cb0-8eba-46b1-93d2-9ea5207efde2,5bf3ea80-1919-4059-a33f-0f2ff9e00400,BEV-002,3,373.3
7f1ae929-c62c-4968-87c0-e4d51f75db8c,111731d1-a632-41a5-b4ab-5f33fdb4e9f2,BEV-001,4,516.06
a39baa5d-cc29-4b9e-bcd1-c47f77af0beb,6b911a97-0e2b-42fc-9a27-d3e8309564cc,BEV-003,1,245.89
1818d518-5e18-4aaa-8db2-cfd11b2863af,ce781dec-ed02-4141-bb63-9c87b6ffa2a9,BEV-003,7,199.9
f85ace95-77ed-4f45-aa73-821282148ad0,244b4996-03be-42cb-a789-1b9fc7299064,BEV-001,5,721.47
08cfaaf4-764f-44d2-a343-3391d40c2228,6cc2e741-2c5a-4bac-867d-66de5aff34c5,BEV-003,1,724.51
aada9c50-db01-4ed7-9e8d-8cbad3240fb2,316f2f6e-84d5-445b-9326-8066d15fc91e,BEV-005,5,812.41
6e16e07b-984f-4670-ad9d-c67444eb8893,22ad9c57-8e61-41b8-8d92-03b0a8ff4fa4,BEV-003,4,482.18
8fdaef5b-2881-4cc3-a1b7-db3523c599e0,9c7838e6-e4ae-4662-a3ce-a178c0513318,BEV-005,8,281.95
2c133546-54f5-4048-ad98-0d2dbc8a4a84,9c7838e6-e4ae-4662-a3ce-a178c0513318,BEV-004,7,858.92
850817d7-a3bc-4973-903d-f8145eadcca7,6a27d326-1ee5-480d-b4a0-74802347b86f,BEV-002,9,598.87
1c8a015c-0674-4387-8c65-4bed2ae5f26c,6a27d326-1ee5-480d-b4a0-74802347b86f,JAF-005,2,273.14
163f444f-5087-442c-a1ca-87eec3b3b15e,d1a02606-12dc-49a1-b885-2fbdcd061ffc,BEV-003,10,597.67
5e4c4578-fc8d-4353-b2c2-4967a178dfae,d1a02606-12dc-49a1-b885-2fbdcd061ffc,JAF-004,8,108.87
5634c204-90c4-458c-bfe6-c8ec1e3b3053,79e973d1-4879-4d1b-b054-ae1155510781,BEV-005,8,685.94
24f9826e-f4c3-4f74-aa30-740df80ec895,d69eab04-70f1-41f7-ac31-855a396cee59,BEV-002,1,577.92
b2cb685c-0123-451a-aa74-dc1c86188ad8,8b2f0048-4589-415b-a758-6f2a923f4102,BEV-002,10,406.11
7598d9e2-6789-4ce6-9c36-0cc1e78e245b,d750125a-cc9d-4de8-ba1b-c57a1d06ecf4,BEV-005,10,99.57
98eb8487-fdc7-4817-beed-af2e2a7de73a,d750125a-cc9d-4de8-ba1b-c57a1d06ecf4,JAF-005,6,96.44
74119c08-df47-444d-a04d-4e293044c7b2,2ebc3a17-c52d-481b-b127-22f38444ea9e,BEV-004,9,527.67
a9747b48-7162-4eab-a7e7-c6ec66928c42,224cf2ab-8796-41ab-9c30-facab0da5a0d,BEV-002,10,673.75
dcac78be-60fc-4777-a9c9-c881fcb3abb8,224cf2ab-8796-41ab-9c30-facab0da5a0d,JAF-004,9,994.59
a34fe0c2-986f-4f9f-9523-c0d2075fabe9,7a24649b-303a-4358-8d79-6a241e65d356,BEV-002,1,533.23
2956797a-6129-423b-ab1e-20d34575f914,d28b90d6-c737-48cf-b138-71bb14c81620,BEV-001,4,530.7
90a80f2a-2eaf-4b43-87a1-b1f4740b1ea6,9b33decc-c589-428c-9337-a719e45e53bf,BEV-005,7,843.53
50172bf2-c61f-4f93-bacc-917094b61928,9b33decc-c589-428c-9337-a719e45e53bf,JAF-004,4,897.03
5c936e90-f688-4d01-a3b7-6bc6d45546e9,3a90c247-b2f6-43b8-bd9e-3ff6aa1a981d,BEV-005,8,367.42
29cccb88-6eca-4fb1-9758-d4f335d48faa,98e36583-85c4-462a-8f79-f2dc0c6b5d63,BEV-003,9,642.85
25d314d2-5696-4d36-a228-aefb36e2be28,78818340-afef-4277-a74c-75094ad9bc63,BEV-001,9,389.44
be9a2ac2-6590-4455-80b6-4774403b0767,1e88eb64-0f18-4548-8386-9d5220e81a8e,BEV-004,2,993.34
cf57d3fe-88ba-44f1-8fd8-f27512c630b0,1e88eb64-0f18-4548-8386-9d5220e81a8e,BEV-004,2,251.41
feb47297-5070-48cd-b047-09518f740e06,1e88eb64-0f18-4548-8386-9d5220e81a8e,JAF-003,7,759.74
0ca5a206-ed81-42cc-af93-fcd9052d33f7,18fb1335-b9b4-4aa1-9cfd-3f62bb14401b,BEV-004,4,110.62
fd5c3f67-42b9-4a57-b6a6-05ad0469b878,d04597ec-dc3c-43a8-a8a0-e98177d16da0,BEV-003,8,835.27
12434e5a-790f-40be-b5c6-a1a528a7343d,d04597ec-dc3c-43a8-a8a0-e98177d16da0,BEV-001,8,468.43
11a83685-519a-4fa4-b46f-2b656a4911db,d04597ec-dc3c-43a8-a8a0-e98177d16da0,JAF-003,9,212.28
8ec83bd2-d854-4ead-9c30-1bedc5a7c130,d04597ec-dc3c-43a8-a8a0-e98177d16da0,JAF-001,3,608.33
905fdb5f-cd92-4a5f-a2d1-f52ab0aa5060,3093b6de-d1f8-440d-a3be-a60bcbe7203d,BEV-004,2,766.86
743b0294-4289-4b13-b8ed-7773aa2e1bb1,db492df8-cd9d-478c-a04e-04c608feef46,BEV-003,7,206.34
8b385c96-bdc2-4777-b0b4-ba5cf488e556,db492df8-cd9d-478c-a04e-04c608feef46,BEV-005,3,222.88
90e60716-109f-4517-b528-f7f474467c7b,db492df8-cd9d-478c-a04e-04c608feef46,BEV-002,1,905.1
12d08531-a85b-4019-8799-34da5e7fcb7d,a145479c-bb3f-415b-a032-96a03335150c,BEV-004,10,512.44
5506bd34-2473-4af5-a8a8-5287ac230302,5a8b06b0-2b5d-4b36-bbe4-a16a67f66851,BEV-002,7,107.22
41a90190-2b19-4d0e-bb0b-6232c4a4bcff,0078198a-02b1-48eb-843e-4a878ae9274c,BEV-004,10,396.6
b8516897-83e0-46ab-ad35-8645a2f9606e,83469881-42a2-43b0-be7a-073d0f576bb5,BEV-002,10,335.26
6ad5e427-da8e-4dbf-8b8b-2815b1134996,804ecff9-43d3-4889-96b8-b4aa9d810513,BEV-005,5,119.2
8734fe21-ce28-4b86-8f50-b3442e1d1b07,804ecff9-43d3-4889-96b8-b4aa9d810513,BEV-003,5,999.87
eb35d3da-63af-474a-afae-a6b47629a8cd,804ecff9-43d3-4889-96b8-b4aa9d810513,JAF-003,6,284.81
32bd8cb1-f75d-4a51-8bf7-31fe7898b7ad,e10aa3cb-4733-4149-a4d7-032968a3a984,BEV-004,4,724.46
5ece5214-aa94-4531-8912-850f0092781f,e10aa3cb-4733-4149-a4d7-032968a3a984,JAF-002,8,932.34
ad435e4d-7a9d-49e4-9fff-9469f65ae349,33161046-9659-4087-9e24-b50625963d1e,BEV-004,8,167.77
4b8f5331-3c16-44ba-ba84-3c3250f05583,8e7818dc-58cb-4bce-8ce4-a4ed3d0b8ab2,BEV-004,4,509.16
62602021-e6ad-40d2-b31f-b4c8e7c252f6,bb9e3e85-caaf-41c0-9bc1-48c315c499d7,BEV-002,1,273.87
c325d62b-0ea3-400c-bb08-55fd742414bb,0cecd7f6-f2ac-4248-8de4-2b0b260cd370,BEV-004,8,71.57
fbdccbb4-72d1-4b4a-89c8-81fbe7871784,26402bb1-46c5-4ac1-859a-e90f2f712b4c,BEV-001,6,264.83
acaa882f-bdd9-4a6c-a822-393b914aca0b,26402bb1-46c5-4ac1-859a-e90f2f712b4c,JAF-002,4,718.03
333ed22b-7eab-4351-b7f8-8a9cb2e51d4e,ec0ac50a-ab24-430a-95a1-5950b82ee09e,BEV-002,3,925.57
9709af77-7268-47b1-9f12-6ea57c948123,7310c5ec-3ba6-4300-a9cb-58697a6efe33,BEV-003,1,166.63
545ff1ef-2649-4778-853d-5d2af3928834,fc4f84ca-ea76-4e78-89ec-efc28ffc4e65,BEV-004,5,426.59
001575e8-eca1-4f7c-88ec-080dfc50e2b9,fc4f84ca-ea76-4e78-89ec-efc28ffc4e65,JAF-005,2,183.9
a479b05f-7095-426c-af50-58a935984d66,49e0d5ec-a33c-4c60-9702-f5347bda387f,BEV-004,10,60.06
0a708a0f-cc60-456d-bc94-d4f5d503aad0,996f419c-6bb8-4a1d-81d2-73ad8c3393f0,BEV-001,5,207.78
5b50d43e-121a-4d9f-99d5-b852c8a6aba8,b09aa5dc-db5d-46ad-81a5-72ee065c2a61,BEV-005,2,133.65
ab321e94-980b-4b46-9d6a-4ab085f62b52,89c88da5-dc5b-471b-b100-03f8bf160c1c,BEV-002,8,151.72
007379ac-de3f-42f7-8ba5-5edadf65fa65,ad85dfa9-acdb-4eba-ae5b-ee2827160291,BEV-005,9,269.13
08549c70-90d1-44cb-bf32-bd929197382a,8a08ed7d-c20c-4d11-a37e-e7d435ab7fdf,BEV-001,3,229.77
1b982eb7-71a1-4224-97aa-45a47c67688d,8a08ed7d-c20c-4d11-a37e-e7d435ab7fdf,JAF-004,4,661.38
faf0cf61-2951-4527-9867-b4bb22d8c18e,688e1243-5dae-4fee-b911-3bf7e0bb355a,BEV-001,1,604.78
5fc4e33b-f3dc-4625-8244-14fd521a48cd,7304ec4a-c1c4-46aa-bb1c-b9291e40f902,BEV-001,1,669.57
e285ddbf-b55f-45d4-939c-f84a1f3bcb04,ef67219b-f493-4260-9559-78b718b7b50c,BEV-004,1,498.52
db4291ad-03f8-4894-9575-e34fee0849b1,ef67219b-f493-4260-9559-78b718b7b50c,BEV-002,8,17.56
53687ef0-0806-4dd9-995c-cc256330fc7a,287291b2-f0e4-4b00-abef-66940503679d,BEV-004,1,285.45
ead0f3e8-ab2a-457f-a046-db4687f5dbf5,287291b2-f0e4-4b00-abef-66940503679d,JAF-001,3,954.12
d31683ab-89fc-4d8d-9d3d-cd9f7c0bac9b,9dab562f-5184-4b2a-a807-8c185591ec7a,BEV-004,6,475.62
a43fa243-6827-4b13-9569-c8e517560971,9dab562f-5184-4b2a-a807-8c185591ec7a,JAF-004,2,224.93
2b1530e2-7791-4616-bc4f-2c6f053ddde6,40cc0324-4f5f-4521-a7d7-108f53b94404,BEV-001,10,506.17
385399f4-1c7c-43dd-a4ad-365eee41902f,40cc0324-4f5f-4521-a7d7-108f53b94404,JAF-001,4,470.01
0c653153-2b0d-47ff-9641-9f812a017279,83c4fd3a-367e-481f-a44d-138a8bdcce7d,BEV-005,6,306.53
affcf517-1df9-41df-9d72-3a1b6077ada0,4a9fa9d2-1ac9-4dcd-95b3-89da2ee4ce96,BEV-005,8,924.2
1556950d-0c25-4d5f-9b5f-59c2b959bdf1,91b15400-85cb-487f-8f5a-eadfaa6c09b1,BEV-004,4,377.18
46f27779-c0bc-493d-a4d8-284b38238e3f,f817c2cb-0edb-425f-9740-551bcd3d9c09,BEV-002,4,28.21
7f5acef3-af42-4686-adcf-5bdb09506e44,e006ec7d-3f62-4fed-911d-24d8d38f7de7,BEV-005,1,354.68
1555b580-08c2-40dc-a4e6-233374a51592,46b090fa-de9a-4b84-8ae8-92f9e64d3829,BEV-003,10,193.65
15457c76-2c4d-401c-a476-851d13504293,c2bc9bc0-5fe2-4677-bde6-04195b20bde5,BEV-005,10,212.34
09a0b252-487d-415a-a723-3b57aeddadab,146a7efc-9abf-4d77-9660-5e25f034f5fb,BEV-004,6,622.7
e44be8a1-5f30-4f00-a86b-ee5d786dd71b,146a7efc-9abf-4d77-9660-5e25f034f5fb,JAF-005,2,571.06
8168c9c8-95f0-443c-9f8c-b2014e11fabd,c3295f40-ec95-4fe7-ac31-24bfa7100a79,BEV-005,4,492.64
37255fc7-e5e7-4463-aa8a-19653a1d0e35,4c038e2c-3145-408b-851c-608dcf439ba7,BEV-002,5,636.71
09a20f2a-264b-4f39-bdfa-97e28af45641,a13963db-3d56-4d22-b49c-2d4a00603bdb,BEV-003,2,139.72
0c65b87e-e39e-4341-8b17-bd640f7eb25d,a13963db-3d56-4d22-b49c-2d4a00603bdb,BEV-001,7,545.7
e3d16043-853b-4748-9d4b-8c6a3e05bef0,afc38810-4847-42de-a89b-1a9d1a12ff50,BEV-004,9,831.28
2432a34b-fa0f-4966-bee6-721511e38ad1,ece5f16e-0e8f-437f-ae0b-637ef3c6e1a5,BEV-003,9,842.56
5112547c-8697-45c1-b433-d3af765a7200,f808ca89-3170-43c7-b385-e794b32c829b,BEV-001,7,930.23
871e91b6-fdb3-4371-939c-25fe983091db,cdf0ac8c-ab5a-4d0b-ab15-db345c8dd768,BEV-004,6,392.04
14ef9115-21c4-4fe8-af65-844266f949ac,cdf0ac8c-ab5a-4d0b-ab15-db345c8dd768,JAF-005,3,676.18
7899a65c-7243-4883-8f88-5ef99369dbb3,5e318809-47f8-4480-b7d0-db3e696f0d77,BEV-002,9,588.3
478db283-329c-4257-aa98-58768f86a074,0682ee11-277a-40dc-90ff-3d99a76e2169,BEV-003,8,43.8
98d8cdb7-9457-4530-9c75-b72929b64e13,729a8408-76df-4e1c-aafb-0c9207ce7dae,BEV-001,6,697.73
9efd7d87-dca4-40ec-b363-b0d76ad06399,1d73a486-c0d7-441e-9170-064572d68cb2,BEV-004,3,945.48
702cd224-339c-4547-8645-b22a7e51dc9b,7f357ccb-47bb-45ea-926f-6875d213ec90,BEV-004,1,119.1
1a9f643b-26ed-473e-bb95-cb245f55a52f,7f357ccb-47bb-45ea-926f-6875d213ec90,JAF-001,10,250.51
6b42c612-86e7-4f3a-a538-fc9ce001683f,f507f10b-7ef8-4bd3-b200-1aed5388ca57,BEV-001,6,135.77
4a678f6e-8f52-4462-aa35-fd7b023768c5,9c566304-da93-45b1-9ba4-85b27c43e961,BEV-004,3,249.78
8e35f25b-4943-4fab-b923-30a948887f70,9c566304-da93-45b1-9ba4-85b27c43e961,JAF-004,2,904.2
bddbfc57-0f48-4e28-9a00-da1334fe4b06,37c56550-0b2e-457c-806f-207fc863024f,BEV-003,5,937.42
bdefccd3-3dbf-4bcf-9d2b-2324d4e11bd1,866597fd-4918-43a9-8efa-134002205b8e,BEV-002,5,605.97
57242869-b609-4615-a1c7-d0023aa67fc9,c4d6eb02-cfc0-4338-bc41-cd81e388d24c,BEV-004,3,83.75
4ea1e209-72af-4545-ba6c-8f0eade58998,8c8d9404-8a06-45cf-bccb-a67586460f34,BEV-004,8,587.42
a20920f9-4717-46c1-8b19-843d4084741e,d9285b1c-1bb3-430a-bb46-956f676da032,BEV-003,9,833.89
9e8f7e63-1092-4b0d-94e8-e4248958a127,7f06e9fa-fe2c-487c-b721-1367cdb095c9,BEV-001,4,220.13
7ecce66b-adc3-48d5-a276-629496b8bf6a,5c48347a-3bb7-4a1c-ba82-20a9b5196b6a,BEV-004,9,784.7
3d4165e2-b616-4dce-9719-d836861b5d81,5c48347a-3bb7-4a1c-ba82-20a9b5196b6a,BEV-005,2,334.41
999ea04b-ff44-4ade-9dee-34c4b35d698a,5c48347a-3bb7-4a1c-ba82-20a9b5196b6a,JAF-004,10,712.45
0991c20b-2455-4d59-bb1f-ccfe1c5bf4c0,a3f5336b-f9d3-476a-af93-f811e1e5b7a9,BEV-005,4,782.65
8c6ccd5a-57b3-4e76-bfbf-f2fa6d5f553d,3897cb53-9101-4420-ab5d-1aef1aa01d4e,BEV-005,3,181.25
25e545aa-9cde-45cc-a1ed-b4f3b68f5302,3528f6d7-2ae6-45ce-9ade-9a865b42dfbf,BEV-003,7,52.66
ab2b3e53-07c5-4dd5-979a-74eb5909c22e,8080e463-b849-47f8-b6dd-fb6a18bceb67,BEV-003,5,943.39
11f7a98f-69bc-4c2f-8b63-0189667f28f7,8080e463-b849-47f8-b6dd-fb6a18bceb67,JAF-002,3,705.65
5385c5e1-fbcb-400a-b830-7670a79e11d2,dc566c90-9b68-4ac6-b762-0701aa391cee,BEV-003,8,134.55
4d9af54f-ae00-417a-bf36-ab9de7d0f4f3,1e20825d-e838-4aa6-be72-6af12b8bb1c0,BEV-004,4,26.54
85c89dfe-bffa-4844-b6c5-6a6af4be97c4,be54c3d1-035b-40d3-9746-28428d226184,BEV-005,3,716.27
998c433d-9e85-45fe-a444-f1579c886406,28057200-de68-4e5c-b290-347f01954390,BEV-002,7,402.67
ece840f6-5cff-4b1d-820c-f0e33a4b0532,28057200-de68-4e5c-b290-347f01954390,JAF-002,9,993.15
ad83a7cd-de9c-48ea-8865-b32c50c2fc29,07fe269d-ccdb-4239-bb8a-80afb615d8e9,BEV-002,9,132.69
68fd6d95-8902-4058-95b1-f2b448acb58c,1d3e662c-08ff-484d-a88c-fa1d84affb19,BEV-003,4,775.33
b5e46253-f65f-4207-91de-9ec311453269,1d3e662c-08ff-484d-a88c-fa1d84affb19,BEV-002,9,418.3
beed7837-9238-43d6-bb18-402213b79062,1d3e662c-08ff-484d-a88c-fa1d84affb19,JAF-004,9,375.53
f6ec9c87-4d91-4d09-8eff-800f102c97ab,32ba20da-7307-4f9e-ba4a-6adf315a9444,BEV-003,5,588.35
c498766b-3ff7-4a0b-9472-4f73152eff8b,3bfbf4f3-03eb-4f09-b67c-b98931062b1d,BEV-005,4,445.21
8ff89b6f-60db-4ceb-a330-827c028dfabc,ef7f92a3-5276-4773-a315-2a8226221e0e,BEV-003,7,118.45
894f556f-972d-4314-8642-d3da4b802461,6ec14ed4-88f9-4d96-ba50-ff6c4362324b,BEV-002,2,314.34
ee20b06b-cdf3-42bd-8951-4584ce955aa6,3ab2ae54-56d0-4ac2-9c6f-5576a387aac2,BEV-005,3,177.84
934c4c14-6aa3-45cb-81cf-d29b95395243,2d954097-e578-43ab-88dd-e4299030a9c0,BEV-001,2,760.78
3c831ba0-db88-4c32-8d39-08c0abb58e5d,1753d2dc-8955-4ba6-95e9-07dc5460abdd,BEV-001,10,271.55
2ace965c-fc4e-42fb-a2c1-07d1ab698882,3b9d3637-de71-49fc-b93d-5033656840f9,BEV-003,5,172.9
56ad9db8-4887-4527-adc0-00d52559f746,3b9d3637-de71-49fc-b93d-5033656840f9,BEV-001,9,657.81
dfc77588-cf0e-42ff-8c43-b7bfafbb9e1f,c0cc470a-132d-4287-a69e-6ba10bf1a2ec,BEV-005,10,549.86
b773a29a-0965-4320-bb02-2ce21571fbba,2e6ad4df-bf7b-49ca-8cac-dcc1bb3654d1,BEV-004,4,159.5
f04adeca-c8b5-4274-a65d-deea8035cffb,58de6cc4-74be-47fb-afd6-fd530f69bbb5,BEV-005,1,902.6
63356f97-7c2b-4323-b25f-a11ec8a1265a,3bd01a79-835f-4d53-bbc8-be812eccd114,BEV-001,1,918.33
0add1c6a-f968-4e9c-887c-8089e4b220a7,3bd01a79-835f-4d53-bbc8-be812eccd114,BEV-002,7,177.05
be2d6ee4-1b9c-4e87-8d59-c83abbd350c9,1ea59fc4-2ea1-4559-ac70-89f1a4c12374,BEV-002,4,864.82
9b09c6db-c9c3-4aae-bd59-0f5df0cccdbb,54d37e6f-72d6-42c3-b28c-1adc9f01b592,BEV-005,1,517.78
05e8b6e5-a1a8-4a9e-a321-fe3eee17ee30,413bf490-1d4e-4357-9d75-7ace8a0d8c56,BEV-005,3,65.57
7e1b8b2c-359a-47ad-aa71-2eedcc4bac40,30e69068-4ebd-4c4a-a0bb-5d2bbef876ce,BEV-005,4,44.45
6fc80c21-e381-4e83-8197-37368c1d42ec,26f05856-a23d-4e9a-90d9-969b4d1a8fbf,BEV-003,1,896.22
7f65138c-f4b3-43e6-a3f3-ad563aa01a4b,8b340c10-b577-4080-a06a-d93e5dffcd31,BEV-001,7,503.0
88f6ab73-ecf5-4f10-9fc6-ebc02a274891,3fad7798-8199-404b-ac00-e312aabd4356,BEV-004,9,611.51
702e804c-e123-447b-8610-eb65898acb8f,3fad7798-8199-404b-ac00-e312aabd4356,BEV-002,4,871.71
a4eadc21-a195-482d-84d2-29a388fdc18d,7ab16b2e-d612-4348-ac4d-8f444dbc90ad,BEV-001,5,439.89
221917e2-8ecc-4a41-9042-688c68edd888,43e1ffff-7e34-4c4c-b0de-7b32ce08052f,BEV-002,8,838.12
206d02cf-9a68-4a76-8a51-8a04b2e957d2,ef0e38fb-3ac2-4191-bae9-afdca346aa35,BEV-005,3,692.77
e5f150fb-738b-4c88-821e-db3dc485740e,65f0de51-7306-46c0-9c60-4db1a02411e2,BEV-002,1,48.06
f6d72a15-e09b-44bd-9668-eaf881e517d7,5e992e57-02c4-4030-87bf-008a6a131ce1,BEV-005,2,629.78
cb80e06f-1039-4fb7-a625-5961017ffc3b,dcc1552f-e2e1-4e02-84ec-9c0e7210e617,BEV-003,8,394.46
3076475c-1ae5-4cf2-b36b-41fd98d04266,a1b77f64-cdc4-46ad-8785-df75571c3cec,BEV-002,2,246.74
176b098d-d4e1-48b9-a99b-ecedfdfcd1e4,b96d68c6-a29a-4dca-8552-4cced2a0faa1,BEV-002,8,918.63
c8473b03-c88f-4f27-8c83-d3d35b7764e7,a84db61f-38b4-4c20-8aee-e69e29f03cd9,BEV-002,9,543.04
4b4681e9-c021-4c46-9be6-aa102858fbca,6354e96d-8202-46c9-8a19-ed66dafaa354,BEV-005,1,681.48
eea75657-621d-489d-9cd0-ea3c3e3e1af3,63f729e1-2065-493a-a444-059718c34388,BEV-005,6,10.13
11dfc641-f57a-496f-9d93-8c692d382a6a,63f729e1-2065-493a-a444-059718c34388,JAF-001,5,439.31
2e7bfa78-1d67-4ef0-b0b7-3cc6dab7a320,ebf06314-bb2b-4e22-b11a-f4ce70ae7ce9,BEV-002,4,507.75
dca56f17-3d8d-4373-949e-9f61f1feb74f,7a857b5d-22c7-45f1-a1af-999d1af7eca5,BEV-004,3,57.3
f5aa7f09-65c7-4aea-b73f-90eeca6b0ce7,7a857b5d-22c7-45f1-a1af-999d1af7eca5,BEV-002,8,343.39
b4af7839-b042-4dd4-bb7a-764008090a4b,7a857b5d-22c7-45f1-a1af-999d1af7eca5,JAF-003,3,43.93
9c246e93-6d84-4b30-8d34-f4c4dddeac5d,c6c6789b-c1b4-419b-b084-3a51cda082d7,BEV-004,6,387.62
6166555e-a452-466e-a379-22c2cf87b1df,5e3d0db5-b8fc-4033-bcc5-86d05f85623b,BEV-002,7,878.9
e12cc17e-fff8-4eb0-bfa8-fce6f2bb368b,5e3d0db5-b8fc-4033-bcc5-86d05f85623b,JAF-004,8,970.1
105f32e0-58ed-4f5b-a0ea-562b8c602251,b218e46c-0b86-41f4-a844-11868c49baa0,BEV-002,1,691.53
215076a9-2f23-4c8b-aca4-2370bfa683fa,b218e46c-0b86-41f4-a844-11868c49baa0,JAF-002,7,583.33
82dba0bc-63e7-437c-b86c-e0aa490084e7,ffb59738-f211-4101-8809-22ddcd1687d7,BEV-002,8,79.68
cdf0e8c9-fb8e-43ee-890d-2e992ad0be2c,6312195d-1e8a-4480-9dbd-8f51a6bf9254,BEV-004,6,227.15
56d09b65-2137-497e-883a-669dda645acf,6312195d-1e8a-4480-9dbd-8f51a6bf9254,BEV-005,8,475.78
b807a076-a060-4893-a92b-3c44c03a5960,b72151d6-ef06-4f95-9782-cd9b4a30818c,BEV-003,3,288.0
f410aaab-ddee-49f6-b6cf-1fea9e6b927b,e0f07adb-58e1-4476-b0b5-29047f234593,BEV-003,3,855.56
585606e0-e45c-4b47-b0dc-4d4c726fa6af,a8b1a0e3-30f9-440c-a090-0c9b6c4c1ebb,BEV-003,9,227.28
41edd754-e4e8-4ade-9319-aae297814a77,9f1f4456-ed28-4ee1-8980-949f3a734421,BEV-002,9,933.12
4742f063-5db0-4a9e-a74e-e74a67899452,9f1f4456-ed28-4ee1-8980-949f3a734421,JAF-005,1,422.4
49cd22db-bf26-4885-b39a-354c6dd05d56,feb41b9f-0a29-4aaa-9398-490643295352,BEV-002,6,753.42
35597e2f-6d3f-41af-8c3c-f5a0a76f8687,feb41b9f-0a29-4aaa-9398-490643295352,JAF-004,2,158.72
af6b3cbf-e3fe-4a16-bf78-1e15db282833,feb41b9f-0a29-4aaa-9398-490643295352,JAF-004,10,610.05
44e4c265-d0c4-47a6-82df-585aab16802a,b849afc7-5374-494d-b990-1526bd0f7802,BEV-004,3,873.22
197265f5-d8fc-4b80-869e-6b676b889ebf,5db8f384-017b-4aea-9de3-db76a75ce634,BEV-001,2,970.93
68d834ee-152b-4bbb-8d28-2c1acc2f4c38,5db8f384-017b-4aea-9de3-db76a75ce634,JAF-002,9,608.36
ac4a01ec-ce75-4663-b19f-a8f970327649,5a7ca0bd-0152-4703-bd05-7140e0671c37,BEV-004,1,907.54
e79e6298-03ce-492a-abe4-82db6aadc112,35ad102c-2e60-4902-b412-f7a234d0a14f,BEV-002,9,494.77
639e4c50-631c-4cb0-8f79-79234a90b4d8,2fa1bd1c-51b6-4a45-b947-fd1e96b6efc8,BEV-001,10,279.37
dfb56400-d58c-459a-91ca-184933a949d9,2fa1bd1c-51b6-4a45-b947-fd1e96b6efc8,JAF-004,7,71.43
ce556576-33ad-439c-936a-f3d8f79a2197,56d9f734-1894-40aa-ac06-73a1c6791b90,BEV-003,7,10.03
aa95eba0-6d35-4d40-9dba-617966264266,9a0ebf65-cba8-4516-b229-02304a673301,BEV-003,7,848.29
0d4f85f5-7776-4148-85a2-ee18a86fbc09,7ad9802d-ca0a-4daa-9d05-2ae780a9eb6a,BEV-003,10,805.09
fcce11e4-a6f5-438c-8236-29979433ee96,e6bad3e2-1055-4fcb-8d14-82a15c90d2a6,BEV-004,3,560.03
2fa9f7df-09a8-42e4-b3cb-bf8d798d3dad,3cbf3894-9187-4133-bd0d-6b2c22b9db50,BEV-001,1,705.79
2470ef7a-4b1c-44f1-9d63-87db86084296,325ef1d4-257f-4855-9567-d402c21c7b0f,BEV-001,9,395.16
08cf7a5f-1169-4306-babe-0a59b1bdffdf,8a60d5e6-dd20-4375-b42d-5c3eb5246799,BEV-005,3,31.29
a9fa5aa7-c494-494f-8c2d-4b38076bcf7c,0f48ce0b-70af-4967-a759-ce647180f36b,BEV-001,2,587.97
1bfd8ea8-3569-4e90-830a-81a264ca5736,122a5baa-5aa5-47b0-84d5-9db1d07b0bc0,BEV-003,9,19.85
2c27a7c4-8349-4898-ba6a-045a9c4e5208,03d1333b-7647-4e06-a380-f078d260551f,BEV-003,5,537.92
fa9eee9d-fe4c-4152-aa5e-1941ad6935e3,d0fb2b32-6d7d-440d-affe-be5795e36012,BEV-002,6,94.12
8a019eda-35a2-4f93-ad89-4225ec654b29,8a0b7df0-3467-43e1-bdf1-e06cd79916da,BEV-004,9,101.44
ff8ae117-19bc-45ae-80c1-d697a1ecd514,d3d6fd7d-f2bb-4f8b-946d-07aa0494c992,BEV-001,1,125.29
7c6beac3-ebd9-4441-b61b-45b6866502a4,1afd3505-e660-41a7-b58c-04f669239280,BEV-003,8,865.17
d9733aaa-ceb1-4aa0-86eb-9c84523f8cf3,1afd3505-e660-41a7-b58c-04f669239280,JAF-001,3,163.59
09b46b27-2a0f-4085-b6c9-59b60e4271fe,317c1987-2375-4fac-abbc-ae80297ead72,BEV-005,3,49.75
5ab726a5-f447-4363-9e6f-9ca65d530fef,317c1987-2375-4fac-abbc-ae80297ead72,JAF-003,4,839.51
f4c610f9-91d2-4ba3-b591-edec5bdff8ee,317c1987-2375-4fac-abbc-ae80297ead72,JAF-002,3,879.71
075c30df-c5d8-45d1-8991-bb834544c4bf,3b8af93e-d58b-469e-88ae-695ef9bbfd83,BEV-005,1,553.92
aae607ab-1775-440a-818e-6e0adf4b2fd2,b7996571-b976-4c42-b653-218eafb13c2a,BEV-005,7,295.5
989b1a81-409b-42da-919f-c1e6f4d2cf05,6436e8ed-7299-4182-a3e8-170ecbb5637b,BEV-004,2,175.93
8b7f394b-45d4-4428-a4f6-918306e1d1b5,22c547da-2acb-46b0-a73d-74f9dead7c2a,BEV-003,1,148.44
dc5935d9-6425-4128-9b81-0f7f67c29a1d,b50d1065-24d1-4c3c-8f92-99a4a7d8664e,BEV-003,10,635.43
8cef2095-3e6c-4486-9489-821ca8dee4b1,09d9eab0-dffd-4643-bc40-e640a64077df,BEV-002,6,825.67
8bc74925-9687-4c55-8370-144eae617e77,c5813d06-92f7-4855-84ef-d9d3b1c45166,BEV-001,6,770.4
2fc6016f-fe6e-4988-9d09-7608ad676dba,244cf312-74ad-4670-8190-b8180affcf8c,BEV-004,6,502.0
737109d5-8b8a-4c82-af01-efa51db464cc,e88a0c64-18c7-4513-8be1-3f7b04c524c8,BEV-003,2,355.28
8808e09c-b856-42ca-b67e-6adecde92a60,64591a42-8582-40d4-8f6c-b73c7c968ffd,BEV-003,5,977.93
483849e6-e74f-4bb5-b6dd-9b14620feea0,20c8f8d5-53cd-4aac-aeca-9cf401ca608b,BEV-003,10,861.33
56ece369-6f92-4e7a-acd8-ccd55173917e,237824a5-6b4e-4c7e-91f9-cfaf6aa9f0a8,BEV-005,3,20.47
3c210143-a5ed-4746-9d0f-55bb86667a23,68f3d2f6-d2b1-46e7-9bed-bead688cddd2,BEV-001,7,453.42
5e160c09-3500-419b-9e2b-5ab124ed0aae,68f3d2f6-d2b1-46e7-9bed-bead688cddd2,JAF-004,7,385.93
e7ff7c43-fe76-472e-81ec-126732f29d37,b99bb3bc-c5f8-4226-a387-e4aa2d4d53a8,BEV-004,9,439.01
a411d989-f819-4151-838e-4972ea073a47,9b74155a-d35b-42d3-8bb4-a70546d623ca,JAF-002,4,51.99
2598bd1c-4911-42b8-9883-b4bf01a60134,9b74155a-d35b-42d3-8bb4-a70546d623ca,JAF-003,5,911.75
01c9ee51-0974-485d-a495-7facd6d17164,aeb23ed2-ef2e-40a9-97be-3bf2bf4f575c,BEV-002,4,87.59
4553f5d1-4626-46e9-84eb-a1140420bb5c,fc02742e-324d-4303-ad83-f9f5ff026c97,BEV-001,1,237.11
c914521b-b261-4b2f-840c-ba5ee6cf367b,deb7a1a3-03d8-43d9-bcf6-10f723017210,BEV-002,4,673.76
31fe2346-275c-4661-a007-f73a9e5161cf,e285e961-61a3-4cd6-871b-8161555e16e5,BEV-003,3,311.38
276c3039-f351-4e87-a54a-3f48464020f9,5f070f49-2f19-4f9b-a5b6-d3da2ba40cf1,BEV-001,4,823.93
38806862-6593-4cea-9940-49814b2b1159,e66a2828-9cc7-4ad3-8a6e-e21dad0df45e,BEV-002,3,628.7
8765ca78-c5da-418e-b019-370f85a61168,e66a2828-9cc7-4ad3-8a6e-e21dad0df45e,JAF-002,5,532.31
8e2a3b97-1dbd-4e16-a00f-a9528903e993,9907c2cf-34a8-4149-b44f-7d04a24327b5,BEV-004,4,309.36
63e32136-758d-43a0-bd11-79e3595710c0,9907c2cf-34a8-4149-b44f-7d04a24327b5,JAF-002,10,761.86
6fc696c1-9499-4ce8-af87-b7c89fb1d6b6,d55b391c-bfd4-41e5-959b-38ece201fb6e,BEV-001,9,809.57
5e584d53-db75-4796-af51-728770357f94,d55b391c-bfd4-41e5-959b-38ece201fb6e,BEV-002,10,907.3
dc5c1e22-7e6e-4cc2-8ca3-45568a7f0b60,d55b391c-bfd4-41e5-959b-38ece201fb6e,JAF-003,4,556.85
07d5ccbd-af35-4ae9-80ad-ef68058cb841,ca992689-5047-423d-9dc8-0faae42cad04,BEV-002,3,130.58
d50a0dab-93e4-4064-91de-920c7b8cab1d,ca992689-5047-423d-9dc8-0faae42cad04,BEV-002,9,406.88
aee1943a-e397-43c4-86f3-c778f2de94d7,1ffe6d3c-c221-4017-a903-08c9420aae17,BEV-002,9,944.99
121d09eb-1fca-4743-97b0-f9e503f4ec9b,7c3bd9e8-4f85-4b73-91cc-b68a19942c83,BEV-002,7,724.28
729f1a7c-de99-4081-9594-6f6104d94d8e,331bee6c-cc28-4a32-bc48-45fc3b9aebbc,BEV-004,5,273.15
710fa073-77d6-45fe-aa1b-76274f9520fe,853171eb-0009-4f71-a0ca-092292e3d38f,BEV-001,8,172.26
716e960d-3dbf-4e98-994a-aac3de326399,853171eb-0009-4f71-a0ca-092292e3d38f,BEV-004,7,823.93
b0de7ea1-b837-4ddc-8d8a-a9522f07ca97,853171eb-0009-4f71-a0ca-092292e3d38f,JAF-005,7,842.96
b8e90c05-60ef-4205-87bc-eb8619520ecd,853171eb-0009-4f71-a0ca-092292e3d38f,JAF-005,7,188.01
190bd3e5-b409-4467-b49f-ab820a47d56b,196c694e-4747-4494-a7db-e9768790c6b2,BEV-004,3,949.22
c9812205-300e-4b3e-89d5-eb9cea970072,6d4be736-7a57-4f31-ab2b-977bdaf144bb,BEV-002,2,915.69
27b932b1-e53a-4744-9e17-ea94de283c36,cb8ce102-38f3-4f8f-8b89-d18000608c66,BEV-003,10,892.91
4bbe01f5-9f2e-4670-9ab2-7dead85b24cc,cb8ce102-38f3-4f8f-8b89-d18000608c66,JAF-005,2,705.45
7e7df0b5-fca4-492b-a439-b7371563cdca,7687f709-2200-4680-89a4-b30cee69c722,BEV-004,1,544.81
d9692b83-2375-470d-8c59-288bf0644e78,f9a63099-99d6-436d-a756-ac5daf84683e,BEV-005,3,431.85
e8116903-64d2-437a-a8ea-9ee0f985fdb5,3c2345c3-73ea-4e9b-b066-5c441ad10533,BEV-005,4,178.84
2071ed3a-14c5-4500-9d40-2a4fc725c91a,5880c362-8cfa-4d47-b526-dc228bc3f7ea,BEV-001,10,767.75
8d07b440-71ff-4237-8e0d-a5b982303b89,49afd473-8cf8-4972-b69e-7d99ec7d7a5e,BEV-004,4,635.39
6ae701cd-ba48-4659-b379-e4a3dfda4406,49afd473-8cf8-4972-b69e-7d99ec7d7a5e,JAF-002,9,332.72
78d24eee-1586-4504-851e-585e04fbbd86,4fdee326-a022-4ddc-8946-b67a831069c2,BEV-001,7,801.72
899acb3b-a1e9-48c1-9e1d-cdb177551d4c,4fdee326-a022-4ddc-8946-b67a831069c2,BEV-002,9,266.55
c4787e2a-1bce-43d1-90f0-3bffdc978517,4fdee326-a022-4ddc-8946-b67a831069c2,JAF-003,7,226.98
e1baa569-0c20-4807-b5bb-7d5987afc35e,4fdee326-a022-4ddc-8946-b67a831069c2,JAF-002,7,613.04
d8c95ff6-41db-4966-b4d0-a18d905adeeb,e7e47fe3-07af-4207-81de-7b4ec2fb44ff,BEV-004,7,249.37
620c452e-eaec-4d59-87f6-071899ec7e6e,da3c6797-bda6-4040-bba4-fa67dccef511,BEV-002,5,110.73
8379d902-8406-4c82-81db-e617b0428704,97ae5aa5-cfed-4e01-b144-907103a34e3b,BEV-002,9,645.19
d5d0b65a-bd4e-4760-a226-5da57a12b092,97ae5aa5-cfed-4e01-b144-907103a34e3b,BEV-001,6,83.39
f2352f73-d00b-4dbb-8fc1-8c65158bdebe,97ae5aa5-cfed-4e01-b144-907103a34e3b,JAF-005,1,541.9
12f69ace-befb-429f-9874-0cf56cc80f77,10aed2b3-5fe4-4600-8fb5-5d3fa6e73729,BEV-005,6,415.34
06df28f0-cf73-47e4-a9a8-62d0fd9d7380,20deff03-421f-47f3-b552-093bc6ae22ae,BEV-005,9,467.03
954b0ad4-be91-48ca-af88-f8e9d63ffe11,78fa8d2a-b26a-41d6-acbc-8b562d1b36e9,BEV-003,7,345.46
8490e5d3-09a4-473f-9741-aa9d9fedd0f3,c0471c4f-0b0c-489b-bf3c-66310496b4a9,BEV-003,1,516.98
85b2d57d-7ff1-4d58-9d5a-d6f4ace4277c,ddffc396-f8f7-4d88-b4b7-a3114f95097e,BEV-003,9,366.61
420348e0-9d00-4363-aad3-741135231348,ddffc396-f8f7-4d88-b4b7-a3114f95097e,JAF-004,2,302.3
86ff28c3-c941-4037-a241-1e7e6f5edcb4,4d2851c3-64ee-45e7-a328-7bb16925b14c,BEV-003,7,187.08
45e2e920-1101-4971-b4f6-5b312bc160c2,4d2851c3-64ee-45e7-a328-7bb16925b14c,BEV-002,7,151.62
294b5d2b-7ad9-4106-ab79-ccd4f94a4964,4d2851c3-64ee-45e7-a328-7bb16925b14c,JAF-002,1,391.32
17826265-c627-43d2-86ee-2b695519fea0,e0f7204b-5f87-4e55-87b8-2c304c71b2b9,BEV-003,6,788.89
2884249e-5980-4cf3-b60a-142d8ed21e51,a36e282f-2915-4ae3-9b0d-767c99ce8cd0,BEV-003,5,517.58
98edb618-a659-4a44-9b6b-4fafdc2b0de1,ee8147a4-00fe-41f8-a330-7b1a3b7a8b70,BEV-004,3,545.05
163fa40c-85c0-4b4a-aba3-bd2fbe3ff349,0897991e-8f95-4c7c-84a9-69e5db0aebbc,BEV-003,2,655.2
cc539524-baf9-42ef-82f7-0003d1aea303,39c8d637-a89c-4798-ace9-80c16c7bb6a9,BEV-001,6,654.68
153bad8a-0371-4cd0-9d96-ceca7e2a08fe,257675be-55b3-462e-9a57-2860b0970d80,BEV-005,10,87.65
c7147cb9-8528-40e6-b554-afba8ad3dc82,4ccc44af-9796-4617-8bc3-b8352aeef384,BEV-002,6,59.88
d5dca691-60ba-4cbf-8eff-3ce19354df41,4ccc44af-9796-4617-8bc3-b8352aeef384,JAF-001,2,975.31
4cbe2bf5-94c5-4041-b101-fffb30d398ab,0a52372a-956e-4832-89ff-03f0a04a9111,BEV-005,6,727.84
aabbb319-1cd5-49e6-b565-58376a98c990,0a52372a-956e-4832-89ff-03f0a04a9111,JAF-001,6,786.53
0ac056a9-aff2-4687-b559-97feb784c451,3f6bca7d-a46b-4bda-b510-aa3bdf853a02,BEV-002,5,742.41
dca0795a-712c-413a-9b80-889651b4ceef,3f6bca7d-a46b-4bda-b510-aa3bdf853a02,JAF-004,4,675.7
dd95bd3a-4bb9-4dcf-a128-200d3d737ba1,27129629-8c7e-4a36-a461-33a7a42ad218,BEV-005,4,553.92
ea7b1409-19db-42de-9ee9-f7551ce65d4c,27129629-8c7e-4a36-a461-33a7a42ad218,JAF-004,10,708.4
02517a99-8d5f-4341-8b1e-aea89d53e18c,40b2dfa3-19c9-4952-a93d-363241e7da2c,BEV-003,7,706.96
10f66469-95b8-4984-bafd-24aa5f3ea451,ddef5abf-d759-470f-88c8-e85c62812908,BEV-001,8,623.31
4a4a4e09-e565-498f-997e-55a335c0c536,ddef5abf-d759-470f-88c8-e85c62812908,JAF-005,10,249.61
3f79f968-2f88-4987-ab0d-a33b05f7355e,9b560fad-afcd-4888-877e-340be30a9ff3,BEV-001,2,486.66
e0015d76-b672-4b8c-b795-103a3d9725ba,4370b7de-c937-4098-9857-dbcccc0c917b,BEV-005,5,172.93
4c3f617f-cfcb-4c04-b3f7-fa92233170e1,1abbbc82-07af-4921-a3b9-e4221eeabbed,BEV-002,8,903.84
6e545bd8-1983-4f03-baba-7fbcb4d5635e,d6c91023-05ee-4255-a888-5b1a2fbfdb28,BEV-005,2,991.45
de56777d-c1a5-4815-bc1a-2e7ef57fe624,34464a64-a412-4070-9893-4e9002046efb,BEV-002,9,672.45
0a8f99f3-3153-4f98-bb44-4d67a20aa480,ec63fafa-8b36-42a3-9c56-8cb4f5aff9ab,BEV-005,2,500.19
9713ee3f-f4c9-485c-840a-2e01f56481c4,7c34a39e-91cf-4087-9674-154e3ba1bfd1,BEV-005,4,618.07
5cafdb04-b3d7-4938-8e6c-486dcf9135d4,79f5996e-9198-42d7-b759-b887b4dab4d1,BEV-004,4,812.42
39c626b3-f409-4c0a-a6bc-6dd7cf1f7ae3,54ea4040-db80-42f0-88c0-d0093c5a304d,BEV-004,1,460.46
dfdfa521-a9ff-47df-8396-06a6e30899cb,0d6da7f5-af68-4703-a493-be3e3f1f0831,BEV-001,10,69.09
49228d50-22ce-44a0-9c2e-05682bc242bd,0d7b9a9d-c974-49e3-ace8-294ade5e354b,BEV-004,1,814.32
5c958140-638b-47c9-80c4-5205a0e578c7,519caecd-216d-40fa-84dc-a36cc52d0070,BEV-005,4,878.5
dbbda500-1925-4fd6-a5e9-561fbafd0c7a,a0c15d1f-4e33-4e92-9233-00951a3eee48,BEV-004,10,583.5
260290fc-9474-403e-beff-e5bf9ba88804,a2d99c68-8705-4c85-a871-d66eed90d880,BEV-001,3,663.31
1802f9c1-9f8c-4596-9026-8770b8714172,379425e7-9dec-4366-a9c3-9fa6e49ac548,BEV-001,8,98.17
4252d9c8-98c1-4086-9a5a-5f3eb175600e,04d5ce4f-326a-4138-ad35-537505644052,BEV-001,9,256.57
9dfe1934-1168-4b80-a035-af21aea10e76,9f041948-1918-4047-8f46-9089b6faf5f7,BEV-005,2,795.59
c7fd8d19-a163-41bc-ac5e-8a532d053076,9f041948-1918-4047-8f46-9089b6faf5f7,JAF-005,6,329.92
b173a30b-6cf9-4d2c-a2d3-770b94051c29,c285ed30-8f00-4deb-b6e8-3dcf91e33b02,BEV-004,8,398.29
39a699e0-0da8-444c-9a27-c59ba57a20a2,c285ed30-8f00-4deb-b6e8-3dcf91e33b02,JAF-001,6,537.84
4b4849aa-176e-456c-b2d2-cf98962e2762,499c7afc-7278-4f07-860f-2582661f3d79,BEV-004,1,314.76
40ac7c62-fe03-4eea-9411-8e5d3b173a85,e25e983f-de30-452f-af52-a7c2bcd811b9,BEV-001,7,800.18
e4b42f64-9088-47bb-90c4-39b73e5f2f03,e3442398-9fb1-4b63-9ceb-608c87d5d9dd,BEV-005,2,833.46
5e5051e5-3472-4bc3-b5fb-d8ebf1cf5e59,e3442398-9fb1-4b63-9ceb-608c87d5d9dd,JAF-002,6,167.7
ae4cc0d4-5d4d-4564-8dff-b046df16fad8,bcd02f50-304a-4199-8b86-e793f7e71a99,BEV-004,3,315.77
db5af5de-bb90-41c2-a68e-1ff3510ca91b,e0894a8d-1012-4749-9ecc-764db1b01896,BEV-004,3,734.04
90c40aa3-c6c6-4123-8df9-d772152280a3,07fcc1d7-d0fd-4a9c-881b-bb184ea54e8e,BEV-002,1,29.84
d34721b6-a1ba-4255-86fd-cb224469b829,002874d5-ff5b-4b12-b885-ede1da09cd79,BEV-004,8,791.74
55e400e6-3f42-4534-ab1c-a5605934dfec,002874d5-ff5b-4b12-b885-ede1da09cd79,JAF-005,7,309.73
2be060ed-a241-4ecd-9ebf-6ea7d9832ad7,176e2bf8-11b9-4162-814f-726d39d77aba,BEV-005,1,233.07
ff613c84-979b-4d2d-88fe-b9cf6a1ed566,5f9357bc-3f25-4c11-9ee0-4f7379d3bb43,BEV-005,1,220.48
43506a8b-ff2f-49bc-8197-4da639f69363,5f9357bc-3f25-4c11-9ee0-4f7379d3bb43,BEV-001,9,811.1
b41eca34-df7f-4704-a226-990aa825222b,88ead193-726c-4cfe-b720-004f504beb82,BEV-001,7,483.45
8048f461-22bf-46a0-86d1-846a48e2d4c7,dbf2f52b-ef87-4301-ab0d-98cdd8005e89,BEV-005,9,112.81
cadd71ca-cd14-4066-b471-89c41aafde31,1bf1cf4a-5bb7-4b2e-b78c-9ec17e6b3256,BEV-005,10,262.1
6a3e585f-f63b-49e0-a6b6-ccc9f4fb61fc,6878fde3-f009-4d51-80ed-ba56b5c3a3d1,BEV-001,9,592.07
dbda3504-8302-41d2-b8a0-2d1bce7c52f7,17358c57-ea39-4dc4-b953-bb0e061d6789,BEV-003,3,310.44
af005448-3a9c-44f8-bc3f-024878ee22fc,e447550b-283d-4852-8899-f3ad8e041001,BEV-001,9,133.82
a1b53130-8b18-4682-bbb9-3a79c1e29000,48a54f51-f92e-4f4c-8640-6330897cce2b,BEV-001,8,130.4
c600bbae-7eb2-42c7-abd4-fcdff68f80c2,5ad817c9-75cc-4c3c-8225-39c6b300bc07,BEV-001,6,54.65
a2438a5d-f40b-463e-89e0-6e01fdd722ba,03f8d1be-0f45-4edb-b7c1-82544637a344,BEV-003,5,902.82
ec5e7d8e-684a-4ee1-b12d-8456c14f042d,0a406cc5-29a7-4e00-b455-2c1f5e922295,BEV-001,5,807.01
51a64472-2c87-4002-9ea6-892b5b71984a,7de57227-be88-48a6-a9eb-d0be4240be32,BEV-003,5,540.17
4ce4f0e1-9d62-481b-bb43-294e0677d469,d4208fd9-3f9e-450e-93a3-87ad0ab136b8,BEV-001,10,976.7
f56acb53-2c17-437f-b9be-d5a282ddaeb8,b84becdd-c4ce-42fd-9a0c-6467d7844603,BEV-004,2,729.55
1e332c30-95f8-443e-b7d3-a56378f57a2e,c2481d41-7d97-4c30-a2f7-9d68a342f939,BEV-002,1,65.04
e4cdf322-20b5-4cbd-90e9-14549a798a2e,63ea1e70-d3b6-4289-9054-2411d1a6b6a0,BEV-003,2,943.08
c1fef2a6-6233-46d7-a381-e5f12890cf19,c0bd81ec-76ea-4ceb-9c16-cbd6a51ea929,BEV-002,3,81.54
f2fd2aad-10b3-4e66-8895-e77dbe0c6c1f,210ae4e9-c054-4741-8bac-34779bd492ae,BEV-002,9,986.51
9e29a3e0-3e39-4e6b-9489-e5a838391012,e203e356-43bb-42a7-94ab-5e688641f450,BEV-001,7,155.22
545e5331-9603-4df2-bcd5-9011571ec308,abc53093-a134-4c0a-947f-edd760dac11f,BEV-005,4,431.11
69f360a8-3e51-4703-9fbb-85b6fe3b2288,2c9fa7c5-a2b6-4444-8740-f38d9f1e096f,BEV-005,10,311.78
2f61c233-5462-4b54-8bfa-613e884176ec,e05200de-4494-4128-ba31-b8e4c6ed03b8,BEV-001,5,249.26
c140704e-a880-4701-952f-5f88ce0ed50e,806c2047-90de-426c-b800-c88e26b6eee8,BEV-005,2,985.49
fd8ffd50-82a5-49e0-b0a2-71aebe12139b,bcde3322-6f7b-426d-86bc-19363fb74b3c,BEV-005,3,465.71
54d1c975-ace8-4546-b543-ae87453b9f2e,71525b43-74f2-493c-8d04-e971ccc16967,BEV-003,7,471.75
63fef59b-c5e1-4489-88f6-983a73edc564,b4711b19-c6f0-4434-b730-3ef01a52f135,BEV-005,2,163.11
b04a45c4-e67f-46fd-a144-b3ea0ff1523b,6fe70b12-516f-4b00-9e17-f783a7e73acd,BEV-001,3,859.56
4798c38e-8f3d-405e-a4d9-34b10f8300a1,6fe70b12-516f-4b00-9e17-f783a7e73acd,BEV-005,6,870.38
2fe38dd1-09b8-4bba-a507-942604e9650c,8cd6a776-46ce-4b85-b78e-09f355bc7a80,BEV-004,5,848.43
4d20e606-c61e-4a31-a684-33edfb086b8b,6d59807e-6cbd-42eb-a7f4-e1e5dfcd028b,BEV-004,2,378.07
44743628-978b-49a0-a02c-93f5ab723176,6cbb5989-6ab0-462a-b81d-6ea7c6a8dad9,BEV-004,3,476.65
3dec2dc2-a79f-4033-8b9c-1442dab6b399,f9b27f3e-d56d-438b-b976-449a956eebd6,BEV-003,5,55.78
4fb04c71-8d06-4e1f-a11f-7a2ef8b471b7,f9b27f3e-d56d-438b-b976-449a956eebd6,JAF-005,8,874.29
d8d32719-9d62-4db4-9963-171fcd7969ba,c1111499-1192-41ed-a3c5-ae431aca7771,BEV-003,2,196.49
2abb8d84-6743-4b05-8223-fad85f807b92,c1111499-1192-41ed-a3c5-ae431aca7771,JAF-003,10,941.4
997412ad-2352-4b85-a65d-b2d7301eebc9,0b528d22-41f5-4f92-8b64-862240667397,BEV-003,3,727.43
1f91f8a3-3028-43ab-bf1c-c16ca8916f30,d8884bb1-de3d-44f3-a83e-00293bc76936,BEV-003,4,813.21
f489bfaa-49aa-4d45-bc4b-b1ba360c08a2,b5ecfbcb-4221-49fb-aca5-4e15c197a052,BEV-001,1,57.09
7896b856-8da3-4bc2-97e2-192c8a016bc9,36cb205f-43e8-458b-b558-df76430e3e5b,BEV-001,8,986.88
08f78f52-9e5e-405e-bb73-f013dde13281,36cb205f-43e8-458b-b558-df76430e3e5b,JAF-003,5,912.64
50a4a456-5d6c-4549-bdaa-a823e72e22ea,eef1caf7-fbe2-46b0-beb3-3f7e0f10b528,BEV-002,2,765.25
0cb6ca7e-0f35-42d8-a817-6b67821c0cb5,5feead49-3c5d-4560-91d0-ea21a9c907d4,BEV-004,10,430.29
d8edaa6b-9a24-48be-b1e8-1317e59dc305,5feead49-3c5d-4560-91d0-ea21a9c907d4,JAF-002,4,739.63
4a75f12e-a96a-4dfa-a44b-3ea51587a490,d5b679bd-e480-4859-b3c6-d6680e740ce4,BEV-003,10,741.94
8f69e7e2-c2fc-47bf-a1c6-25db2e889e22,f7be0b3b-a2cd-4eef-879d-2fca7767f55f,BEV-001,5,248.86
35936f8d-93b0-4564-9096-d20598a6075a,cf8ffbc5-cc51-4283-b845-e0bf3a923c3f,BEV-001,1,425.37
36f0fde5-b7aa-406a-8dea-0b5cef5cc59d,aa6c4ddd-2326-41ec-8d45-3e20c7196d32,BEV-002,4,948.03
4d319eea-f9b8-4f38-b015-fc28d0f679cf,38f39fc8-a2e7-49d1-be34-268a9527b967,BEV-002,2,309.94
8314c8cd-cd64-4313-af44-616cc8edc5a0,38f39fc8-a2e7-49d1-be34-268a9527b967,JAF-001,6,561.44
e36fe63a-19a0-48af-af80-4e876e68fad8,406ae13b-8bed-4ce8-8bd0-322a6e30bc1f,BEV-002,7,250.73
f127f25e-3c82-409a-9aa9-c6a5ff5b7794,da56c265-bac1-4f92-9b15-a3b481ff6542,BEV-002,8,330.97
43439e68-1dfb-4387-975b-5ab3b0b74a21,0420b460-fc28-4a8e-a479-8a5f8b288570,BEV-001,6,445.96
e5246e5f-7ed3-460d-ad58-33f2a9864394,071455ca-3061-4637-b6b4-d8fa33b718ff,BEV-001,5,893.26
6c109be4-a546-4baa-a5ce-8a97f2792892,39786e05-d2a2-48da-b1e4-f253ef73dded,BEV-004,9,606.77
a2e67c22-a6e7-4362-a822-b76de6c217a5,38c439cb-8e2a-40b4-a1a3-277da6e0227e,BEV-001,3,988.69
6f639fdf-a730-47e9-84a0-ee6cbcf3b323,38c439cb-8e2a-40b4-a1a3-277da6e0227e,JAF-003,3,95.32
8d0f8e1f-59fb-4cfe-adb6-1d0f025c2dc3,9d627926-bf71-4d44-9a54-dc349f8e5c39,BEV-001,4,527.81
fb42c9d4-efd2-465a-b719-9ef0e22d91aa,33a476c7-7e45-47a7-aa67-edc0fe296170,BEV-001,5,826.67
6043470f-9a7c-4f51-b4ef-a2e5d7e153ed,b1859482-7272-4cc1-8c3f-786fbba10d70,BEV-005,5,731.41
5012b58b-0a69-4645-8eb8-e2960ca71465,4422252f-fce3-4f56-b024-b3c646de4255,BEV-004,5,149.77
85a11501-f83a-4052-86be-5235b9066fc1,a8bd79ee-eac0-4c14-92b7-0f7301f34170,BEV-002,10,219.13
e815421b-533d-472a-860d-a3f2830a3aa4,5c5f733b-538c-471c-be0d-e1dace43fb6c,BEV-005,8,905.91
54c653aa-0e3f-4793-8f42-a93204ba5348,5c5f733b-538c-471c-be0d-e1dace43fb6c,JAF-003,10,367.52
a1ddcbe1-3ac7-44c8-8dea-2e2676630e60,4effc15a-e167-4253-8861-99482a2d04d3,BEV-002,1,834.5
30f631e6-f6cf-461d-98f7-1544892e05a0,0e03c28c-119c-4f47-a1c7-1b9b60644d2b,BEV-002,6,779.38
73d984b2-327b-4ac2-95cb-63154068e283,900ea0ca-05a8-43a2-bbef-5f1856eaed5e,BEV-001,3,779.35
236922e2-d1cd-4583-8178-b46e942f5dd8,99c111f7-99ce-4665-9048-f01822675b75,BEV-002,4,305.05
952cf624-ef5b-48a4-b361-269297d4e895,99c111f7-99ce-4665-9048-f01822675b75,JAF-004,5,97.05
8060575d-96bb-42bb-86c2-228bb37c64cb,c2409c38-9615-4729-a155-1e2d3b5dffa6,BEV-005,9,713.18
134311b8-a7f0-4d6b-a4f1-864bf16a9616,8d097543-9055-48b1-bc0a-7329cb374d12,BEV-001,8,172.03
f359f16b-b693-41d7-b742-f71368b4188f,0e401592-0808-4cd0-a149-aec6253e320b,BEV-002,4,784.77
8f402b2b-92d1-41a5-9f20-35dca2e4dd91,0e401592-0808-4cd0-a149-aec6253e320b,BEV-005,8,776.18
3b6167f5-8c5e-4483-a8c7-3f78e6f9b9b0,b993e4e2-831d-408c-84c0-d0d78e03b273,BEV-002,7,989.07
dd82a110-c68b-47a7-a8e3-11da446a8810,5aa99996-833c-4445-92bd-8e15a08cd4db,BEV-002,10,878.24
99ade114-e3de-4bf3-8a3f-80a2d0ecb103,64af7f57-a351-4d02-8c2a-23d5a01b7705,BEV-001,2,472.8
4386c053-2d33-4ce3-a64b-a18779e5ccf0,64af7f57-a351-4d02-8c2a-23d5a01b7705,JAF-004,5,780.57
f6d0d5c7-5003-4e5d-8634-d8adf81c15a4,0bd805af-dc67-4dbf-9e7c-45e8761555d5,BEV-004,8,982.14
33e804de-73ec-499c-b12d-6086f0f9663e,bd2328cf-045d-4300-8349-966c8985b762,BEV-001,4,175.36
3790e5b0-1d4b-48bc-af00-57640b5d01b2,bd2328cf-045d-4300-8349-966c8985b762,BEV-005,5,794.05
903b15f6-717b-463d-88d6-4d96e0a94942,141f96a8-3a9b-4087-99d9-a00fd41702e4,BEV-003,1,504.44
bddf3c42-e8f7-41db-b4ae-773ea80b9a66,3f968566-0014-4c3f-a240-21ed7fb1b14b,BEV-001,8,22.96
b330f869-ea3c-40b5-adb5-03682c97c016,c255beb0-b01e-41cf-838e-d7c8548fddd1,BEV-004,5,845.39
57fb4b9c-7b04-4496-87ed-8a00fd488991,16b07be2-54ba-4ca8-88f7-03bae789da61,BEV-005,4,211.01
9c698212-d526-4f24-91c3-f7173793b77d,bc612410-fc83-41ee-9885-8a09466b9db7,BEV-003,3,531.63
8a5005f2-2719-4199-8084-41ab08352434,bc612410-fc83-41ee-9885-8a09466b9db7,BEV-003,8,25.07
b1915b8b-781d-4e74-aca9-c00860cfe178,bc612410-fc83-41ee-9885-8a09466b9db7,JAF-003,5,805.96
d39a1514-170e-4327-a072-cf7253a9edae,68f87925-61ae-4c63-9f9b-66aa48068dce,BEV-003,7,450.29
6db7fed0-57a5-4a34-bcf2-6fe18fa7478b,a55aefad-d913-43a6-af46-7a08dcc9f069,BEV-003,9,434.32
4533a09b-9eba-4775-8b50-0a1b4c6166ea,fc8f8242-df67-4dd4-bc79-2a799c9595b0,BEV-004,9,84.67
c110f163-5283-466c-b032-cfe8472c4bbb,3abdea84-8b08-44d3-a8f6-6a2f12cebe42,BEV-005,9,255.0
5d1012a6-eade-41ac-afeb-35b54a15036e,3abdea84-8b08-44d3-a8f6-6a2f12cebe42,BEV-001,4,848.33
334fdb11-84fe-4996-ad34-9ea6ea678ab1,3abdea84-8b08-44d3-a8f6-6a2f12cebe42,JAF-001,9,411.61
a78dfe5f-fdc0-4ba6-b035-ecd9f8400a38,42b287f4-f1b9-49e8-b892-5fb09abe46b1,BEV-004,7,430.15
49cd80af-a3c5-4952-a995-411af04429b9,a91157f7-7f75-4adb-a6b0-8ae439cc259b,BEV-001,9,562.9
9baca367-950b-4f61-95f6-f1cb734309f2,a91157f7-7f75-4adb-a6b0-8ae439cc259b,JAF-002,7,292.75
0446e8ce-4834-42fa-a1a2-a7f4643e045d,191320fe-09ff-41c8-8536-fa27774ea8df,BEV-004,5,550.56
7c7280e2-9e47-4b87-bb54-11ece17e802a,b5f91da3-9aa0-4256-953b-55ee8fa0fa61,BEV-002,10,690.9
839312e9-9551-4315-a1c0-7863861ec95d,ae8d7c6d-10b5-4035-99e8-a8ede5c4da57,BEV-003,5,809.01
d868abfe-df42-4f5b-a460-d471dc7dcf2c,ae8d7c6d-10b5-4035-99e8-a8ede5c4da57,BEV-005,7,486.38
3b1751e5-0831-4f52-a05c-3baa031d0f35,ae8d7c6d-10b5-4035-99e8-a8ede5c4da57,BEV-003,4,762.46
e50772a3-e377-4221-b3a3-f992f6e9af60,ae8d7c6d-10b5-4035-99e8-a8ede5c4da57,JAF-004,6,496.52
fee43456-0e69-4d3d-bfe4-5eabe7bd02af,ae8d7c6d-10b5-4035-99e8-a8ede5c4da57,JAF-004,8,33.29
7231b44b-b5ee-450d-bca8-260c67187703,dea4ee6e-f9d7-4a57-b487-f247786f80a3,BEV-001,1,311.39
6e85e205-ce04-4faf-a42e-b2e302191c06,dea4ee6e-f9d7-4a57-b487-f247786f80a3,JAF-004,3,983.75
e05f7b13-0cce-48b7-aacf-6289d0bdf258,b40c63ca-dbf9-4380-8df0-7598409a46cd,BEV-003,3,755.14
8f281010-d55c-4edd-8247-9746a56bf2bb,b40c63ca-dbf9-4380-8df0-7598409a46cd,JAF-001,5,93.78
798f5a8d-2221-410b-a945-440c18498760,e6abc92a-3137-427d-8962-1a828722d186,BEV-005,2,892.02
4eec66f3-3770-43df-ae2d-e129677d0786,59f07295-6d7a-4458-a293-d1b167e91a35,BEV-005,10,404.41
cb6a44d7-9a10-4fda-ab30-bee07e16e9d0,59f07295-6d7a-4458-a293-d1b167e91a35,JAF-005,2,240.71
8c080e39-79ad-4253-ad22-177ff2028eb4,258774a4-6400-4db1-8b01-ca8ec86c4be7,BEV-002,5,540.96
2cf9c143-779e-4512-a8f5-cad92e34cf46,845489e0-f8e5-4e07-8702-42ec5e40868e,BEV-005,3,741.05
cbfb739b-7d87-4df0-9017-3d62c3e2a479,4d4c55bc-97c5-40ec-b5fc-5a2d12b71a7d,BEV-005,1,896.61
a455186a-8a58-4211-be7f-ab38fbc97668,4d4c55bc-97c5-40ec-b5fc-5a2d12b71a7d,JAF-004,6,69.72
e6554994-8a95-435e-ac9c-864a49ad0058,308bd240-56fb-4a63-933a-cb5117d2c101,BEV-002,4,27.53
c97e5ab0-165b-45ef-bc78-3777ddf89ee2,74639790-3e1f-4847-a999-9350d7ba830f,BEV-005,7,116.09
eb8d6c15-7d1c-40a1-bd6a-29548b967ce4,3ccde4d7-2bbd-411e-a588-01c7d79efed6,BEV-004,7,919.52
a8b415bd-bc4e-4042-bd3d-7048a4807e9d,82deeadb-232a-4dd8-8f44-0e3d81ea80e1,BEV-004,9,717.66
2204fe58-3227-40ac-bc90-86d54e78f9fe,a9a6ca7f-d96f-4f01-8d8c-7926c3da09bb,BEV-001,4,580.69
7daa67c8-5e8e-40a9-9ee2-d7edaff8413a,062e6916-c4a7-4c72-a687-3d93ecff1388,BEV-002,2,499.33
bee51ee9-6536-46e6-94b6-555631f79f43,062e6916-c4a7-4c72-a687-3d93ecff1388,BEV-004,9,958.93
771c415a-e916-4f61-8326-8a25ab2d90a4,062e6916-c4a7-4c72-a687-3d93ecff1388,BEV-003,10,936.67
499c7f74-78f1-481b-a212-a3d0a0572d98,59dc9a59-7a66-4fa7-9f38-a94371f044c7,BEV-004,5,759.7
8ff5665b-b4ba-4369-be13-87913136f9d6,03b58ab1-6f23-4533-9c25-3b0848fae9bb,BEV-002,9,628.78
a240eb40-553f-4440-9405-15ce5f43f42f,03b58ab1-6f23-4533-9c25-3b0848fae9bb,JAF-005,7,825.53
8595d04f-8d3a-41cc-abb9-840b96207b24,a0939565-5597-4902-b05a-69ffa30dc230,BEV-003,6,378.29
6021f0d9-f23d-4ab2-bcb9-a1db69673a2c,a594fea7-d72e-43f2-82d9-44438b676706,BEV-004,2,442.1
9c0036c7-4d08-42c5-b9d2-dd9c92754478,f7f65d1a-24e0-461e-af4e-91d87e39fe85,BEV-003,3,755.81
d838f5ab-08fc-4afc-84f8-694bbce4e7df,6f6ae77c-c3cf-4678-a053-deb83594e245,BEV-003,4,479.39
c735efc8-b809-44cb-a4ee-dd61afb0dee8,7473908e-3cf9-4d99-a8eb-e6c075531565,BEV-004,4,231.28
3b51987c-2468-4c57-9835-fe7d7c9d7172,ee54d10a-115f-4183-83bc-7323289c61cb,BEV-004,7,65.19
f97e332f-1582-4487-bb28-a5dbe49b4bf1,4f203102-9e3a-4923-98f6-6dc04c226ede,BEV-001,8,766.57
338092ff-f878-4cd1-be70-1ed6ed00ccd7,4b58fd1d-26f0-414f-91eb-df611ab2f58c,BEV-005,7,797.18
01e644ad-176e-4166-8840-f1833ee72d4f,bc527aec-7e0a-4e75-9186-a6bfc5fa3249,BEV-001,6,510.64
3ff194ea-cbd4-4a6f-b0ef-b3136d972736,bc527aec-7e0a-4e75-9186-a6bfc5fa3249,BEV-001,10,924.56
149eeaaf-5bbb-4d98-885d-f0ac07c47b11,b7b7b5e5-7c3c-434e-897f-323646dfed26,BEV-005,6,385.88
f23c6878-630d-4a82-af54-e3b60e8cf99c,0dd45d98-e962-4171-baad-a036450eb45a,BEV-003,2,933.56
8aa1b6ea-0394-4fbd-bfe9-ad36684480c1,0dd45d98-e962-4171-baad-a036450eb45a,BEV-001,8,765.67
5e2d57e4-45a4-48b9-b6ad-43c7978b090d,0dd45d98-e962-4171-baad-a036450eb45a,JAF-002,1,960.13
53c2c21b-3ba0-41fd-87aa-674d72615330,8c2a9d64-3127-48ab-99b0-32b7130fcad4,BEV-003,10,527.01
4661e461-08fa-4bb1-a01c-135fc7dc8c7e,bc13016e-98cf-4f24-9bbd-160eeb75065e,BEV-003,8,18.17
7aa95139-366b-4760-818e-7cf72cb6ea3f,6326d289-b54f-4b80-8340-9d8a6caca82a,BEV-005,8,944.51
3f951200-3a48-4373-b40d-71b0c3edd674,843ddbc2-e607-48cc-ace6-29c0b54c4706,JAF-001,9,218.91
56618e11-7073-4cd9-9a76-4be99bcccfb0,843ddbc2-e607-48cc-ace6-29c0b54c4706,JAF-005,5,746.86
0eeb541a-5f30-4c87-8d8f-4947a8762e0e,e1bea9c1-de85-4feb-86c5-f18741093a20,BEV-004,5,665.77
d291cb70-da02-48c1-ae2e-b85794c227cc,e1bea9c1-de85-4feb-86c5-f18741093a20,BEV-003,6,916.44
2b1f3ae5-81f1-4cd7-bcc2-784352b11bb0,11c76a4d-7472-46ca-a423-f6ec834745fd,BEV-001,9,740.56
4d549629-dc0b-4b26-9344-f0c1dc844def,0ad3e28d-07ec-488d-bb93-a1e5aa830163,BEV-001,8,546.93
ac155432-ed2d-49d1-8cf1-154907c2dcca,c06192ab-409d-4040-9b7b-b3210f021b2d,BEV-002,2,270.13
5bb9dd6f-6cc2-49f9-9500-a6be365f6095,6962da1f-011f-49f4-8c48-1a5c59dd7086,BEV-002,5,50.2
39a560c7-02b6-4643-b13c-a552be113ab2,6962da1f-011f-49f4-8c48-1a5c59dd7086,JAF-004,4,519.71
1e723795-ec47-4cfe-a8bb-25fa46ce89dc,77a342f4-8622-463d-bd8a-75bed3e80fe2,JAF-001,4,243.99
84b6f908-328e-41b4-b7a5-0a37d62e1809,e06a3faa-0908-4fea-832a-3b84c72cfec7,BEV-001,1,575.48
5697f218-ea5c-4f98-b06d-dad364ed0fbc,34a3690c-c301-4938-bdd2-15fe379b6ea5,BEV-003,10,659.22
2dc58141-0cce-4426-a4fa-f831ebd957d1,50329570-5796-4423-9ec2-d635b97cbaa0,BEV-002,7,15.13
42d33701-3d00-4504-b0fa-498f124174dd,50329570-5796-4423-9ec2-d635b97cbaa0,JAF-001,5,536.95
074d4c1a-8666-4985-8194-bd91ff853eba,bd12e7dd-d606-4a3f-a6be-73be50204ecc,BEV-003,10,424.55
79f044d8-28c5-4643-a99a-0999ffde5199,4b88c22a-160b-485a-9e5d-8055351f3085,BEV-003,9,227.89
34d87005-39da-406b-be51-5aee39019feb,4b88c22a-160b-485a-9e5d-8055351f3085,JAF-003,1,358.56
710e38d0-9363-4ecf-8060-9d8a8653e071,ab08802e-cffe-48ea-9951-e4ea677e7969,BEV-001,10,409.36
0ad90d06-2a1c-4970-88d8-f9a998f226fd,a809a674-5ef5-4aad-84f7-8ce2edeaab99,BEV-005,10,424.97
eb5aa024-4b00-42d7-9b2e-49fa06da8427,a809a674-5ef5-4aad-84f7-8ce2edeaab99,BEV-001,7,127.21
c8428953-196c-46a1-a045-76deead6dc41,a809a674-5ef5-4aad-84f7-8ce2edeaab99,JAF-002,6,640.36
ce44326c-1e2f-4f1c-9c85-20e65fbbeb4c,b9aebbf1-deda-49c3-bbfa-9c3110bb3b04,BEV-004,2,105.52
acdc9765-dfd0-4e12-829b-5be5b2f4d15d,fa64142b-a569-40f1-a92a-64f0d76b5710,BEV-001,9,450.88
94dc6afc-7715-487d-b548-d7e28f729fa5,23a029bf-9686-4921-a568-c35b8237600f,BEV-004,10,306.03
6999be47-129d-4ef6-b348-77b884b9ebf7,ad9676d3-d5fa-4d7b-8d68-942286cff1c8,BEV-004,8,597.17
6f215c20-ec76-4ba2-86e9-98fa5cb366c3,cdcf12f7-0621-437a-89d8-b1ebe677e3f4,BEV-005,9,105.84
a308bef7-0744-4571-8262-3d5728aa1bc9,9c827946-71b7-4830-b392-5f9b001660d2,BEV-003,2,261.65
fec815b3-5f98-4a0c-b91f-ac3e6d676b04,c2337a3f-394b-4750-9f04-1c148b541ccc,BEV-001,3,277.52
ec37ddeb-d2b2-4bb2-b81c-a6ac81a903a0,c2337a3f-394b-4750-9f04-1c148b541ccc,JAF-001,6,295.32
5269e5bd-4db2-45ff-838b-163832a0e706,379a5ccc-ffea-41f0-8211-c0f59b3848f9,BEV-004,6,647.2
b249ef8d-2821-4baa-abb5-4fd131fa4ce3,379a5ccc-ffea-41f0-8211-c0f59b3848f9,JAF-005,4,223.26
d40f4171-7e01-4d96-8674-a95acc7e51f7,96f03564-6cb3-4fff-a621-1298ffdc0f9f,BEV-002,5,221.53
a5edf28c-e31a-4256-94d0-bb5d0e15b63e,c9b93bd8-183c-4059-8385-d14a6924bfee,BEV-003,9,784.46
1efee34d-5faf-441d-8bf7-0eb07a529902,93e84c2c-d9ee-49d8-a9fd-c2bf1b1781d4,BEV-003,10,501.62
0b8d8e1a-0865-4613-8279-5c4bf3b03977,48fad6c8-f419-4a3c-9985-2131ce667b2a,BEV-001,1,489.38
98260698-cda2-429a-85a8-ee45126f251b,b7f601ea-7307-4a02-8013-7ee74e0982ee,BEV-001,5,158.58
a6efa817-bf8f-46d1-a6bb-ae64c1af1129,1f795d84-cc45-4fbf-a70a-0baf5fe9ac42,BEV-002,3,955.63
9a84b1d0-e832-46e9-b11f-035db5641e28,1f795d84-cc45-4fbf-a70a-0baf5fe9ac42,BEV-003,6,373.51
9d6f23e4-90d1-4686-a678-2ad14533dd68,1f795d84-cc45-4fbf-a70a-0baf5fe9ac42,JAF-003,2,997.97
6de34a5e-11de-4e76-9809-f62bafaf949f,48fdfaae-2acb-428c-8e22-e224c264549a,BEV-005,5,798.19
9036c040-5a87-4f90-8f43-a089946e2947,ce6b5bde-abf1-4c41-9c26-7c0072a24556,BEV-005,9,774.56
2c4332fa-1b2a-4245-be78-79f0fd9198f3,1a6f399e-ec1f-4c85-872f-dec5bab9c745,BEV-003,5,199.99
78cba9eb-8db5-4e14-ae56-4a92cfd4aaa4,1a6f399e-ec1f-4c85-872f-dec5bab9c745,JAF-002,4,305.28
45df4fa6-33dd-4887-901c-40f965067a47,0122d880-edf8-460c-b9af-9eb8420dab14,BEV-003,4,66.74
0ebb0c58-10d1-4a5d-b779-2d5eab80897e,0122d880-edf8-460c-b9af-9eb8420dab14,JAF-005,10,845.33
eedaef22-3bad-43ca-be66-75255156e665,0122d880-edf8-460c-b9af-9eb8420dab14,JAF-004,10,253.76
be01dce1-5038-45c3-a83e-795ff8d8cc68,1882cac2-48f8-42e5-9a7d-e3fc5dab0f9c,BEV-002,9,555.4
d553564b-187b-4458-a8bd-a234c5747c87,0200cf86-f45f-47a5-a02e-51346aba8bb0,BEV-003,9,618.05
2954704e-64ee-4432-a3b1-2c8956d47841,0200cf86-f45f-47a5-a02e-51346aba8bb0,JAF-004,9,230.41
070c40d1-b423-4492-a6e5-d15f4e71fbdb,d6077de7-68c0-49d6-88ea-46673a0fbd18,BEV-003,6,702.59
4466261b-c835-4173-a715-138bed65ee30,a9ae3254-c09f-4dc2-b52c-e64e70df595a,BEV-004,1,520.52
034abf24-b2dc-477b-95b0-fc9ebcea0cec,02d01c33-8f47-4acb-b0c6-5b69a3eb4455,BEV-004,4,377.64
00b8481b-cb1e-4dd2-9541-e67e65b7b96d,95d8b2bf-d700-4f8b-99f7-02f99d594725,BEV-001,10,725.74
151980b9-d300-4287-90f8-e363dd35f439,a83d2e56-af70-499c-abe1-6ccba2cc480d,BEV-004,2,134.22
c1cfcffa-fd01-4e94-9947-a965add81ba3,38d21fec-5a6b-444e-9621-1ecd795ae460,BEV-002,10,462.56
6e15c607-bc32-42a5-b229-d7be91776a36,d5916246-d0b7-4843-8818-351fa312ed07,BEV-002,10,531.39
f979c83f-2df2-4716-b7ab-23054a24da31,f5073d33-add5-4c6f-ab85-6e84c705f560,BEV-002,7,833.16
fb6a3b02-a8c9-4d25-8608-a830985c9752,f5073d33-add5-4c6f-ab85-6e84c705f560,BEV-003,8,135.73
4eb9284b-d0aa-4030-a9a9-75d9e6ecd7e2,f5073d33-add5-4c6f-ab85-6e84c705f560,JAF-002,8,681.88
3716c427-e9cb-41ee-aa0c-71987eb4edc8,11578f68-536b-4739-89c8-4a752d90d388,BEV-004,9,333.62
1742a455-731e-4631-b705-2651fe524716,39c51cbb-5832-4117-bec9-83506aafaf0f,BEV-001,9,456.65
938ef8ee-8404-4b9c-a188-1383eb7f4ef0,e2a5780e-afbb-4416-851f-46c77764584e,BEV-003,4,433.09
84a97870-7718-4f84-9a64-6a9a7e9f9535,03209c53-1f38-4bcb-9717-68138022faa1,BEV-005,9,922.75
869bbd06-d57c-467c-9e96-240f9520a27b,03209c53-1f38-4bcb-9717-68138022faa1,JAF-001,4,622.24
54db0f36-1d0d-4d48-96a8-16e8b00a1756,f8102482-e41e-4665-9883-b206c3e09a88,BEV-003,6,872.24
54084ec6-3547-45a7-96c1-91d747257308,cbdcb4c4-da27-45b5-adeb-6a071f582a5c,BEV-004,8,599.54
253a3e8f-c7ea-4996-af9c-2d8537f8b9b9,4bdc0360-a01d-407b-95ed-152bab625e82,BEV-001,4,48.29
22c35609-391f-41b3-9ef5-9b2e02cc3ece,284c0b52-edb6-42d5-a8d7-0c416a57e356,BEV-004,7,702.5
a9706697-b6d3-4777-b191-fc06786c33e8,bd1475b1-66b3-47c0-8784-004c73ec2955,BEV-004,5,256.89
56dd3795-f4df-46a1-b5e2-dc41b98fea16,8b246386-e76c-42e2-8ca1-9b45572f18ee,BEV-002,8,32.02
d2fdfd62-8265-4f81-b197-f0befa909d5b,df88cfe2-016a-412d-9bc8-ee89f41cc355,BEV-001,7,413.46
7b8109f3-870a-48ae-8e85-eb08ccb579b3,df88cfe2-016a-412d-9bc8-ee89f41cc355,BEV-001,10,352.33
9a7d6178-2239-4df5-bd31-fddcf1c0d9ea,df88cfe2-016a-412d-9bc8-ee89f41cc355,JAF-001,8,130.68
bb714265-3db0-4407-a18a-41d68ca693e1,df88cfe2-016a-412d-9bc8-ee89f41cc355,JAF-002,8,175.02
e3651d0e-77d7-4283-a3df-ee127fb9bbe0,e511495c-955e-4a68-9ded-d980b502bc63,BEV-005,8,531.62
7434c552-35de-48c7-890b-1c3f03c23e2f,218b3ed9-8f64-4174-909a-404c1bae71ef,BEV-002,7,131.61
206dc70f-6049-468a-bc0a-847c02279e84,10580e52-e650-4fb2-9723-fb618e80c661,BEV-003,4,588.12
6a213f9d-b8b4-44f3-af9e-0cbd50bc88cf,10580e52-e650-4fb2-9723-fb618e80c661,JAF-004,7,845.62
509522a3-f6cf-459f-adce-d5bf55b52f2f,1f1961d4-0721-4d1c-8f78-1803fcdbfbb8,BEV-004,4,112.6
40e66203-ec16-4ef4-a5bc-dfe2774d68f1,9ac92b2b-df9c-42da-9669-03439dd0bee5,BEV-003,10,763.24
7516344f-950a-43a0-9024-d85082e6aed5,cf48915a-0111-4ea0-a27e-d3661e07bed0,BEV-005,4,973.68
40635884-f889-4485-bc98-d600ca76f706,d984e2f3-a31a-40ed-a1f3-47ef9eb82bfa,BEV-004,7,645.04
dff2c6a6-8260-4454-b68f-8e1131616abf,d3d0e050-8a6e-4d11-b5b2-1b3631cf85c8,BEV-001,7,464.93
e1f873c5-32a8-4bd8-a2fb-f8b1d9e5a7b8,d3d0e050-8a6e-4d11-b5b2-1b3631cf85c8,BEV-003,3,171.65
aabf0076-fefb-411c-ba4f-ae3b7ac10cef,d7bb1a95-d409-4b0b-b44d-3248537d8e27,BEV-002,1,713.11
fad17182-1207-4b3a-94c8-854167f9ed51,ce02d0ba-2969-49af-89c7-5e46a77bcf60,BEV-004,9,549.52
9f5c7860-9302-4c65-9305-dd05d1e69075,4b31c0db-4a83-4c54-a653-5ee96a4dfc72,BEV-003,1,729.93
429662c6-8d96-4fbb-b0bd-f25c115d9e0b,65815598-aac2-4edc-82c2-7b040dd40ac8,BEV-002,6,303.08
f3eff9ac-e2c8-49a2-b587-8fdfccf9f968,65815598-aac2-4edc-82c2-7b040dd40ac8,JAF-004,2,554.92
5ee9083f-ffb5-46ed-9a71-4b0faebbaad0,f92c2df6-573c-4239-8aa2-4cc36d0bcaeb,BEV-002,6,231.16
013f966d-6c01-40aa-9c6e-b5817a8f6594,aa2e1e04-947c-4e65-8a11-b3e30bf2f8e1,BEV-002,1,341.48
265ed018-26aa-4559-9f55-d2728d12d803,94509356-6aa2-4f92-b8dc-aa6e753ed53c,BEV-003,2,45.42
461c6af3-255f-4df9-9ea3-c7143913e72c,94509356-6aa2-4f92-b8dc-aa6e753ed53c,BEV-004,10,956.8
f5dfab4d-e14a-4670-88e6-b4dffa685404,0dd351a7-be15-4a85-9ec5-57d6e6866db6,BEV-002,5,918.69
b8e736f5-178c-45b8-8a95-885b2c122640,7e7f6232-8512-4730-ba33-9db51db434c5,BEV-002,1,240.97
ce4509e9-b665-480e-a1dd-8d3a4a2fb3e4,a7c5dfde-69b3-40b1-bafc-c7f41521c8b7,BEV-005,2,233.65
2a2308ca-7cfb-4dc0-a282-a83a4f9406cb,a7c5dfde-69b3-40b1-bafc-c7f41521c8b7,BEV-005,4,12.86
deacf988-6927-4304-a39b-875b0d8d11be,38b8942e-4f3d-4760-9355-bded28c0b8bc,BEV-004,10,547.96
f1261aaf-c079-4b5f-926f-1064655d6676,bbf07550-2aae-4e15-b0d8-2d9eb66793f8,BEV-005,7,883.28
b00e35f6-d4be-46e7-82b4-2169a968b6f5,50315324-7566-4b23-9cc7-fe97a7da93d9,BEV-005,9,252.93
aa6a609f-f709-4b8c-8b1a-76f934b69729,b854864a-ea14-4ac0-ae02-bdf6406552b4,BEV-002,4,527.23
3172c145-bedc-4aa7-b1cf-fe0bc5d91a8e,8666b516-841a-40fc-a25f-a86075145f44,BEV-002,1,915.63
29619e20-11a4-4bf1-9daa-04b38ecc41eb,cc5cc9d8-3b9f-40c3-8af6-9febd2b1bccc,BEV-004,2,276.08
2a54c3ab-cb6a-46bc-98b4-543f7e47e874,c823e375-c151-4019-adee-c83136f23c4c,BEV-005,1,843.07
0fc4f499-6e6f-44eb-b3ec-60af2682cdc9,380afb44-2b7d-4a1b-8ca5-473d013c01a6,BEV-001,10,734.02
fbc9fcdd-0c1e-46a7-9c86-839ef44ab829,3bf56c35-d9bd-44cf-8e13-f7636bbde5dd,BEV-002,10,798.43
f95bb659-ed23-4235-99eb-83c47b8680c2,3bf56c35-d9bd-44cf-8e13-f7636bbde5dd,JAF-004,7,580.56
946eef6f-b32b-42ed-ad69-a18bda4cff15,375bc5c9-584c-493c-8c03-7d2455d57b30,BEV-005,10,648.51
f4f39b47-934f-4a22-933b-f9b5c1d0c0d2,efaa48d5-e980-47b2-9c0b-9f2bc5de4276,BEV-002,1,520.38
a51aff11-af64-424d-874d-da5f53c4e851,7392ac00-a396-48a4-a93c-d7cd75107bef,BEV-004,9,398.58
1ddb97f8-1237-4634-937c-d84e67b9abcb,c472a6af-6191-4c38-a528-6b294e231c40,BEV-003,7,463.02
47e5dde3-f3d5-4dc2-91c0-e9b1097e8e4b,c472a6af-6191-4c38-a528-6b294e231c40,BEV-004,10,683.83
ca9e236f-9309-43f0-9ac6-5898cbc96026,c472a6af-6191-4c38-a528-6b294e231c40,JAF-003,10,312.04
e1493a67-8ca3-41c4-8ef6-ed669de42c88,c9c4524a-57a8-475b-9f47-cbfe597fb41c,BEV-005,4,110.59
8f7e6971-44b7-49b7-9444-3d50d7a2abe1,c9c4524a-57a8-475b-9f47-cbfe597fb41c,BEV-003,4,203.55
67fb8e74-c1e9-4df2-be89-4fec343529da,c9c4524a-57a8-475b-9f47-cbfe597fb41c,JAF-001,2,728.95
cca9a1e9-e5e8-403b-85a9-29810e37c5e9,1b2598b0-77d0-43df-b157-501979a37b78,BEV-003,8,115.63
57ec141c-03ee-484b-a13f-0e2cb03243a3,6d32f315-8b95-4616-a553-2adf41933ed4,BEV-003,6,205.49
14e9f35b-931d-4fad-8833-2c9bb92de49a,897359bf-4ee5-43b4-944b-db05f6eada20,BEV-001,2,63.29
53a85182-66d6-4987-a45c-0a6f7342021c,897359bf-4ee5-43b4-944b-db05f6eada20,BEV-004,6,584.51
75ce211a-e4a0-464b-a379-65f74f7da86e,1e1464cd-6ce5-4250-b82f-92717c97247e,BEV-005,6,571.64
418769f9-18d6-41d4-9f73-c200d4cce2d5,c0b65a01-5de5-4d0f-888c-fe2626e6e307,BEV-003,8,167.65
b2b330be-f58d-481d-bd21-06219e716809,c0b65a01-5de5-4d0f-888c-fe2626e6e307,JAF-003,9,317.03
c947326f-0239-407e-937b-d005e279752f,f7f9e531-1653-460c-8a67-ee123b3a8338,BEV-005,8,603.72
22a1ee3a-d2e1-4748-a142-61efcf8772ff,f7f9e531-1653-460c-8a67-ee123b3a8338,JAF-001,5,904.39
9c0a3822-1156-4875-86e9-1da598a00ab9,d48d7de3-d59c-4480-831e-038ed86c49d8,BEV-004,9,940.15
6e5bed7c-2cbe-4ffa-9d40-bf2f2770ba71,72ac8229-e396-412e-a0c9-84199c35de6c,BEV-001,4,529.71
80da6309-2589-486b-b971-3e361bf8db36,72ac8229-e396-412e-a0c9-84199c35de6c,JAF-001,6,948.98
c47a7d50-232d-4f3e-b56f-a3fa62026e47,72ac8229-e396-412e-a0c9-84199c35de6c,JAF-001,3,340.05
3922e77e-c031-41bc-96b3-51b71edc2a0b,20fc7ab4-aa93-4868-95f4-c71231cdf136,BEV-005,10,497.96
64454e04-a0c1-4403-aecb-ab9765ed5202,20fc7ab4-aa93-4868-95f4-c71231cdf136,JAF-001,9,350.75
eaf68e15-e889-40fb-9b32-a383b6781219,297bd325-9ab1-4d15-9d4f-09b260e79e1b,BEV-002,9,207.06
ff10c2fb-c979-4ce3-89b2-13002a95ee54,3166e728-9fc4-4138-9363-e07af06b5c12,BEV-005,6,982.14
a6e51d51-18bd-4429-9b0e-9c8037c87a1e,caa2ae45-5a57-4e5d-927c-82b4b1356e43,BEV-005,7,458.15
ff1bf473-7e34-4b70-95c7-62b279d99ee5,caa2ae45-5a57-4e5d-927c-82b4b1356e43,BEV-005,8,545.7
231b127b-fc3a-4ebb-89a2-b854d5a71230,b4258fef-68bb-4a8b-88ac-dc3113cbc481,BEV-003,4,192.34
51e6c49d-9448-4019-a016-317e9fb6901d,683584de-164e-4298-84a1-7a0f8acf53cd,BEV-002,1,887.15
791cb400-6956-4142-bc78-e639944bd8cf,5e30b201-2a01-4549-82c4-167d03caed26,BEV-003,9,178.22
14bac45e-a39a-4935-a861-6fb790ae0c5e,215ca312-3e35-4b60-af91-c4307df60c46,BEV-001,3,10.37
3e88a6fd-f7e1-4512-9b8f-68451d1e8f5f,215ca312-3e35-4b60-af91-c4307df60c46,BEV-002,5,551.74
99873550-437d-438f-8c51-6ec41f3856d0,7d8a7ce1-11a9-417a-a43b-b1809b7db1e9,BEV-002,3,599.81
259ca340-6466-43b0-845e-3e9e80d6638f,7d8a7ce1-11a9-417a-a43b-b1809b7db1e9,JAF-005,4,593.18
5a1e46e8-eed9-4dee-bec2-35dc1eda6852,16f8e9e2-57f4-48ca-8d5e-6b1a28ac42bf,BEV-003,9,690.69
bfabb51d-8bdd-4452-bf81-be4a2ec626d4,6fd3e371-66d9-4887-8114-cef177fc0e4f,BEV-001,10,56.68
5ed7e368-f0d9-4acb-86cb-2ed656706437,836010a9-43ac-4147-96ee-1a8b7e69e1cf,BEV-003,2,125.37
805d74a7-33aa-474c-b7c4-efe21a325436,79a3e082-cab3-4407-9f6f-78289e60b0d5,BEV-005,2,765.33
78396c03-95c6-4f7c-ab25-4a2d7af68f7e,68422139-0be3-46a9-ab35-e04aae2c9688,BEV-005,3,681.72
f9b8f711-9c3b-4127-be41-1fcd387c4d15,9e6e3d87-3def-4649-baba-3debb5fb2efe,BEV-005,4,814.47
81e1dace-4703-4f65-a302-64bed924187b,9e6e3d87-3def-4649-baba-3debb5fb2efe,JAF-005,2,940.82
3ce82f92-4282-4415-a3dd-d2413ad41784,116f2968-3f2c-4815-9caf-5ce8330ec61f,BEV-004,9,24.75
7ac107e9-e6f0-484e-9a02-d557d9941b7c,796fe1f7-1320-4e89-b6f8-e65ddef53c66,BEV-004,5,788.54
693636d8-996f-4cb3-8687-a92fc213a7f4,878ea464-c39e-4b84-8222-4783748b515f,BEV-003,3,946.0
c24f8177-28a3-4503-893b-e365083784e8,9a061a50-b5df-450d-8f1e-733e549cd4e2,BEV-004,4,340.35
354ad1b8-ef90-4c2e-ae36-baf5d030c41b,8a0aa414-2d03-4650-b010-678443607f0c,BEV-004,2,961.5
b19daed8-d856-468e-80f8-11ca5c717466,2de278e2-e6ec-4710-ab28-d5b53ba486ac,BEV-004,10,298.87
bb3554bd-4d37-45ba-9e72-123205402014,263f729f-6a5c-4278-b0ff-0aa3415ef468,BEV-002,1,441.76
ae7f597a-7dec-4b4c-9d9a-27a329c5c7d7,dd22c40e-b78e-4eef-99e5-07ce41b6bb0c,BEV-005,5,508.59
808185d0-fc1c-464f-8e3e-0400c7bfdba3,033303ae-1919-4691-8d5d-b28e5b633138,BEV-003,6,563.22
810f6a3f-7078-456c-8cbc-230c1d691672,033303ae-1919-4691-8d5d-b28e5b633138,JAF-005,2,44.44
1835c8d5-88fd-4f0e-a509-a9a00e60dd35,97ab740b-a9f0-481f-997e-c8f7a1422539,BEV-002,10,135.37
73b56682-83d0-4197-ab87-373d65d5f1cd,4de973da-3fcf-4338-9587-71eec04a0f26,BEV-001,2,565.21
a77c4578-1284-4662-90a5-35aec6268ae7,c357a03a-3705-48c1-9247-7f2013124a74,BEV-003,6,229.99
1fc0a74a-eb8f-4865-a8cd-986ee81bbe7f,a491a6a4-3e41-486a-b9d4-faa2b4750a52,BEV-003,10,439.92
81d3d4f3-1892-4bc7-93fb-35616e7d4559,78095dba-2d7f-498c-a2c2-0c3e3ce14469,BEV-001,10,208.62
c755b806-d56f-428e-8bab-1b5a8962e53e,78095dba-2d7f-498c-a2c2-0c3e3ce14469,BEV-004,6,326.14
0aac13a8-f6ec-4426-85e2-dce9696fee3a,059e5ee0-0594-4bd2-b38f-5d7b81c4247a,BEV-005,1,688.91
18caab42-fa2d-42f8-8027-ebaf9d83684f,efdd396c-b6d1-4cff-b356-f3a1cf9b93fb,BEV-004,7,587.33
dc6d8f2a-1576-48c3-887e-ce73c563f134,c77afe2d-06db-4547-82fe-0670fdfffd57,BEV-002,3,541.64
5f06a5c2-8dde-4101-85d2-c872d404f75e,c77afe2d-06db-4547-82fe-0670fdfffd57,JAF-003,5,273.21
90c954ba-fcc6-4d29-a46d-6db37ba9648c,23b29887-80f9-4c5c-8716-a5278a807efd,BEV-004,8,76.48
a30b1fb8-3e76-4a00-8623-6d0c818d1667,23b29887-80f9-4c5c-8716-a5278a807efd,JAF-005,6,449.44
eb39dc46-166b-4963-95b4-95ff776d986c,ceae99af-622d-4a1d-8c1f-62751b101a67,BEV-003,8,450.0
26d218bf-dc8b-47bd-9f65-d1548441bb34,ceae99af-622d-4a1d-8c1f-62751b101a67,JAF-002,1,285.34
665ad7ca-ee0c-4487-b801-dbf74db76a18,c92b0dcc-6524-4eb6-907b-bec353f9b0aa,BEV-002,8,786.58
45da80a8-6fd3-4413-a0b3-85b3af9b22d6,649000fe-9bbd-48c1-9f32-8182c1aa93e2,BEV-002,3,524.4
45e9505a-a4d2-44d9-950c-f6c16bd4c62f,52d68b49-9ec6-4fd2-bbf3-e9e54faf32da,BEV-005,8,943.55
b23b0b0d-171a-4fb6-85db-8bb9d72dced7,52d68b49-9ec6-4fd2-bbf3-e9e54faf32da,JAF-004,9,549.28
