ID,CUSTOMER,ORDERED_AT,STORE_ID,SUBTOTAL,TAX_PAID,ORDER_TOTAL
14110706-fbf4-44e3-b63d-b3844476299a,2ad8ff3c-388e-429b-9b1a-67286e82bd20,2022-06-03 07:40:00,7610d689-246f-467d-8d80-991c4eef401a,500,30,530
4eebbb96-f154-4dc3-9564-799f33f74370,6b4f3f63-45e6-42ee-b5c4-ac03835a2d5f,2022-06-03 08:51:00,7610d689-246f-467d-8d80-991c4eef401a,400,24,424
235b7723-37be-4164-898a-c9f26129cb4b,879ff208-ac40-47d2-9c15-e475f635ccbe,2022-06-03 19:27:00,7610d689-246f-467d-8d80-991c4eef401a,700,42,742
3f6822a4-388c-4feb-9fc3-b8eb23247e55,24c316fc-ad16-45a1-9ef3-3da9d491b0e7,2022-06-03 07:58:00,7610d689-246f-467d-8d80-991c4eef401a,600,36,636
e1395c9d-f7d7-44cf-b419-bc3089823a27,7b1522dc-cd21-4c40-b81b-3532f5b9f3eb,2022-06-03 08:07:00,7610d689-246f-467d-8d80-991c4eef401a,700,42,742
eb0c3f3f-6556-4c07-ace1-2dc2e682980e,344bf269-6f68-41c2-a6ff-a8f4eb6f6ca7,2022-06-03 11:43:00,7610d689-246f-467d-8d80-991c4eef401a,2300,138,2438
cd710761-ea89-4fc7-8bfd-08f24c1449da,839b9759-0a61-4c7d-872f-591848c1b431,2022-06-03 07:32:00,7610d689-246f-467d-8d80-991c4eef401a,700,42,742
040bd69f-c7b3-42be-96d2-dadf8698234d,78e869b8-1d23-4f38-b562-7cd5072dcd5a,2022-06-03 17:04:00,7610d689-246f-467d-8d80-991c4eef401a,700,42,742
b1795efb-15f7-4819-9f02-eb45a3862dc9,4bf534e1-0071-43eb-b3ba-cf7da176d8a6,2022-06-03 07:16:00,7610d689-246f-467d-8d80-991c4eef401a,700,42,742
26158c74-849d-4a91-8dc1-4bc82ac8ac34,3ee8e86e-7163-4316-8dfa-15db0098b81e,2022-06-03 14:37:00,7610d689-246f-467d-8d80-991c4eef401a,2600,156,2756
12d9cf1c-07fd-447a-abbe-5d4d0604086e,78d44e16-ddfd-4429-91bc-9208c7fb2fc8,2022-06-03 08:12:00,7610d689-246f-467d-8d80-991c4eef401a,700,42,742
9d2b64b1-f8b0-46aa-9aee-385be7d369b8,eccd1acd-eac1-49d7-ad10-8883982cdf7d,2022-06-03 18:30:00,7610d689-246f-467d-8d80-991c4eef401a,400,24,424
5bc4eccd-8d1f-4ed3-9bce-93c5a6b3a419,1e43ae86-f777-4ee7-b336-8e3bc60294ef,2022-06-03 13:59:00,7610d689-246f-467d-8d80-991c4eef401a,500,30,530
7605c7de-6ffd-4ac8-af41-10a7b18cc7dc,c366eb7d-81d8-46f9-89d9-9d09186d8503,2022-06-03 07:31:00,7610d689-246f-467d-8d80-991c4eef401a,600,36,636
c344136b-f336-41e1-a0bb-33dd4a0eb78d,d7e9c90f-0dde-41f1-9be4-09fbe640e794,2022-06-03 08:27:00,7610d689-246f-467d-8d80-991c4eef401a,400,24,424
67429f46-95d4-4d81-af01-efd597029426,47a4b1a8-781d-40e8-bbb2-f769c2c6b5ca,2022-06-03 08:13:00,7610d689-246f-467d-8d80-991c4eef401a,500,30,530
1688d002-7c81-41f0-816c-95328204e135,935ecf18-cf34-41be-be72-c814ef6ded61,2022-06-03 10:44:00,7610d689-246f-467d-8d80-991c4eef401a,600,36,636
1d7b6726-64f3-481f-9f6d-ca86c65965e0,e4c63951-a231-404c-ad26-f4a492f3447f,2022-06-03 07:00:00,7610d689-246f-467d-8d80-991c4eef401a,600,36,636
ad198435-b9a9-4424-a3d5-640fdfb04c6a,0f9dcb09-ef47-45c8-9a5e-feff0a288bf2,2022-06-03 14:37:00,7610d689-246f-467d-8d80-991c4eef401a,600,36,636
b0748092-5fa1-4c67-b94d-a0fa5d740fdc,4a15f8b9-7c0a-4643-b14d-5ec37ed6b186,2022-06-03 07:55:00,7610d689-246f-467d-8d80-991c4eef401a,600,36,636
d1146d27-5372-42fd-b7e7-b71bc772a151,5248f2d8-0eb8-420f-9ea5-77ec82307b9b,2022-06-03 08:25:00,7610d689-246f-467d-8d80-991c4eef401a,400,24,424
93734d75-fa05-4560-bbe4-da39d6ce5507,d656f95b-6c2e-4372-ab17-a3bbc93812c1,2022-06-03 08:07:00,7610d689-246f-467d-8d80-991c4eef401a,500,30,530
c512d6fd-1cd3-4eef-96ee-5bb7b780a45c,321d4178-6652-49bf-9663-4b6887811080,2022-06-03 14:15:00,7610d689-246f-467d-8d80-991c4eef401a,1800,108,1908
edf174ab-cd95-4988-b9a4-42e5393c90b5,315fd00b-6f86-43d0-97ec-4e56811af6a0,2022-06-03 15:22:00,7610d689-246f-467d-8d80-991c4eef401a,700,42,742
02ac9a7d-3ebd-4930-afac-5eece37b7b88,62626d20-2e67-4f1d-9386-1b0a5e25956c,2022-06-03 07:31:00,7610d689-246f-467d-8d80-991c4eef401a,500,30,530
caea86c3-e13c-44fa-bb54-acaa215e63e9,4799ec1e-d9b9-4322-9d76-9221b4bf723f,2022-06-03 14:28:00,7610d689-246f-467d-8d80-991c4eef401a,1500,89,1589
b98c0169-ec65-4d5e-9058-0699ca11cbe6,146f68d0-ad70-4af9-9210-f25d25cdd39f,2022-06-03 10:56:00,7610d689-246f-467d-8d80-991c4eef401a,1800,108,1908
0b6660bc-8450-489a-8d94-8f070918428a,1ae36efc-f7b6-45de-8646-8775a98651b1,2022-06-03 13:39:00,7610d689-246f-467d-8d80-991c4eef401a,700,42,742
faa09496-6f4f-4073-97f7-0a78434ac558,95ac520d-f0fc-435a-b0b4-2dcf6b90bd80,2022-06-03 08:18:00,7610d689-246f-467d-8d80-991c4eef401a,700,42,742
ef64bcaa-ea3a-422d-9eed-434409c04f2f,c9a69c9a-6aea-40eb-95b6-9605c84b1f5f,2022-06-03 15:03:00,7610d689-246f-467d-8d80-991c4eef401a,1700,102,1802
8d5beda2-d438-498b-978d-84aa536db5d9,7b802864-fcee-410c-bdbf-7774ce4cfd97,2022-06-03 07:21:00,7610d689-246f-467d-8d80-991c4eef401a,400,24,424
18aaaa73-9576-4371-9b95-5194fc05bc55,8d19687a-737e-45da-b0d4-d686d57620d6,2022-06-03 17:37:00,7610d689-246f-467d-8d80-991c4eef401a,1600,96,1696
6d824cfd-6901-47bd-bd46-00c39eb0d1ed,e821bf99-a819-4aa4-89e9-8b82a338484a,2022-06-03 16:41:00,7610d689-246f-467d-8d80-991c4eef401a,2100,126,2226
aa86c1e9-1526-4859-a8d4-7d2542fd1e58,de57e4f7-4879-435d-a9e1-c9a1763d4961,2022-06-03 09:23:00,7610d689-246f-467d-8d80-991c4eef401a,600,36,636
81b142f2-d3ea-4400-a7c4-6346f7a66686,aec16166-ed24-473e-a071-c5dc834ca0e4,2022-06-03 08:18:00,7610d689-246f-467d-8d80-991c4eef401a,600,36,636
3ecd210f-7410-4c6f-9d10-644b1e289caa,c9832d9c-549d-4a87-b495-d09238d3bbed,2022-06-03 12:10:00,7610d689-246f-467d-8d80-991c4eef401a,600,36,636
7db622f7-c129-4fea-b85c-98116e1258a8,2f08d074-f43f-4139-b02d-87d7b52beb3a,2022-06-03 07:31:00,7610d689-246f-467d-8d80-991c4eef401a,600,36,636
2c4109a9-503e-4c8d-9ba6-e0db85b42b38,926c3574-687d-438c-95a0-ad55202d049a,2022-06-03 09:03:00,7610d689-246f-467d-8d80-991c4eef401a,0,0,0
00d2d7e6-8109-473d-a13a-6cb97a069511,1dd6668a-adfe-4618-9aad-d10d78dc8272,2022-06-03 16:49:00,7610d689-246f-467d-8d80-991c4eef401a,600,36,636
d6a8619e-b513-445c-98b1-a6f4f68105a2,0bdabea4-30de-4ef8-b11a-a4c8de37ebd9,2022-06-03 17:21:00,7610d689-246f-467d-8d80-991c4eef401a,400,24,424
15220a97-5d85-4a64-9491-013d293fd9f4,9a65f806-8121-4335-941d-d0326c2e4675,2022-06-03 08:05:00,7610d689-246f-467d-8d80-991c4eef401a,600,36,636
770f1048-3ae2-4577-9803-ab89ffb88dc9,edad01ae-d0e3-498a-8dad-7210358c427c,2022-06-03 11:20:00,7610d689-246f-467d-8d80-991c4eef401a,500,30,530
f4ce542e-8826-4238-9a9e-49e54b4fbd1c,31827348-11f6-4c64-ad78-71209fc9944b,2022-06-03 08:06:00,7610d689-246f-467d-8d80-991c4eef401a,600,36,636
8aee9dfa-5dad-4fab-a30b-a262ce2d0b27,dea739e8-98c1-4dbb-ba66-3b78d7f0e319,2022-06-03 16:09:00,7610d689-246f-467d-8d80-991c4eef401a,1700,102,1802
75f5bc36-2c73-4b51-9d65-46cd33add766,af5a0e72-a82f-4edc-bf71-94e508485622,2022-06-03 12:03:00,7610d689-246f-467d-8d80-991c4eef401a,500,30,530
44c9ecab-8274-411c-953b-84aae623373c,36b01943-3c96-430b-be52-72d94f53799d,2022-06-03 08:42:00,7610d689-246f-467d-8d80-991c4eef401a,500,30,530
ebd78556-9898-48db-a9bd-0af3192afa34,456ceb44-1215-4cac-8509-e0ff899b2d08,2022-06-03 12:40:00,7610d689-246f-467d-8d80-991c4eef401a,4500,270,4770
9d1cda82-22d5-4874-b2a5-cc289026b258,e4d2e9c5-4db3-42ca-92c6-33624a07b937,2022-06-03 13:04:00,7610d689-246f-467d-8d80-991c4eef401a,1100,65,1165
df09990a-b347-430c-b1c5-a177dc521ba6,0d16939d-03a0-4dd0-bc65-3b4ccb36fe79,2022-06-03 07:58:00,7610d689-246f-467d-8d80-991c4eef401a,600,36,636
8a637ce3-3c66-4a3a-a6d2-3c284e0ada45,3a3c7ba2-c0e9-4f2e-a33b-25b75a89c624,2022-06-03 07:55:00,7610d689-246f-467d-8d80-991c4eef401a,400,24,424
c7576bc4-7ce1-4082-ace0-c7bfba04de8e,d37b5f57-5b61-4029-91cd-831255b3587b,2022-06-03 08:00:00,7610d689-246f-467d-8d80-991c4eef401a,600,36,636
4e5d68ac-8a1e-4ef7-9e2d-0b8dc22be6e7,9ef64e35-2590-4115-9d1a-772a11e1b53d,2022-06-03 08:04:00,7610d689-246f-467d-8d80-991c4eef401a,400,24,424
e5bb94e0-ef40-47f6-b5ce-9060954eebda,8c8c1c3d-4781-4046-bb38-926c9c5738d0,2022-06-03 16:50:00,7610d689-246f-467d-8d80-991c4eef401a,600,36,636
7ca8d427-7218-42c0-85d3-5e469c96fe0f,0e18fa04-ce72-4ff8-b56e-7f088e12c004,2022-06-03 07:31:00,7610d689-246f-467d-8d80-991c4eef401a,400,24,424
a247b417-382c-4d95-b3e6-96727bbec416,fc6cf27c-b921-4bb5-a3f9-6d90446d79e5,2022-06-03 10:19:00,7610d689-246f-467d-8d80-991c4eef401a,1800,108,1908
908d76f7-3c15-48f9-bd64-6feaee29a0aa,df37e08e-0277-4735-a73a-1b7c294ea7c7,2022-06-03 16:43:00,7610d689-246f-467d-8d80-991c4eef401a,600,36,636
30e3fbbd-4727-4c0a-916d-056d4af3c972,688d0660-f2f1-48d9-866b-16769b221d35,2022-06-03 17:39:00,7610d689-246f-467d-8d80-991c4eef401a,1600,96,1696
11fe899e-061f-4bef-9aad-1af0d1cbc92a,57977a86-91ed-41b7-a3ce-5e7ede685b60,2022-06-03 08:01:00,7610d689-246f-467d-8d80-991c4eef401a,400,24,424
01113d66-6116-4ced-8b55-37ab392d05b5,b4fcea36-9cc0-4960-91a9-75c9a5a42d37,2022-06-03 17:15:00,7610d689-246f-467d-8d80-991c4eef401a,1800,108,1908
5e18cbf8-3976-48db-aade-77f78c86a552,a6d591f5-51c1-47bb-b6d6-99c8b86751d4,2022-06-03 07:50:00,7610d689-246f-467d-8d80-991c4eef401a,700,42,742
34a2b05d-ebf3-4ebc-a9f2-f4a47507e52c,d64dc06b-92b4-412f-811b-f9126ac600de,2022-06-03 14:47:00,7610d689-246f-467d-8d80-991c4eef401a,700,42,742
150f2635-65e6-4c37-a3a9-8158c9f3e786,0b3c441f-c735-44c7-8074-4ea0037910ed,2022-06-03 07:33:00,7610d689-246f-467d-8d80-991c4eef401a,500,30,530
6c02cc2f-c635-43c9-b519-1b4a3767d761,3964d6e6-da15-4d05-bfc2-fc2846545d29,2022-06-03 12:47:00,7610d689-246f-467d-8d80-991c4eef401a,700,42,742
cc94718c-0b65-4738-9080-070ab531bbcb,a2fe1103-58db-4c4a-bac9-3af97a20c6e0,2022-06-03 15:06:00,7610d689-246f-467d-8d80-991c4eef401a,500,30,530
e33a2f3d-4aec-405e-9493-dee4f49fe75a,3edb5ca6-a87b-40f7-bd9d-fcebccd767f7,2022-06-03 12:12:00,7610d689-246f-467d-8d80-991c4eef401a,1800,108,1908
dbcb1edb-7495-484f-8649-a1a27d5a9fe0,5d6db1ff-21b1-476e-b683-3f3658705c1b,2022-06-03 08:02:00,7610d689-246f-467d-8d80-991c4eef401a,600,36,636
c650ed72-3e41-4e22-be2a-019de79079bb,18412373-d87e-4d56-8449-fdd7446eee92,2022-06-03 16:41:00,7610d689-246f-467d-8d80-991c4eef401a,1600,96,1696
2c590c3d-47b8-44ac-a1ae-0861c3d77017,9d540d3a-ba2a-4da2-b5b2-8596b612ef7b,2022-06-03 08:32:00,7610d689-246f-467d-8d80-991c4eef401a,600,36,636
5959a87e-8037-4d3b-b3ed-5a550b1d52de,29d39df5-9d77-4930-8017-21db53ecf80d,2022-06-03 13:47:00,7610d689-246f-467d-8d80-991c4eef401a,2400,144,2544
c2c26da0-03cb-4511-bbb9-7d656cff7976,bddfbc57-6f52-4e22-a57a-6002563d154a,2022-06-03 07:58:00,7610d689-246f-467d-8d80-991c4eef401a,400,24,424
fbbf99e4-29d0-4e0e-a767-10364e0aa7f6,f34e0784-b761-478c-bae7-e6e58b109334,2022-06-03 08:58:00,7610d689-246f-467d-8d80-991c4eef401a,2300,138,2438
a8d8df22-a294-4c11-bc88-e60d3dbd7530,450a1c69-f98e-4b7e-801d-fd2a78341e96,2022-06-03 08:52:00,7610d689-246f-467d-8d80-991c4eef401a,600,36,636
9a7442b5-013b-45b9-9012-69d5ba40dfc3,2da1361f-4429-48c2-82c5-914e0aa8f5f7,2022-06-03 15:57:00,7610d689-246f-467d-8d80-991c4eef401a,1800,108,1908
71324b8d-7613-4920-9bc5-2687b2fac964,16535d06-8a97-408a-8428-30e93ed759a1,2022-06-03 14:08:00,7610d689-246f-467d-8d80-991c4eef401a,1600,96,1696
f5647622-6fa8-41a4-a6a4-4b370ec1dfaa,a4072cf8-44ed-4fba-a09c-52ea1253a626,2022-06-03 08:22:00,7610d689-246f-467d-8d80-991c4eef401a,600,36,636
8667f17b-51c1-4d76-b8c0-093c7e5bdd1c,3046aedf-67c1-44e7-ac56-440680327361,2022-06-03 08:28:00,7610d689-246f-467d-8d80-991c4eef401a,600,36,636
692d299e-21c2-4cad-bdeb-95e45ca5d629,3edf64a9-16d7-4c40-9f5b-330dc725a080,2022-06-03 15:49:00,7610d689-246f-467d-8d80-991c4eef401a,700,42,742
ead140ec-7ac4-4299-9d25-16c359b0ef20,666a6a48-7875-482d-a94e-9f8c64465cf4,2022-06-03 13:54:00,7610d689-246f-467d-8d80-991c4eef401a,1700,102,1802
53d7cf53-61ec-4a41-9be0-ffa1af01d718,f7451f3e-b827-467d-92cf-0dae8d7f486f,2022-06-03 13:49:00,7610d689-246f-467d-8d80-991c4eef401a,2800,168,2968
b46875a0-c6a3-42be-b3b3-c42c6083e52a,7b88c165-b4b5-49c8-8bc5-fc7f7f0f2578,2022-06-03 15:48:00,7610d689-246f-467d-8d80-991c4eef401a,1000,60,1060
a1a35919-c5b7-47ef-a735-9e8c33cc8d90,bfe1b846-d4bc-4600-af95-6ae41b24dac9,2022-06-03 17:11:00,7610d689-246f-467d-8d80-991c4eef401a,600,36,636
1b8426f8-6a37-48ba-b6a7-b91a7de0b761,6b9b009b-216f-42fb-8b64-a596a810d02b,2022-06-03 07:01:00,7610d689-246f-467d-8d80-991c4eef401a,600,36,636
4224c72b-ca8c-45c1-a58a-b36a1f6c088e,bcf395ee-025e-44f8-8f73-484421f6d5fb,2022-06-03 11:32:00,7610d689-246f-467d-8d80-991c4eef401a,500,30,530
60848868-a954-4454-943a-05b072748661,94d0a0fe-75c6-43be-bb84-168e040bc6d5,2022-06-03 18:33:00,7610d689-246f-467d-8d80-991c4eef401a,1600,96,1696
1f11e972-7ccc-4260-8f53-2e4e3faabe4c,250b3408-c860-4797-ac34-33728bf59c99,2022-06-03 10:33:00,7610d689-246f-467d-8d80-991c4eef401a,3200,192,3392
4d0d704e-695a-46da-8269-0bb84ed01019,23a97ea4-4910-41fc-b79e-db7367a51abe,2022-06-03 16:09:00,7610d689-246f-467d-8d80-991c4eef401a,500,30,530
be329f66-688f-41c0-bd22-8e2293710f60,a6b53394-b08a-4498-b7c3-91454743d0a8,2022-06-03 13:05:00,7610d689-246f-467d-8d80-991c4eef401a,600,36,636
d789b706-850c-43d3-bba1-e870d1771643,f808081a-9507-47e5-86cb-7bf828d9d4df,2022-06-03 08:26:00,7610d689-246f-467d-8d80-991c4eef401a,400,24,424
79d29f68-c6f6-4e31-8783-5eada6f2e4c7,0ecfed85-1b84-4e53-966a-152524ece0f4,2022-06-03 13:49:00,7610d689-246f-467d-8d80-991c4eef401a,1800,108,1908
ffe4988e-a7ce-4326-a400-be4ff3ba1523,f5d008c2-6621-46ef-a6cd-0886f0fe7f96,2022-06-03 13:58:00,7610d689-246f-467d-8d80-991c4eef401a,500,30,530
f2706a67-6dba-4627-8054-463f909ca985,5d511afd-b502-4192-baad-0548251e5e6d,2022-06-03 07:13:00,7610d689-246f-467d-8d80-991c4eef401a,400,24,424
0e0289e1-cf2e-4ddf-957d-a12dc0224669,d8b3404c-073c-45e4-8d6a-a87259956b38,2022-06-03 18:06:00,7610d689-246f-467d-8d80-991c4eef401a,500,30,530
c938c885-0d7d-4b8c-b418-63b9e140f3f8,4d4c7b21-8990-4720-990f-7746db61168d,2022-06-03 14:44:00,7610d689-246f-467d-8d80-991c4eef401a,600,36,636
f79fb264-c2ee-44d5-9154-d0a9f61c781f,f9841060-a614-481b-94ee-7dfe41607413,2022-06-03 08:02:00,7610d689-246f-467d-8d80-991c4eef401a,600,36,636
eda65a45-9b85-40fc-8b0a-bbf0f4173f67,c6bd6d54-a717-4955-a92b-b94a48db42dc,2022-06-03 07:38:00,7610d689-246f-467d-8d80-991c4eef401a,500,30,530
75fbe30b-f235-423e-b063-40ca793af104,eb7d2aec-bc7d-4c51-a03b-eafee6cb1d8a,2022-06-03 07:53:00,7610d689-246f-467d-8d80-991c4eef401a,600,36,636
e9d90c97-4c6c-4248-a1e7-2ebd19beeaba,d0300ad3-5d05-4564-8560-5929a263f5d4,2022-06-03 14:55:00,7610d689-246f-467d-8d80-991c4eef401a,2900,174,3074
32393c4e-9ccb-4d45-b198-b2571872ec06,dc1554c4-7966-43d6-989b-d9371615ed70,2022-06-03 07:33:00,7610d689-246f-467d-8d80-991c4eef401a,600,36,636
0f20c2bc-0b17-4d6c-920f-2d023a0d0fb3,0d210a5d-5016-4929-b467-3c8c4ba1ae9d,2022-06-03 08:19:00,7610d689-246f-467d-8d80-991c4eef401a,700,42,742
e2c9576f-3988-403e-b20d-2989638b33ba,25330444-e5dc-4852-a712-a2747fe6665b,2022-06-03 12:16:00,7610d689-246f-467d-8d80-991c4eef401a,3500,210,3710
ec476131-931b-48ca-8ef2-49e20ea9c8c4,ae87b6ae-d8fa-411b-8af9-e27f1f1ebc49,2022-06-03 13:21:00,7610d689-246f-467d-8d80-991c4eef401a,600,36,636
ae43a89a-7810-408f-a1c4-95fd501ced5f,2e87ed2f-46fa-4c3d-a250-401e8b1ce26f,2022-06-03 14:12:00,7610d689-246f-467d-8d80-991c4eef401a,700,42,742
b9e4af93-0400-4537-bb34-07ce188de542,026ceb52-c4fd-4803-bc22-2a3906fb6c46,2022-06-03 07:22:00,7610d689-246f-467d-8d80-991c4eef401a,600,36,636
dcb11f9a-a7fa-4f21-852c-aecbb56974ac,c8bab90c-54a0-4996-b0b2-10caea8d5184,2022-06-03 07:58:00,7610d689-246f-467d-8d80-991c4eef401a,400,24,424
3529d007-06cf-4b9a-adc3-0b5d79d5dcd2,766271ed-188f-4288-b9f4-5a3f1a22c810,2022-06-03 18:52:00,7610d689-246f-467d-8d80-991c4eef401a,1300,78,1378
99617136-be2e-467a-aab6-0e78a4171777,adb75b1e-ebd5-4fb8-9ea1-91af9f74330d,2022-06-03 08:23:00,7610d689-246f-467d-8d80-991c4eef401a,600,36,636
8752a7b9-65e7-4075-8c87-039ccf75d5bd,7523436b-bfe8-439b-8ba3-a6ea6c2c274c,2022-06-03 16:24:00,7610d689-246f-467d-8d80-991c4eef401a,1100,65,1165
f023d9dd-dc42-4c62-884b-f93c41bb3eca,7246a425-986b-4cc7-9db5-e2a4f0f36b37,2022-06-03 16:45:00,7610d689-246f-467d-8d80-991c4eef401a,700,42,742
87cf5e7a-6012-46ff-afd4-9059a91b17df,1512e980-f1c5-4c4e-a6e3-8b3ad08f564a,2022-06-03 09:42:00,7610d689-246f-467d-8d80-991c4eef401a,400,24,424
76823eb4-1ce5-4656-8591-c97cde66fe1c,dafbb152-2434-4963-83a6-66bcca661251,2022-06-03 08:14:00,7610d689-246f-467d-8d80-991c4eef401a,500,30,530
bec212c3-8cbb-4a05-8162-9c7e490f82e8,2e85fe24-c31c-4881-81b3-ad7239cb4f5d,2022-06-03 10:55:00,7610d689-246f-467d-8d80-991c4eef401a,1200,72,1272
bed884d8-fad8-483b-826d-feb7f8f8b4b6,751581a7-dcae-4cd6-be9c-0170a28ec0f7,2022-06-03 08:45:00,7610d689-246f-467d-8d80-991c4eef401a,400,24,424
5a54f2a8-9be0-4d9b-a412-1bec7d456304,f2e6c77c-bb0e-4736-8e20-d9a300ad589a,2022-06-03 08:27:00,7610d689-246f-467d-8d80-991c4eef401a,600,36,636
86155ca3-bde1-4718-8bd3-a44efa61a457,7ada98ab-4d4a-4814-b592-71cbf95a981f,2022-06-03 15:27:00,7610d689-246f-467d-8d80-991c4eef401a,600,36,636
9a55011c-a03f-4756-abe5-9f5c892fe6eb,2e472783-b556-4793-892b-93e4aae66fe8,2022-06-03 07:40:00,7610d689-246f-467d-8d80-991c4eef401a,600,36,636
23988f78-9f0c-4dc2-a327-51de72344149,b33388b4-e129-491e-bcb5-2936b41c9e74,2022-06-03 08:05:00,7610d689-246f-467d-8d80-991c4eef401a,600,36,636
882c9c9e-a8e6-4311-9797-d9b157012805,100b9b88-fbe2-4f5d-ab6f-986c8aabac36,2022-06-03 08:31:00,7610d689-246f-467d-8d80-991c4eef401a,600,36,636
1d432e22-be38-47af-a5d3-c81eafaf2f36,25bf9611-3c9a-425d-8d25-eb3ca453e365,2022-06-03 07:46:00,7610d689-246f-467d-8d80-991c4eef401a,600,36,636
bf11dea4-b8c3-4e4c-8ab0-8bf48e13f6e4,eadecf6d-7e61-47f3-a9e1-92d5865305e0,2022-06-03 16:37:00,7610d689-246f-467d-8d80-991c4eef401a,1800,108,1908
6d45516c-7cbb-45ee-a684-9d7570182281,16b323b3-be80-4671-9172-263be1a8bdee,2022-06-03 14:17:00,7610d689-246f-467d-8d80-991c4eef401a,1800,108,1908
044753f8-8104-41d4-8776-1a0fcf092cf3,deef47c5-0b09-452c-97a3-88e756de53fb,2022-06-03 11:59:00,7610d689-246f-467d-8d80-991c4eef401a,600,36,636
8966bbc4-fbb8-4f51-8c70-0256944bd643,3be0e2aa-b690-4a2f-a42a-323d392a2e56,2022-06-03 08:06:00,7610d689-246f-467d-8d80-991c4eef401a,400,24,424
42b8a06c-1bfc-46de-8766-df14fa43c498,eaf1ce75-babd-4767-adc4-c84916d44ea9,2022-06-03 08:09:00,7610d689-246f-467d-8d80-991c4eef401a,500,30,530
eb54401d-d1bb-4ac5-8521-42241a411220,799aa08f-1e79-4a82-bf2f-b6f16ac78452,2022-06-03 08:31:00,7610d689-246f-467d-8d80-991c4eef401a,600,36,636
2085b902-88de-46bc-a82d-4ed6dad89844,cdea2843-8497-4994-8a8f-a6acc45e258c,2022-06-03 16:37:00,7610d689-246f-467d-8d80-991c4eef401a,600,36,636
d02a8e63-bdc5-4b48-97c6-a58f10fced01,8ed958e2-d38f-4836-a244-19f7f1ac0ab9,2022-06-03 19:59:00,7610d689-246f-467d-8d80-991c4eef401a,400,24,424
fd19b784-3547-4924-867c-1834271943f2,a511fe7a-129e-4a12-977c-655bc6f729cf,2022-06-03 09:15:00,7610d689-246f-467d-8d80-991c4eef401a,700,42,742
36ae5b00-f11f-4123-a2eb-8e4491a880e7,f7ba70c3-65ab-41b7-b82e-557e864b3b38,2022-06-03 09:03:00,7610d689-246f-467d-8d80-991c4eef401a,600,36,636
1570953b-dae2-4f27-887b-8cbc34ff1e4e,181bd0ce-2a4e-4351-9ebd-df2dac1447d9,2022-06-03 12:47:00,7610d689-246f-467d-8d80-991c4eef401a,1800,108,1908
c56276fc-070f-45d3-a8de-53d762fa8acd,71bd1014-f18c-4f9e-9f6e-a744c212f185,2022-06-03 18:03:00,7610d689-246f-467d-8d80-991c4eef401a,1700,102,1802
484f4e28-5442-48dd-9e5f-cd38e64dcc2e,271669e0-565e-4dd1-8b33-5e785cdcb331,2022-06-03 08:25:00,7610d689-246f-467d-8d80-991c4eef401a,700,42,742
6e3ad2b0-ea27-4886-9d65-ac60b44e13e4,f0f2ae48-dc46-46e7-84ab-80d7a170ba83,2022-06-03 14:24:00,7610d689-246f-467d-8d80-991c4eef401a,400,24,424
7c7fbf2f-661b-4c6c-860e-0d21ecada47f,3a4bfb82-86e6-493d-a5c5-7f5f15da46b2,2022-06-03 17:12:00,7610d689-246f-467d-8d80-991c4eef401a,1800,108,1908
d7ec96cf-357a-4d9c-bf2b-6a46e57fe26e,1ce75bf8-af62-46ae-9ec1-bea716d67cd0,2022-06-03 07:19:00,7610d689-246f-467d-8d80-991c4eef401a,600,36,636
60cc1f85-2dce-4a1d-abd7-a0ede2161467,9d86b78b-c5a3-4c47-afde-b6f079c7571f,2022-06-03 08:06:00,7610d689-246f-467d-8d80-991c4eef401a,600,36,636
79c85459-c126-4a9c-82f5-420b87d3cad7,5d0fd1a2-46fb-4f0c-87fd-e8ed66d5d4f1,2022-06-03 12:44:00,7610d689-246f-467d-8d80-991c4eef401a,1900,113,2013
2429dfa1-76eb-4373-8f08-fe26e5229af7,d6395bce-5b79-4dbe-b156-3fd6e59f0e76,2022-06-03 16:50:00,7610d689-246f-467d-8d80-991c4eef401a,500,30,530
df5468ae-d267-4496-997a-30b0ec3c3407,9db7710b-d037-4a6e-8d62-d1553af9b074,2022-06-03 13:56:00,7610d689-246f-467d-8d80-991c4eef401a,400,24,424
dd955170-0f40-4bb0-bd57-f1810f3400f6,83c2a0a0-ef47-41c3-8130-f4c4bfada767,2022-06-03 08:13:00,7610d689-246f-467d-8d80-991c4eef401a,600,36,636
e798d94a-c5b3-460b-9b66-87203285b83f,a5789ae7-87e8-4e02-a0f5-ed465d5b9332,2022-06-03 16:35:00,7610d689-246f-467d-8d80-991c4eef401a,600,36,636
5a14529b-0ddb-4947-af1e-1a88da8281a5,3cfdfe82-8d38-458a-9cc0-377ce8640d82,2022-06-03 16:00:00,7610d689-246f-467d-8d80-991c4eef401a,1300,78,1378
424e4e85-fd9c-4c66-9b99-b90de68b5e91,201c75dc-d0d2-49d0-8a57-a674c91be28c,2022-06-03 07:49:00,7610d689-246f-467d-8d80-991c4eef401a,400,24,424
467ce1da-86f6-4856-a052-b77926f5c412,b7810a3b-3aa5-4ebb-9d33-273cfc9007c2,2022-06-03 11:37:00,7610d689-246f-467d-8d80-991c4eef401a,1800,108,1908
d1dce51c-0b21-4a48-a829-b52e3c1fab2e,66419994-ccb4-4a5e-8104-430d9f05b787,2022-06-03 11:00:00,7610d689-246f-467d-8d80-991c4eef401a,1300,78,1378
68e89cdc-40cc-414c-a2d4-ddce7293dd41,e59558e5-bf1d-4ab7-ab9f-192967a99993,2022-06-03 12:43:00,7610d689-246f-467d-8d80-991c4eef401a,600,36,636
5d73bdc0-9317-4a54-a44a-038227340b9f,e90f9656-4dbb-43c9-b92e-183e7616d870,2022-06-03 13:58:00,7610d689-246f-467d-8d80-991c4eef401a,600,36,636
f4cfb2ed-fe27-425d-ac49-d9d804ed6822,50a245b4-409d-40b4-859a-497ffa53d3b5,2022-06-03 08:19:00,7610d689-246f-467d-8d80-991c4eef401a,600,36,636
0e46f0d5-15a1-48b5-803b-81cab9a35790,97d9be9c-5910-4341-9c34-db0a5d21792b,2022-06-03 08:17:00,7610d689-246f-467d-8d80-991c4eef401a,600,36,636
0f305efe-f2a2-43c9-967d-2317263fa29b,2168d1cd-b8d0-48cc-bba5-45bde32172ca,2022-06-03 10:48:00,7610d689-246f-467d-8d80-991c4eef401a,1800,108,1908
73216dfe-79c5-421e-a83a-f913242eb6d7,456fdbb1-8895-420f-8c28-844dbee62b72,2022-06-03 07:43:00,7610d689-246f-467d-8d80-991c4eef401a,600,36,636
7b785ab1-d701-4a3a-a06d-b428ec272e94,58ae6de0-40c0-4c65-8c85-52d2e83d9fee,2022-06-03 11:07:00,7610d689-246f-467d-8d80-991c4eef401a,1700,102,1802
caa381a5-ce93-4270-a6dc-92c50990a2c1,1a616871-cf07-4962-8005-fd25b7b631bd,2022-06-03 18:27:00,7610d689-246f-467d-8d80-991c4eef401a,700,42,742
e629f018-7242-4b3d-975c-fb323fa036eb,535833dc-00da-4d3d-89a5-24d05500e1a0,2022-06-03 11:14:00,7610d689-246f-467d-8d80-991c4eef401a,600,36,636
a4e733cc-0683-4d84-af51-4cfb7dc1a212,0f0fef3b-66fb-4716-9807-7a8a2bcec7e7,2022-06-03 12:21:00,7610d689-246f-467d-8d80-991c4eef401a,700,42,742
159345ec-b9b2-427a-8b4d-1c9dbd146c16,d2c80c70-0626-4e92-9115-8ce300b3a153,2022-06-03 08:00:00,7610d689-246f-467d-8d80-991c4eef401a,400,24,424
8cb2d923-d891-47d2-aeac-146233d3d656,87ab0db5-dea7-42ec-9f0c-2845b0311a5e,2022-06-03 08:18:00,7610d689-246f-467d-8d80-991c4eef401a,700,42,742
f04eeb38-5137-4df9-a7d3-91f7d1e49870,2b93a0e5-e89b-480f-9229-d927b0cb04d5,2022-06-03 07:46:00,7610d689-246f-467d-8d80-991c4eef401a,400,24,424
92552ad9-088e-46a0-b631-c3a8aaa2274f,5e25b7e9-263f-487e-ab81-22525d48e71b,2022-06-03 07:50:00,7610d689-246f-467d-8d80-991c4eef401a,600,36,636
2e28c169-7996-4733-bb15-2712dfff5108,665e2199-3e9c-44d4-ad37-fdaad66a174c,2022-06-03 07:46:00,7610d689-246f-467d-8d80-991c4eef401a,600,36,636
442830b5-e874-4e71-814d-0be4a69c5e50,1c9cfb2c-1d6e-42ea-abd2-7970d24360ec,2022-06-03 07:36:00,7610d689-246f-467d-8d80-991c4eef401a,500,30,530
2d8792be-bd86-49a1-8d8f-781b31473162,a81521ff-21dd-4fea-8e3f-fe9c4a1dc1e8,2022-06-03 07:26:00,7610d689-246f-467d-8d80-991c4eef401a,600,36,636
0810f775-04c0-4531-8947-d83cf8fd8536,a098d142-670c-47f0-9877-a90b05422050,2022-06-03 11:18:00,7610d689-246f-467d-8d80-991c4eef401a,600,36,636
91291423-0e59-4832-9413-ef5897a2ffa9,2c3b36b1-b188-488e-b426-1cb1ed10393a,2022-06-03 16:44:00,7610d689-246f-467d-8d80-991c4eef401a,600,36,636
33464a26-e6cb-4519-ae11-ec09259de30e,48959ed8-08dd-4ef2-bffb-7a52f1416a29,2022-06-03 19:39:00,7610d689-246f-467d-8d80-991c4eef401a,700,42,742
95b4b0ce-c51a-4852-b2ce-5a3a969a657b,86440644-0c75-465f-bdeb-900d87ec40d4,2022-06-03 08:15:00,7610d689-246f-467d-8d80-991c4eef401a,400,24,424
bd04e4bd-7ef3-47c6-a204-d26d97052a2f,ab65ad9c-95b5-49a5-8338-0a5c83d5817f,2022-06-03 14:43:00,7610d689-246f-467d-8d80-991c4eef401a,500,30,530
d0daf9d5-daea-4c40-b059-c3ba2927248f,f823dac0-6919-4b52-bdc1-4e4e7aa07baa,2022-06-03 12:25:00,7610d689-246f-467d-8d80-991c4eef401a,0,0,0
2530d86c-946c-47ab-bfe7-04c3971150e6,a35a2470-78bd-43fe-aca9-e82d731daecc,2022-06-03 13:17:00,7610d689-246f-467d-8d80-991c4eef401a,500,30,530
7a144051-a32f-47a1-9d03-a1b4bbcc0017,22fa3e88-bc50-4934-8b6d-1e16ec124ea5,2022-06-03 11:58:00,7610d689-246f-467d-8d80-991c4eef401a,600,36,636
62f17e2b-c531-4e9f-9132-35e97b5719e6,d3c6c1f1-8fad-4e3b-b090-1739abc57cf0,2022-06-03 08:44:00,7610d689-246f-467d-8d80-991c4eef401a,500,30,530
e07cbe26-6c44-49ad-9e3a-cd0a3f5c7a07,31705639-1dc7-450a-a954-9c9ab38822cf,2022-06-03 16:39:00,7610d689-246f-467d-8d80-991c4eef401a,500,30,530
9b701ea1-7bee-4b3d-bc89-ffa7b8716796,6a0d13b3-0aa7-4970-94b1-a9b08fc329d9,2022-06-03 12:54:00,7610d689-246f-467d-8d80-991c4eef401a,2300,138,2438
ed9bd6e4-16bf-4f52-8266-7daeba11b709,16055520-2c72-4e4e-9f92-bac49b61437c,2022-06-03 08:32:00,7610d689-246f-467d-8d80-991c4eef401a,700,42,742
80987c52-7989-462f-90e1-c0e9a75559d2,d23ca980-dbeb-418a-b89b-bca1590263ee,2022-06-03 14:12:00,7610d689-246f-467d-8d80-991c4eef401a,400,24,424
8c486b55-d63f-48d6-8c9f-e64ff0fd9bef,ea8db837-54ac-4615-ab01-9e1d9f2d3ec1,2022-06-03 07:00:00,7610d689-246f-467d-8d80-991c4eef401a,700,42,742
c3e16ea3-ec30-4a5a-bb0b-55d801ed7c20,ef0b0d0b-5ecf-4f39-8937-bb9ddaaadfa3,2022-06-03 12:47:00,7610d689-246f-467d-8d80-991c4eef401a,700,42,742
e8ba178e-365d-4d16-ad17-c5b81c2cf5ea,218ceda7-f404-433d-b810-fe322bfdf660,2022-06-03 13:01:00,7610d689-246f-467d-8d80-991c4eef401a,3100,186,3286
af5b85e0-8779-4ae1-b0a8-3567ea691d68,71c1b037-3691-41ec-9286-8b171bdbb6f5,2022-06-03 13:10:00,7610d689-246f-467d-8d80-991c4eef401a,2400,144,2544
7bb4c73d-34e1-4cec-b4a8-76cc2fd47dc3,df3c2d1d-30e2-4371-9b43-3fd918f475bb,2022-06-03 08:25:00,7610d689-246f-467d-8d80-991c4eef401a,500,30,530
7677a320-396c-4f5d-9295-459af118362d,f695d71e-f422-4325-9add-b509be6e4bf1,2022-06-03 09:33:00,7610d689-246f-467d-8d80-991c4eef401a,400,24,424
ecdd0f49-6413-41db-9295-f07aa646263e,25026909-2ede-4661-871d-156396a83b6c,2022-06-03 11:42:00,7610d689-246f-467d-8d80-991c4eef401a,600,36,636
dbec5242-1ef4-44d3-bc12-af5f89926a23,b95564b0-779d-41ad-9da0-5f65a142d02c,2022-06-03 08:39:00,7610d689-246f-467d-8d80-991c4eef401a,600,36,636
ebdec089-b10f-4ab2-8594-753c429bd19c,3b549ccd-b818-46d6-bb5c-7b514dc724ff,2022-06-03 08:04:00,7610d689-246f-467d-8d80-991c4eef401a,600,36,636
2ec6b165-4e51-4775-8b8a-b0f1040a94dc,b5c391ec-6795-4c92-8074-f881d65b8bb1,2022-06-03 10:00:00,7610d689-246f-467d-8d80-991c4eef401a,600,36,636
887dd728-49b4-4132-b060-38af35fb6ecd,8cceb015-0ebd-4bfa-89b5-d5740ebf5eb4,2022-06-03 17:53:00,7610d689-246f-467d-8d80-991c4eef401a,500,30,530
cd350b76-1fb4-4485-a207-cfa3eb5f8c49,ba8a3b82-1b25-4eb0-bcd3-e172ca44a871,2022-06-03 14:18:00,7610d689-246f-467d-8d80-991c4eef401a,1800,108,1908
aeca17e5-40d5-4982-977c-5426458e6601,33312611-32f7-45e9-a1ba-76224a4efaf1,2022-06-03 13:58:00,7610d689-246f-467d-8d80-991c4eef401a,2000,120,2120
5a9e3c81-364a-4a5e-81aa-997a118df505,2df21d90-54d9-4bfc-9b00-12048e94bf7f,2022-06-03 08:30:00,7610d689-246f-467d-8d80-991c4eef401a,700,42,742
dc6af20a-e3b4-4cce-a620-592733dd0f19,b27ac96b-45a5-4ca0-924e-eecc8894d365,2022-06-03 11:17:00,7610d689-246f-467d-8d80-991c4eef401a,700,42,742
061e3e8d-0c5b-42b7-89c9-e375836bdee0,61432b99-679b-4a15-8732-0fcb17a5ef7c,2022-06-03 08:36:00,7610d689-246f-467d-8d80-991c4eef401a,700,42,742
ed8fb011-26e4-46d3-98af-e3cbd86c70b0,905454f7-790f-4855-9e6d-6506f375381a,2022-06-03 07:46:00,7610d689-246f-467d-8d80-991c4eef401a,700,42,742
4331ed33-79bd-49e6-bbbb-0b1c45d1d1ab,ec2d7fac-e43b-47bb-9667-8389825d6201,2022-06-03 16:35:00,7610d689-246f-467d-8d80-991c4eef401a,1700,102,1802
fdb68b44-80c4-4d71-b998-9d4882556232,2ebbf6e4-44e9-4436-8536-e164ce793d9f,2022-06-03 17:25:00,7610d689-246f-467d-8d80-991c4eef401a,600,36,636
7f2e1ff1-279f-4cd5-94b4-acf09585cfa6,a8d4018e-74dd-481b-9ec0-047653c406bc,2022-06-03 13:10:00,7610d689-246f-467d-8d80-991c4eef401a,4300,258,4558
d631d2cc-d8cd-43b5-b795-e994b54401ff,59ee54e5-38ad-4363-846b-dca7d019674a,2022-06-03 12:27:00,7610d689-246f-467d-8d80-991c4eef401a,4400,263,4663
4070a43c-b05d-421b-808b-9ff53a29fcd7,beeafc1a-1df5-4e92-b649-9887417b6e99,2022-06-03 11:14:00,7610d689-246f-467d-8d80-991c4eef401a,1600,96,1696
36f4decd-273c-44e4-ba5e-fbd3e00c3342,b8e6d5cf-5320-400d-9a7a-d392e280ff9a,2022-06-03 07:58:00,7610d689-246f-467d-8d80-991c4eef401a,600,36,636
d9e52943-7d57-4b35-a4f2-b1f211188a2e,55a186ff-9bda-4b51-8717-546300299f58,2022-06-03 07:32:00,7610d689-246f-467d-8d80-991c4eef401a,600,36,636
51f66a09-3f13-470c-8137-f31d88136e8d,ee6d763d-1298-46e9-a102-98c548f91916,2022-06-03 14:54:00,7610d689-246f-467d-8d80-991c4eef401a,1800,108,1908
d1fdb2b0-a96d-45cd-ae55-e9602c79626b,dfe2ecc4-6a89-42bf-809d-eb6d3b80f03c,2022-06-03 07:33:00,7610d689-246f-467d-8d80-991c4eef401a,600,36,636
2416acdb-76cb-4ad7-98e6-4275f67b5ac4,5dee43b9-6180-423d-aa66-0c975c7a6254,2022-06-03 12:56:00,7610d689-246f-467d-8d80-991c4eef401a,500,30,530
841731ed-839f-4c3a-a82d-e4f68c91c669,8f860c47-6ffb-400d-a5ea-1b3309f59667,2022-06-03 08:21:00,7610d689-246f-467d-8d80-991c4eef401a,400,24,424
ceac0d5f-4287-4615-a725-53ac7b1fd35f,8e668625-bb53-48d3-8a35-337b6bfe0528,2022-06-03 07:13:00,7610d689-246f-467d-8d80-991c4eef401a,600,36,636
d26a74fa-5138-4ac0-b1e2-0a83651e80e0,c15f166b-5eea-4544-95ba-c06ab6bdfd54,2022-06-03 11:31:00,7610d689-246f-467d-8d80-991c4eef401a,500,30,530
ae1891d5-462c-4088-8084-399281d69853,4c0311a9-36a1-489e-b9a6-d0c6fbb216d0,2022-06-03 13:12:00,7610d689-246f-467d-8d80-991c4eef401a,1100,65,1165
56c9563f-00a7-4e75-8d21-2ac8e4a337d1,21b47c14-85e6-4345-8b75-fb865313023c,2022-06-03 08:26:00,7610d689-246f-467d-8d80-991c4eef401a,700,42,742
ec123e32-0d9e-4aca-9c31-a681da5268a1,de438868-012e-4090-a23f-435fe782ba8a,2022-06-03 07:41:00,7610d689-246f-467d-8d80-991c4eef401a,600,36,636
ba17e134-5b1a-45c1-9332-4bbf37c0debf,837e09f7-4460-4e4c-9dd1-15e51783c049,2022-06-03 16:12:00,7610d689-246f-467d-8d80-991c4eef401a,1100,65,1165
232fb0d3-116e-4a95-9fd0-e005a88c1a71,76e0ad61-6f0a-4ff9-ac30-b153a4382299,2022-06-03 08:07:00,7610d689-246f-467d-8d80-991c4eef401a,600,36,636
bff1287e-be78-43ae-9d38-96f81a007958,74f8b5d2-4353-4a1d-9d09-c4b033ed1e78,2022-06-03 07:44:00,7610d689-246f-467d-8d80-991c4eef401a,400,24,424
3fec622c-76a5-4ae5-83d9-bd3dce022a95,56b50d24-13a2-45fe-9f11-02b1df86f7ab,2022-06-03 16:07:00,7610d689-246f-467d-8d80-991c4eef401a,1800,108,1908
a4fc9ae2-31be-4f8d-8ec1-2584feac929d,b072f983-a206-4f65-a800-d1b376f074a7,2022-06-03 13:14:00,7610d689-246f-467d-8d80-991c4eef401a,500,30,530
28349338-e711-43f6-854d-1c4941979b39,08242f94-d34c-4120-afeb-94e966620c4e,2022-06-03 18:35:00,7610d689-246f-467d-8d80-991c4eef401a,400,24,424
b1e97349-0099-4506-be27-2b1611dfed62,c986bb68-164c-4e7f-a21e-3a9ca1a37de2,2022-06-03 14:45:00,7610d689-246f-467d-8d80-991c4eef401a,600,36,636
cfa16e45-18e9-476b-8245-d682c0dbb362,472069b9-a61b-4488-b3d3-77fd6e057685,2022-06-03 09:07:00,7610d689-246f-467d-8d80-991c4eef401a,600,36,636
1213a19f-c461-4815-a8fd-a840a22ea49b,c8ecfe04-79be-48af-8d12-9542ae15e266,2022-06-03 07:53:00,7610d689-246f-467d-8d80-991c4eef401a,600,36,636
b102670f-fbb8-490d-ba3d-278f724321e3,3537b7e3-6daa-487d-8d73-2d9adc9bbc2f,2022-06-03 14:21:00,7610d689-246f-467d-8d80-991c4eef401a,2000,120,2120
831734fb-bb12-40a9-a828-4c1a668cf603,02af6d80-129a-42e4-99b4-70b2f68dc3b9,2022-06-03 13:57:00,7610d689-246f-467d-8d80-991c4eef401a,1700,102,1802
9ea66a4f-46d7-453e-828f-2866febd1e54,13e6eb04-6067-4f00-8ee7-5675fcc4f621,2022-06-03 16:35:00,7610d689-246f-467d-8d80-991c4eef401a,1000,60,1060
34838d17-91b2-42ad-bf02-116354d0011c,e67d7853-2d8a-47ea-9663-bfd7a3edb563,2022-06-03 13:28:00,7610d689-246f-467d-8d80-991c4eef401a,4600,276,4876
2d16f799-b6dd-4ad3-b7dc-47ce3526726d,22f6747d-37ca-4921-ad9b-a28cfb59861f,2022-06-03 16:12:00,7610d689-246f-467d-8d80-991c4eef401a,500,30,530
4acc6068-e19f-46a9-a725-d26f12e0f6f4,42f1d1af-ac2e-42d7-80bc-e1dd04b9bce8,2022-06-03 07:24:00,7610d689-246f-467d-8d80-991c4eef401a,600,36,636
e5506b02-1385-4b5a-909d-4117569164bc,6784c527-d377-48d4-95b3-6d31959e6715,2022-06-03 15:48:00,7610d689-246f-467d-8d80-991c4eef401a,1800,108,1908
c5822232-d18a-4ae2-9327-ff2531e5f103,4f29c41c-067d-4f9a-9793-8bae170607bc,2022-06-03 15:19:00,7610d689-246f-467d-8d80-991c4eef401a,700,42,742
854015fc-6049-4685-82e7-e61833686569,027e3ca9-84de-4e85-8dfd-499df27dd3e9,2022-06-03 18:29:00,7610d689-246f-467d-8d80-991c4eef401a,700,42,742
8cbb2a8d-4aa5-4dc4-b216-157ed6242651,9a14fd59-3f1b-40ec-ba02-2b2164bc44d7,2022-06-03 08:21:00,7610d689-246f-467d-8d80-991c4eef401a,500,30,530
35d8bf62-8a62-41d8-8093-bd7a40af1b3a,b973cfc5-c344-4b2d-8fc4-92b69286c494,2022-06-03 09:17:00,7610d689-246f-467d-8d80-991c4eef401a,500,30,530
3cf23a91-7068-4285-bf9a-ae32bba4b508,70a3269b-d4de-46e8-bedc-d856f333e088,2022-06-03 15:05:00,7610d689-246f-467d-8d80-991c4eef401a,2500,150,2650
0ed4e9b7-1115-45d2-81ec-f691bf2d185b,a6a53f05-a7e5-414f-ba8a-df80c2f23c61,2022-06-03 11:59:00,7610d689-246f-467d-8d80-991c4eef401a,3400,204,3604
16827c9d-6479-41b0-8bbe-7d43289f7051,4016b41b-6b04-4ecf-944a-2dec96832f6d,2022-06-03 08:43:00,7610d689-246f-467d-8d80-991c4eef401a,400,24,424
f8750fec-0cc5-48d3-9f13-10521b6d11ef,636b3d28-0139-4e15-93c7-8953b8835726,2022-06-03 14:42:00,7610d689-246f-467d-8d80-991c4eef401a,400,24,424
86a74416-e7cc-428f-bef7-91544102f59e,1691b5c0-20da-438a-8bc7-8f68cdfc6996,2022-06-03 17:22:00,7610d689-246f-467d-8d80-991c4eef401a,900,54,954
532b0a57-11dd-463d-82da-db2fc97aef17,9ec80e0e-eb2a-4cd5-8281-acd97008a40e,2022-06-03 13:24:00,7610d689-246f-467d-8d80-991c4eef401a,2400,144,2544
921f514a-74ee-4e29-921d-818a00b7e0c7,4a9dcd92-3db5-4302-a109-4688ef1daf51,2022-06-03 17:01:00,7610d689-246f-467d-8d80-991c4eef401a,1900,113,2013
e657c1c5-f2d3-4b19-9c53-d01281883b50,754c0e10-2d88-4a29-99f7-cf634206294c,2022-06-03 16:22:00,7610d689-246f-467d-8d80-991c4eef401a,1700,102,1802
132930af-75f8-40af-aeae-17a20c24cfc5,6436c05b-2e1d-493a-8e5b-8a81dfbb6d27,2022-06-03 17:42:00,7610d689-246f-467d-8d80-991c4eef401a,2000,120,2120
a195a955-006a-4014-9dd8-64f00c40060d,20d3b881-e02c-4e1a-b985-58bf7d1becd5,2022-06-03 14:40:00,7610d689-246f-467d-8d80-991c4eef401a,0,0,0
a5a48314-7a02-4737-a05a-77b99b7642fa,f57f8c58-ddd5-4ef6-9098-f1f0e6d117ec,2022-06-03 08:06:00,7610d689-246f-467d-8d80-991c4eef401a,400,24,424
c468b11b-98fd-4aa7-b90d-7de5d0da4277,7612fe7c-aedd-4547-aade-25b4911619c9,2022-06-03 17:37:00,7610d689-246f-467d-8d80-991c4eef401a,600,36,636
a812666e-b617-4adb-987a-bf988da02492,d2a66d78-098a-4e8a-9de8-8f53f73a1a68,2022-06-03 19:27:00,7610d689-246f-467d-8d80-991c4eef401a,600,36,636
7b142895-be1b-4d9b-a095-465504ffd6c8,f4898a14-5fe5-48dc-b6bb-1f435392dede,2022-06-03 16:00:00,7610d689-246f-467d-8d80-991c4eef401a,600,36,636
44d3466c-c05c-4e04-b897-c9547cd48784,1995fe10-3ace-49c2-a034-9501692d2dd7,2022-06-03 10:02:00,7610d689-246f-467d-8d80-991c4eef401a,600,36,636
ad6b8d93-3665-4092-b15f-d8c7295353ee,3293ca28-2970-404e-a298-f74c760d7810,2022-06-03 08:37:00,7610d689-246f-467d-8d80-991c4eef401a,700,42,742
3c732377-2283-4f50-bea6-e3fa307c39cc,3029df46-1cef-45bc-9293-520cc8b0255e,2022-06-03 07:53:00,7610d689-246f-467d-8d80-991c4eef401a,400,24,424
5a32f9b8-9122-4cb2-87ac-ba83f73d21cf,72bac195-4083-485e-9081-df5b269d5f48,2022-06-03 16:01:00,7610d689-246f-467d-8d80-991c4eef401a,500,30,530
ac49ce4a-14f1-47b3-b00e-1b0bc7f686ee,7fdb55c5-62a9-432b-b904-0c8667b2e7aa,2022-06-03 14:06:00,7610d689-246f-467d-8d80-991c4eef401a,1700,102,1802
bd6120ef-a191-45c7-b92c-97ad324423ba,3981431e-68a6-4f25-8919-294206d4e783,2022-06-03 07:18:00,7610d689-246f-467d-8d80-991c4eef401a,600,36,636
aa418fe5-61ce-4cb9-83e0-f6062138ab54,e8624338-c99b-4285-8018-073b5931f3d7,2022-06-03 13:28:00,7610d689-246f-467d-8d80-991c4eef401a,600,36,636
deb12282-e959-4f8d-90a5-b57e6e986f37,b79f9939-07ce-4f15-bdca-a9e5a43ab862,2022-06-03 12:43:00,7610d689-246f-467d-8d80-991c4eef401a,400,24,424
b368797c-6c3d-4565-8182-5984c0770585,4080c176-2d27-43e3-9526-735f9330b06c,2022-06-03 15:46:00,7610d689-246f-467d-8d80-991c4eef401a,500,30,530
9deb2778-b58d-4a07-95b6-4f51f1971cea,f8a9b9e5-b4c7-416f-acfd-3b5727417698,2022-06-03 07:33:00,7610d689-246f-467d-8d80-991c4eef401a,500,30,530
bbd5c2aa-198b-4790-9b9e-be27dda3860d,0b59d505-e47a-4f76-9b72-d038854b68e6,2022-06-03 12:19:00,7610d689-246f-467d-8d80-991c4eef401a,700,42,742
571c9dc9-bdc3-4a2c-bf30-8f43b3d234da,33544b8a-3b0f-4d97-afaa-a5018e66ee32,2022-06-03 15:12:00,7610d689-246f-467d-8d80-991c4eef401a,1800,108,1908
269a07b2-38af-436c-9d1e-cdc4ee32a14f,27b1e612-2cfe-43aa-bb58-c92646126951,2022-06-03 08:06:00,7610d689-246f-467d-8d80-991c4eef401a,600,36,636
fbf3a87f-d949-4eab-9939-32ac3428513b,b5184b09-3ae6-4520-bc09-912e7eec1e67,2022-06-03 16:05:00,7610d689-246f-467d-8d80-991c4eef401a,400,24,424
9ba4600c-7bc6-48de-873a-8af531e6711e,814c405f-ca8b-4bb0-865c-7c89447ff10a,2022-06-03 08:40:00,7610d689-246f-467d-8d80-991c4eef401a,500,30,530
a1a438a5-4816-4e87-ae92-176e6de9f997,1995de61-30f6-4038-b73d-34f4948e764f,2022-06-03 12:14:00,7610d689-246f-467d-8d80-991c4eef401a,600,36,636
1e4068cf-8e07-4805-b6ab-92c08729c834,1398234d-baf9-4fee-a245-8bf9b8ec1d4a,2022-06-03 10:19:00,7610d689-246f-467d-8d80-991c4eef401a,600,36,636
9281f09c-fc54-4785-b196-4ddc9110e0f5,25c97ef3-e3df-4437-81ea-031cf9228009,2022-06-03 13:42:00,7610d689-246f-467d-8d80-991c4eef401a,2200,131,2331
64292389-20ab-41dc-92e2-e70f7f6310df,23e45a32-b6fd-408a-ba27-924b1070c001,2022-06-03 08:44:00,7610d689-246f-467d-8d80-991c4eef401a,600,36,636
238c2467-d45e-495e-bd1a-63696aa698ae,26ab928d-c37b-47c3-8949-f5c62e9b8d76,2022-06-03 15:17:00,7610d689-246f-467d-8d80-991c4eef401a,400,24,424
5c0f9f36-ef6e-4f6c-98ce-fc51ec88868f,32c0dd94-681d-4183-8286-cf088864c11b,2022-06-03 13:37:00,7610d689-246f-467d-8d80-991c4eef401a,2200,131,2331
4f72b2c6-f99f-4813-91aa-5390ce95d527,867d1a27-d73e-4645-a7c8-68a8cccc46d6,2022-06-03 14:48:00,7610d689-246f-467d-8d80-991c4eef401a,2000,120,2120
1cd54c2b-6c9b-4061-b041-9d76cced25ad,f4918a53-6c53-4960-a683-610fd1d3cb26,2022-06-03 08:10:00,7610d689-246f-467d-8d80-991c4eef401a,400,24,424
185119b6-3153-410a-ad0e-f8597d8cddf7,c813f06d-10b8-4f22-a23f-d6901bb1c703,2022-06-03 11:51:00,7610d689-246f-467d-8d80-991c4eef401a,1000,60,1060
21e84826-40f8-43ba-9f72-d4a22bc151a2,67b83532-c6ef-47a9-b708-6fec1ef804c2,2022-06-03 08:41:00,7610d689-246f-467d-8d80-991c4eef401a,600,36,636
066e1240-f7ea-4e07-ba31-50770c24418f,471dd3e1-1cb3-4a37-bd75-154334a05a49,2022-06-03 08:33:00,7610d689-246f-467d-8d80-991c4eef401a,500,30,530
07833953-adbc-4c2a-ac4e-0f75090a584d,946f1cde-d4d1-4fc4-9e42-a82375962636,2022-06-03 10:57:00,7610d689-246f-467d-8d80-991c4eef401a,600,36,636
f45b8b6c-efcf-4689-885c-fae7e68de6dc,2bf81bda-a1ca-4b73-be11-695b1539a339,2022-06-03 13:59:00,7610d689-246f-467d-8d80-991c4eef401a,3400,204,3604
610136f5-ab20-4684-a34d-c04ad91e868b,006ebf27-e836-4961-86f8-19a81bd60992,2022-06-03 10:23:00,7610d689-246f-467d-8d80-991c4eef401a,500,30,530
55aa5701-3ce6-48de-9235-927808758efa,70216b97-9f6c-4474-a45e-c8e31684968c,2022-06-03 08:49:00,7610d689-246f-467d-8d80-991c4eef401a,0,0,0
264ac4bb-8bb3-428a-9c1f-b8146eb285d3,f612ad73-fdb5-410f-9383-ba51fdc92a8f,2022-06-03 16:27:00,7610d689-246f-467d-8d80-991c4eef401a,600,36,636
5a73b496-259d-47f9-9cb3-7574065933cc,c7b8e8b6-6299-45a6-a446-b172e533d17e,2022-06-03 08:10:00,7610d689-246f-467d-8d80-991c4eef401a,500,30,530
38c15f3a-63c8-4582-b767-fdb09f156922,b0899906-f211-4fe2-a0b9-71b5f9850f75,2022-06-03 09:05:00,7610d689-246f-467d-8d80-991c4eef401a,600,36,636
9f106af8-19a5-4062-b610-92e28fb2a86a,cb929743-17c3-430c-91be-1a5d739adbb4,2022-06-03 13:41:00,7610d689-246f-467d-8d80-991c4eef401a,1200,72,1272
27aa1b9e-33e9-4edd-b608-a2e4a9c90cc1,563caefa-5675-4645-a701-6272b42dd217,2022-06-03 11:40:00,7610d689-246f-467d-8d80-991c4eef401a,400,24,424
d604ed90-daa1-4cfb-8a9c-5202707c7353,e9194bfe-47f4-429d-8a9c-67f9bf10476c,2022-06-03 12:35:00,7610d689-246f-467d-8d80-991c4eef401a,1100,65,1165
3f05b01b-b709-47c4-b967-662426ba2d70,650550ef-4a36-40d5-9125-f24e9c9a7bab,2022-06-03 17:31:00,7610d689-246f-467d-8d80-991c4eef401a,600,36,636
ac49fd39-990b-413b-b93d-ccbe720ea622,4c348755-d66d-46bb-9d04-3d6564b49ec0,2022-06-03 11:11:00,399dfec4-01ec-4e84-80b5-cb325d670571,400,16,416
6eadf210-ae0a-4b53-85af-7828a45a046d,37e73f82-c93a-4c41-ade6-e62f4a5b446a,2022-06-03 11:47:00,399dfec4-01ec-4e84-80b5-cb325d670571,700,28,728
1e49153a-aad2-4584-8359-c9bca413fc86,c5ea4a48-b79a-41fb-8cfb-27cd606cf67c,2022-06-03 07:08:00,399dfec4-01ec-4e84-80b5-cb325d670571,600,24,624
0640d229-e453-4227-b8b0-388d6438885b,a8f18d60-8666-4c0f-a1db-c2866d583b8d,2022-06-03 07:56:00,399dfec4-01ec-4e84-80b5-cb325d670571,400,16,416
e081b48a-1211-418f-b4ae-90fcf3a197e3,7bcb8723-53df-4b44-9780-6f41535407ea,2022-06-03 08:23:00,399dfec4-01ec-4e84-80b5-cb325d670571,500,20,520
3dde2cc3-412d-4ceb-9322-3ecaf142d544,cec3488a-b584-4a3a-a0c8-8e8e9fe62005,2022-06-03 07:59:00,399dfec4-01ec-4e84-80b5-cb325d670571,1200,48,1248
3d0f36c5-c777-487b-a1e7-9cec8a83ca3a,6245ed4d-3f95-4010-9309-114b1b627744,2022-06-03 07:55:00,399dfec4-01ec-4e84-80b5-cb325d670571,500,20,520
5ef080a8-0341-479b-93ca-c71a0f567073,94b1db00-2098-4afd-b3b7-5eb8983cfc17,2022-06-03 07:27:00,399dfec4-01ec-4e84-80b5-cb325d670571,600,24,624
ef40a4a5-e9b6-4b79-8f93-36d5db203503,d2b78715-1c35-41d5-a173-86bbde66041c,2022-06-03 12:11:00,399dfec4-01ec-4e84-80b5-cb325d670571,600,24,624
be6be60f-54f9-4c1b-922f-11bac83df1fa,f87cf5f2-f133-432b-9698-d97df1d3ea32,2022-06-03 08:50:00,399dfec4-01ec-4e84-80b5-cb325d670571,600,24,624
a7ab93cb-e0ec-4b56-afee-f7edf1c5bea8,a0c23a52-fc6d-47ef-b1f6-058a0f3bdd78,2022-06-03 11:52:00,399dfec4-01ec-4e84-80b5-cb325d670571,1800,72,1872
29f4c131-f396-450a-987a-abda4da3a0fd,506a6d87-28ad-4107-98f8-eee7ef436e29,2022-06-03 07:34:00,399dfec4-01ec-4e84-80b5-cb325d670571,600,24,624
90204fd1-3738-4139-b898-dbde6d2b8dcf,ccb5c165-1568-4be3-967f-4081011dbfa8,2022-06-03 14:31:00,399dfec4-01ec-4e84-80b5-cb325d670571,500,20,520
124a02cc-9bf9-4b4c-9bca-d76b3073c325,42c5ea60-f682-47d9-b67c-f6f362147071,2022-06-03 07:50:00,399dfec4-01ec-4e84-80b5-cb325d670571,600,24,624
73d31796-a4b3-4625-b4da-76a3e40a9c70,16b63951-b5de-4976-b337-c7a164051684,2022-06-03 07:24:00,399dfec4-01ec-4e84-80b5-cb325d670571,500,20,520
d8e81b8c-8294-4f6d-aa0a-f9c08c9c55a1,ecc38f56-849e-4cb2-b90a-63994fc8241e,2022-06-03 13:04:00,399dfec4-01ec-4e84-80b5-cb325d670571,600,24,624
af176eef-0bae-482c-a609-ca1174e455ca,41aec400-dd32-4254-a52f-0d6fb2d03888,2022-06-03 14:22:00,399dfec4-01ec-4e84-80b5-cb325d670571,600,24,624
4161c0d6-5d85-4f89-b1de-1e0d56c967ce,b6e01333-7454-4939-a5ce-c8bef3d60cc0,2022-06-03 08:44:00,399dfec4-01ec-4e84-80b5-cb325d670571,600,24,624
43530f7b-196c-4dee-b524-246d6cad2248,6e83b42d-59ed-4466-b35a-d764e9c3cdfc,2022-06-03 07:14:00,399dfec4-01ec-4e84-80b5-cb325d670571,600,24,624
cdcee737-4854-438a-b35b-0a2360202fb8,e80559a4-b5da-4434-a7a4-813d513bfd83,2022-06-03 13:14:00,399dfec4-01ec-4e84-80b5-cb325d670571,900,36,936
4349fe2c-3edd-4a57-896b-0138e34be75b,e11863c3-ddcb-49e4-bc43-1bb52335e977,2022-06-03 13:23:00,399dfec4-01ec-4e84-80b5-cb325d670571,1300,52,1352
56987e52-3c95-408d-908d-219969545620,ddd6bc5c-169a-4f13-aa8d-eb8d78c99e03,2022-06-03 08:51:00,399dfec4-01ec-4e84-80b5-cb325d670571,600,24,624
d9ef24d6-ae7b-4c72-881a-5d1cf8c94cf4,df529715-211d-4d44-bce5-8c04f8447eeb,2022-06-03 09:54:00,399dfec4-01ec-4e84-80b5-cb325d670571,2200,88,2288
1ce51e1f-1124-4e09-8287-e7cc25d74c4f,f59319a4-b9b6-458a-aec7-f43d079c3a28,2022-06-03 10:15:00,399dfec4-01ec-4e84-80b5-cb325d670571,2300,92,2392
e9e4514b-20ae-4897-acab-9b0e83ddac4b,6ba6cff4-9c59-4c33-be13-cbb47b31b82b,2022-06-03 14:53:00,399dfec4-01ec-4e84-80b5-cb325d670571,700,28,728
51828f7c-3bbb-4148-887c-106cacf8692d,d6af4950-fefc-44bb-8701-d252bd522f00,2022-06-03 08:55:00,399dfec4-01ec-4e84-80b5-cb325d670571,500,20,520
174f1146-a0db-48a6-a668-4b93b3e0ad88,bff5af40-a32d-4898-8a55-eb25f6d0b6ed,2022-06-03 12:04:00,399dfec4-01ec-4e84-80b5-cb325d670571,600,24,624
f51b9fe2-2395-469e-a226-d36d20c148b7,50b9c414-f72b-43aa-b8b7-b6671518bd84,2022-06-03 11:46:00,399dfec4-01ec-4e84-80b5-cb325d670571,600,24,624
db4c476f-c840-4bf0-96d3-ceaab2b7a1db,e3f4b9eb-48b3-4b16-a2ad-8388c37cb821,2022-06-03 15:07:00,399dfec4-01ec-4e84-80b5-cb325d670571,1800,72,1872
3479f200-b0cd-4fcc-b39c-acea6598142b,3f9ce19d-dc65-49bd-81d5-de27d736b5bf,2022-06-03 17:17:00,399dfec4-01ec-4e84-80b5-cb325d670571,1700,68,1768
e68e505c-2f43-4bfe-bb5d-6fd5b92f332d,e4813f2e-1b48-4035-8b99-9dbc490b1182,2022-06-03 14:07:00,399dfec4-01ec-4e84-80b5-cb325d670571,600,24,624
95cf9b3b-3c92-4b62-974d-f2573ea188fb,48401445-c4c0-4381-a5d3-b47ddffe4ef2,2022-06-03 17:37:00,399dfec4-01ec-4e84-80b5-cb325d670571,1200,48,1248
921f849a-08c8-46b9-85f6-37bc0d7d7410,b1032ecf-73a3-4af5-95dc-41a97682fac5,2022-06-03 10:42:00,399dfec4-01ec-4e84-80b5-cb325d670571,2500,100,2600
ce931ab1-87e5-4d61-b6e0-641e00b940a8,f58667e7-433a-4871-adf6-e74224ae1a7a,2022-06-03 14:56:00,399dfec4-01ec-4e84-80b5-cb325d670571,400,16,416
9b650330-c667-4bb6-8895-b0cc1a9f939a,b1e76179-85ef-427c-96b1-6b9276f4752b,2022-06-03 07:00:00,399dfec4-01ec-4e84-80b5-cb325d670571,2300,92,2392
3c71824b-33f9-48b9-aca9-4d32d270a91b,b1d2776c-dcae-4587-a995-f535c29a0ad8,2022-06-03 15:23:00,399dfec4-01ec-4e84-80b5-cb325d670571,600,24,624
e0c391ca-4d81-4f51-a75b-2ca408513d92,dcf50ba9-5b3e-448f-9529-f27c246d868a,2022-06-03 07:46:00,399dfec4-01ec-4e84-80b5-cb325d670571,600,24,624
7a322e5e-6dcf-46be-86a1-4e8ca4d4fc58,be16a404-7434-4076-aca0-04338270f0b2,2022-06-03 13:41:00,399dfec4-01ec-4e84-80b5-cb325d670571,1700,68,1768
10e84a7b-01d6-498c-8f8b-a50cd8b99ee1,9d25ed88-d934-4a39-bff2-29dd981edc7b,2022-06-03 08:25:00,399dfec4-01ec-4e84-80b5-cb325d670571,500,20,520
4631beda-2b7e-4fb2-9445-abfdacf85f02,a0ae887b-a1ea-45e2-a49e-fb49cd25e6e8,2022-06-03 08:46:00,399dfec4-01ec-4e84-80b5-cb325d670571,600,24,624
3a1fbd9d-82bd-4c42-a216-ddd24df72c15,0b281af4-2be3-4d04-9ed7-bddd85812aad,2022-06-03 15:09:00,399dfec4-01ec-4e84-80b5-cb325d670571,1200,48,1248
d0892f3e-8ac3-426a-b382-953fcf01587b,1ab8f64c-68df-4705-82aa-f3e046eec9a1,2022-06-03 07:47:00,399dfec4-01ec-4e84-80b5-cb325d670571,600,24,624
d1baad60-f0f6-4cf7-9199-11e293623cc0,014d4968-8860-436c-9590-b3172aab71ab,2022-06-03 11:13:00,399dfec4-01ec-4e84-80b5-cb325d670571,1200,48,1248
792c715c-1002-413d-8c5a-7ca206205e74,50580cce-0003-489b-ac75-1e865cae783d,2022-06-03 12:39:00,399dfec4-01ec-4e84-80b5-cb325d670571,2300,92,2392
9c3f183d-a126-4d9f-ae46-22c8ed031464,34fc2867-a0b6-422f-8041-10f81916b1fe,2022-06-03 08:23:00,399dfec4-01ec-4e84-80b5-cb325d670571,600,24,624
968e65e4-417b-4b71-b500-bd93d7c366a8,76c48654-6fd5-4383-9917-f82ad4aea2d6,2022-06-03 08:41:00,399dfec4-01ec-4e84-80b5-cb325d670571,700,28,728
032cdf2a-9293-4204-93ce-6657c6a4ba94,2c57c610-0005-4cad-80d1-645d35f2c1bd,2022-06-03 11:56:00,399dfec4-01ec-4e84-80b5-cb325d670571,400,16,416
7561ee0c-c2cf-4cb1-9be8-ac0026928919,aedc7b77-61c3-4a78-b198-3c2c85bdc558,2022-06-03 13:52:00,399dfec4-01ec-4e84-80b5-cb325d670571,2600,104,2704
fdb36a3c-9e97-4524-94bd-5f970ef6ee01,dfbcbe7f-7ed6-424b-97f1-a5860ad72d65,2022-06-03 15:23:00,399dfec4-01ec-4e84-80b5-cb325d670571,1700,68,1768
81116825-7f8b-4dd6-a19b-da874308088b,c28b2934-ee10-4572-b543-13b07030b674,2022-06-03 08:26:00,399dfec4-01ec-4e84-80b5-cb325d670571,600,24,624
8e5ceb16-7352-4fe8-a8e7-9c5232aaf355,bf7f88d3-f1c0-4522-88c4-82330c4449ec,2022-06-03 17:42:00,399dfec4-01ec-4e84-80b5-cb325d670571,500,20,520
4bf6c8e1-6762-4cfe-9a0a-d792b8cd79e0,9e01e8aa-e852-4d14-a1bd-a7099859350b,2022-06-03 07:50:00,399dfec4-01ec-4e84-80b5-cb325d670571,700,28,728
fb703c36-bee4-42f8-9573-198abb776842,40287d26-4302-43df-a5fe-13be8f368808,2022-06-03 17:45:00,399dfec4-01ec-4e84-80b5-cb325d670571,2000,80,2080
e6eeec59-6c68-4413-aefb-908ac734a32b,0e8e5ba3-41fa-49ca-97f4-c447a239e83f,2022-06-03 12:42:00,399dfec4-01ec-4e84-80b5-cb325d670571,2800,112,2912
74f01716-812f-4495-b07d-5f219c1c0388,64db26a0-c128-4fd8-8d9d-7d6e8dca816f,2022-06-03 07:46:00,399dfec4-01ec-4e84-80b5-cb325d670571,600,24,624
e1b6b3dc-4aa2-495e-b1dd-24868961d02c,5e245f8b-8a35-48fc-bfd1-8d70aae8c168,2022-06-03 10:50:00,399dfec4-01ec-4e84-80b5-cb325d670571,0,0,0
78bf2855-c522-495b-95fb-df4f525e739e,acd3eb6d-6b79-4387-b568-bbae749f77a3,2022-06-03 08:02:00,399dfec4-01ec-4e84-80b5-cb325d670571,600,24,624
deb0da02-692e-40a6-beb8-befbfdd9657c,ed4fcf59-fb75-4666-8d20-f06e2aba1167,2022-06-03 12:13:00,399dfec4-01ec-4e84-80b5-cb325d670571,1600,64,1664
857dbd30-e372-437c-9ee4-0046ba45f71f,bc67e790-4d24-486d-807f-451f765d80cd,2022-06-03 08:07:00,399dfec4-01ec-4e84-80b5-cb325d670571,600,24,624
862898ad-bf2a-4bd6-b5ba-944e545aebf7,dad7706f-c7f1-48d1-b917-5c159cfffb63,2022-06-03 07:45:00,399dfec4-01ec-4e84-80b5-cb325d670571,500,20,520
c8fedbe8-3651-458a-8c3b-7f565427c1df,0a355498-5161-4e43-a119-739ad47fce7c,2022-06-03 08:12:00,399dfec4-01ec-4e84-80b5-cb325d670571,700,28,728
019b171f-b0a3-4e65-8513-a38f0cf24014,e5c6f80d-f9e5-4adb-9e14-77344fadcb11,2022-06-03 07:10:00,399dfec4-01ec-4e84-80b5-cb325d670571,600,24,624
12a52cd6-d733-4bf4-a06a-6551f9cddae8,db76ab32-831a-4cda-966d-d6da473fe822,2022-06-03 12:34:00,399dfec4-01ec-4e84-80b5-cb325d670571,400,16,416
53980e39-309f-4a27-b5fe-ae045719a66f,cdcb2920-cc0f-45c8-a08d-f245414cc4d1,2022-06-03 10:32:00,399dfec4-01ec-4e84-80b5-cb325d670571,2100,84,2184
dd83e2e3-f567-48df-9514-6f56e0f65c73,166c3999-d2fd-4356-8470-fbf1029cab0c,2022-06-03 17:46:00,399dfec4-01ec-4e84-80b5-cb325d670571,1800,72,1872
01896037-d503-44f6-b159-a34eb12392e9,1970761e-30b2-4231-b0c4-e598194512e9,2022-06-03 07:49:00,399dfec4-01ec-4e84-80b5-cb325d670571,600,24,624
405a206b-31bc-4a0c-b8c2-7df32efbe80f,3f44b8aa-7b06-4cbc-b5b8-62c759375abf,2022-06-03 08:41:00,399dfec4-01ec-4e84-80b5-cb325d670571,600,24,624
9273c0e3-e321-4e1d-bf58-f986e1789ae0,e51c17e9-54d2-4d0d-951b-d2e942484e4a,2022-06-03 07:30:00,399dfec4-01ec-4e84-80b5-cb325d670571,700,28,728
2e951061-d845-4fd0-8267-998496bc6c4e,661e7769-737a-4fea-9b2b-61f6ad5f730e,2022-06-03 08:41:00,399dfec4-01ec-4e84-80b5-cb325d670571,600,24,624
b40a606d-cf23-4f5d-b0fd-1f64ff79edc8,52a20272-6bdc-4d6e-abb9-dabf740d6785,2022-06-03 18:23:00,399dfec4-01ec-4e84-80b5-cb325d670571,700,28,728
808b9803-1209-4b33-bb85-fa0d8c3e9619,925b1e7a-db75-46f3-8233-e9a0d1cd3eea,2022-06-03 08:52:00,399dfec4-01ec-4e84-80b5-cb325d670571,700,28,728
8b521be6-7180-46e4-9634-be371f220113,a7b3a12d-695c-4f09-8f51-70f12068de94,2022-06-03 14:48:00,399dfec4-01ec-4e84-80b5-cb325d670571,600,24,624
42839b46-18c7-4e2b-af7e-7fb332bb66ed,60314e03-083b-4c10-8481-e96147ef36b6,2022-06-03 08:32:00,399dfec4-01ec-4e84-80b5-cb325d670571,600,24,624
bbbc7c48-ce0b-4ead-b6b8-34cea0cb186e,1e9b8783-1cf3-480c-ade5-2c44cee664c3,2022-06-03 13:40:00,399dfec4-01ec-4e84-80b5-cb325d670571,700,28,728
f6d04280-76b5-43b9-bab3-d62eba5b5887,0632018d-13b0-4b17-8c09-2355784aa5aa,2022-06-03 07:29:00,399dfec4-01ec-4e84-80b5-cb325d670571,500,20,520
3340f069-1d3a-45ab-80b6-3f658c4751e1,cbfe5614-8eaa-4e55-8eb0-280ca8c3b206,2022-06-03 14:49:00,399dfec4-01ec-4e84-80b5-cb325d670571,500,20,520
28eb2652-ba6f-4b1e-b4f7-6e4ada4e4981,86e5e6c3-4891-4fc4-8c11-9b25569b7cdf,2022-06-03 16:12:00,399dfec4-01ec-4e84-80b5-cb325d670571,600,24,624
a04d1e64-d00f-41f1-9aa6-9ffedf3ad6dc,5de2ad61-7d0f-4bd1-976c-54232ea6a2e7,2022-06-03 09:01:00,399dfec4-01ec-4e84-80b5-cb325d670571,500,20,520
67b65130-f6c3-4930-bcb2-e9a8b0cffabb,3bb49496-c584-4dca-96ec-46f242a9196e,2022-06-03 15:33:00,399dfec4-01ec-4e84-80b5-cb325d670571,400,16,416
2feace69-eb10-45e5-a30e-74ac4b0a5f3b,fbc8d614-e3eb-4407-a764-2523025a5ec8,2022-06-03 14:18:00,399dfec4-01ec-4e84-80b5-cb325d670571,1700,68,1768
a4769149-941a-4210-9bb9-5a837a62f24c,adb373d5-a395-4255-97af-7d0c6cc6b076,2022-06-03 08:06:00,399dfec4-01ec-4e84-80b5-cb325d670571,400,16,416
31cd86bd-504a-4af1-9e18-a6e02d4b6380,af32d332-5348-4db7-b85e-10e8c869b09b,2022-06-03 10:34:00,399dfec4-01ec-4e84-80b5-cb325d670571,600,24,624
9ce1a2e4-3eb9-4c02-98cc-9887fbbe2dfd,ec49d138-10a8-4728-b374-f0787bc58520,2022-06-03 15:21:00,399dfec4-01ec-4e84-80b5-cb325d670571,600,24,624
76f7b85e-8c1a-4044-acdc-50b70bf1c7e6,adb25cda-7b6a-40cf-b406-ad69754ee6b0,2022-06-03 08:49:00,399dfec4-01ec-4e84-80b5-cb325d670571,600,24,624
1dea1c96-486e-466a-ad5c-4765de71302f,5287ce91-88ed-4f3c-97ab-9e4b1a54601b,2022-06-03 15:20:00,399dfec4-01ec-4e84-80b5-cb325d670571,700,28,728
1ba694b1-a27a-4615-b0f0-49609bc1880c,2525b843-71b8-49bf-98a1-4233133347d3,2022-06-03 08:31:00,399dfec4-01ec-4e84-80b5-cb325d670571,600,24,624
c4c4725d-c7c3-49f0-a846-c8eb1b58e519,6d815359-11dd-495a-8d4a-2a0b66de8bbf,2022-06-03 18:05:00,399dfec4-01ec-4e84-80b5-cb325d670571,2000,80,2080
e2ea0d20-4c7f-41ae-9030-ab889ca5e297,0a1048f1-85cc-41f0-b631-2d395fc26b9a,2022-06-03 07:46:00,399dfec4-01ec-4e84-80b5-cb325d670571,400,16,416
c8df3b25-4683-42ba-9074-3028d1b12484,60d3b546-cebe-4f0e-af9e-e06c841f0d7b,2022-06-03 14:35:00,399dfec4-01ec-4e84-80b5-cb325d670571,1600,64,1664
d44ff787-95b6-4aa4-adcc-1f6759d6ed19,b46b4fb3-8cac-4fc1-b866-d8a3911e9ee6,2022-06-03 08:23:00,399dfec4-01ec-4e84-80b5-cb325d670571,700,28,728
4a1030e4-a950-4b0f-96d5-8a0d49e5b177,6d4c7874-f396-4603-9f6b-243c1b2f5249,2022-06-03 07:11:00,399dfec4-01ec-4e84-80b5-cb325d670571,400,16,416
c0ef708f-8d3f-44e8-a365-4c244f9f4c42,1fd4af81-2e12-4ed4-8893-dd4eaee5ae1a,2022-06-03 09:01:00,399dfec4-01ec-4e84-80b5-cb325d670571,500,20,520
cf246b2f-6b24-4340-8d5b-081d4f244e6d,1c7c3326-d10b-4cb5-8266-0d9638b1303e,2022-06-03 07:56:00,399dfec4-01ec-4e84-80b5-cb325d670571,700,28,728
32413bbc-02c9-41c1-ad0e-29c842568881,47dabfd4-2050-4494-b080-1a34b1bc9616,2022-06-03 14:04:00,399dfec4-01ec-4e84-80b5-cb325d670571,700,28,728
b601a634-9c2f-4a4a-ba46-151b006931a2,fd59c062-af23-4f13-964f-d33abe7a9d2a,2022-06-03 10:34:00,399dfec4-01ec-4e84-80b5-cb325d670571,2100,84,2184
01b98518-6765-4540-a951-84f6cefa2b2f,3750046f-1d16-4403-b390-b0daba002397,2022-06-03 07:38:00,399dfec4-01ec-4e84-80b5-cb325d670571,700,28,728
351e113f-a93d-4d79-a86e-ae61ec6fc52f,733c49b4-b2bb-4b79-8925-2f00ca5f792b,2022-06-03 12:52:00,399dfec4-01ec-4e84-80b5-cb325d670571,600,24,624
49be1dc3-2e37-41e8-bbb5-a41edaa48bfd,706032a5-7ec5-4263-9b19-a692736a7b4d,2022-06-03 14:15:00,399dfec4-01ec-4e84-80b5-cb325d670571,600,24,624
212e6e02-fa2b-488d-b5a7-1cab24ed051a,53c74fc1-b133-42b2-a1e9-67c9bf047e1b,2022-06-03 08:26:00,399dfec4-01ec-4e84-80b5-cb325d670571,400,16,416
6399f659-4905-4fcd-82fa-fce0078859cb,f4c58163-72ff-4bb0-bb23-a96e150c760b,2022-06-03 10:19:00,399dfec4-01ec-4e84-80b5-cb325d670571,500,20,520
a2216d56-2fb6-4be0-9a4c-7ed887b50fbd,d7d55d7a-adfa-4bca-aca3-e8d9cdef2bbb,2022-06-03 08:14:00,399dfec4-01ec-4e84-80b5-cb325d670571,700,28,728
9d969cd0-4127-4fd9-83ec-7ba693aa3463,d9f1e50b-9f13-4b29-84b4-58bce0b318e9,2022-06-03 17:05:00,399dfec4-01ec-4e84-80b5-cb325d670571,600,24,624
fd5842d6-7efa-4d23-941f-67b5b6cc82f2,044533c1-2a6d-428d-9c51-24fecdb4ab49,2022-06-03 12:36:00,399dfec4-01ec-4e84-80b5-cb325d670571,500,20,520
82d2f43b-a41e-4c4a-ac10-765cc0c16e9d,ea90cf6c-55a0-4b3f-a71f-d545222e1f94,2022-06-03 07:38:00,399dfec4-01ec-4e84-80b5-cb325d670571,600,24,624
05f60e7b-b88a-4abf-b201-8096b45623c7,efbc7b36-a08a-4e2b-b07b-10ba647ee226,2022-06-03 12:08:00,399dfec4-01ec-4e84-80b5-cb325d670571,1000,40,1040
28898204-b152-4924-ab16-c8b4210a7671,9caba1bb-73eb-4a7f-a519-ad2cf648da6f,2022-06-03 07:47:00,399dfec4-01ec-4e84-80b5-cb325d670571,400,16,416
73360be4-d58c-4a0b-b6d6-f512bb870014,cecb29ab-71b2-4db2-aa1c-82bbaacba8b2,2022-06-03 07:14:00,399dfec4-01ec-4e84-80b5-cb325d670571,600,24,624
56a22dd9-7ed2-4060-9239-859bde3011ed,66c46797-fba8-4ed2-9d78-9f782204a10c,2022-06-03 14:34:00,399dfec4-01ec-4e84-80b5-cb325d670571,1100,44,1144
b543e504-2ad6-4ccd-8b1d-5678b7e521f6,59f6cd93-9ddb-4491-92fb-415d9f73dc7d,2022-06-03 07:33:00,399dfec4-01ec-4e84-80b5-cb325d670571,600,24,624
8aefdfe9-6030-4e42-abdf-8ed3b683329d,63bed2a4-3b22-40b0-ba56-8df88ee6c432,2022-06-03 17:29:00,399dfec4-01ec-4e84-80b5-cb325d670571,2300,92,2392
affc10b4-ada5-4480-8ac0-2cb96f0513a0,bb23bd8f-2dbd-42e5-93dd-0ec45e5fecdf,2022-06-03 09:31:00,399dfec4-01ec-4e84-80b5-cb325d670571,3400,136,3536
9a7735d7-c231-4beb-a150-806e39cbdfea,df0ab0b8-fcfa-4c9e-8185-b51285182ccd,2022-06-03 08:11:00,399dfec4-01ec-4e84-80b5-cb325d670571,500,20,520
295e1ece-8602-4052-b809-20dcce8571c6,2a7e56cc-6b2f-40a0-a61f-27bf37a61463,2022-06-03 07:12:00,399dfec4-01ec-4e84-80b5-cb325d670571,500,20,520
70f23d61-e285-430d-9f69-c607e70ab86f,f6b29537-3df0-46dd-ac88-a11fc5036e04,2022-06-03 07:42:00,399dfec4-01ec-4e84-80b5-cb325d670571,600,24,624
b449e1a0-28ab-4ac6-9f90-6e993e56ce4a,967a7022-3d32-4b50-b71a-bcf7644a97fc,2022-06-03 08:09:00,399dfec4-01ec-4e84-80b5-cb325d670571,600,24,624
f1ba7d9e-089d-4caa-ac97-d62a848dccdb,9492ca1a-2489-42b2-b0c9-6adacca9b1c5,2022-06-03 16:30:00,399dfec4-01ec-4e84-80b5-cb325d670571,600,24,624
fb82f698-03c2-4d1e-b8df-e663ed99d963,78642928-cbcd-48ba-bda3-d180d488a8c5,2022-06-03 16:21:00,399dfec4-01ec-4e84-80b5-cb325d670571,700,28,728
540c8691-f6b3-4b33-97f2-2721f4653acd,446b3f9c-d290-4c3b-a93c-b329d64e2995,2022-06-03 11:36:00,399dfec4-01ec-4e84-80b5-cb325d670571,600,24,624
9b5963f2-5342-48a9-ac7c-c55c081539bb,d575cd71-0ddd-4bb1-8b77-0b5fde2bcd72,2022-06-03 14:30:00,399dfec4-01ec-4e84-80b5-cb325d670571,1300,52,1352
7a3ebb78-ccfd-4ac9-9fe1-bbf03f3d799f,54c06357-05bb-48e5-9b6a-e20fed5ec1e8,2022-06-03 07:02:00,399dfec4-01ec-4e84-80b5-cb325d670571,400,16,416
3704520a-46d8-4d35-8291-4c871f7b1bef,55517e0f-2b21-41dc-8065-d5e01b41691d,2022-06-03 18:40:00,399dfec4-01ec-4e84-80b5-cb325d670571,500,20,520
f3bcf8cb-808f-4f35-aebb-8d617f8c54d5,296f6a4c-2b3f-476b-854b-0d2c759eca2b,2022-06-03 07:36:00,399dfec4-01ec-4e84-80b5-cb325d670571,500,20,520
fe2dfb4b-b8c6-4ad5-85f3-a1f5cf9636e8,72aeb592-96e3-45e7-aa05-21afbd37b13a,2022-06-03 16:37:00,399dfec4-01ec-4e84-80b5-cb325d670571,500,20,520
4c903135-b375-41d8-a59e-883e8bc3915c,deb78c99-39dc-4bc6-945d-b40d9b610cc8,2022-06-03 16:38:00,399dfec4-01ec-4e84-80b5-cb325d670571,400,16,416
a13fcc3f-e956-42bf-a90a-c594152088ac,22fca930-291f-4c23-a67f-13d00786a2cf,2022-06-03 07:54:00,399dfec4-01ec-4e84-80b5-cb325d670571,600,24,624
47215484-f3a8-4536-9ae4-81b4f675921e,9515927d-5691-4b7b-a235-dffd1b58ebd2,2022-06-03 08:56:00,399dfec4-01ec-4e84-80b5-cb325d670571,500,20,520
185ec452-ef7e-4bf7-b6e8-a5fd9c6b57ff,b6b02872-b0cd-4e89-abfb-465489960cd6,2022-06-03 07:45:00,399dfec4-01ec-4e84-80b5-cb325d670571,500,20,520
597d9105-4e72-454a-934e-05ebc77752d0,4cb2e92d-fcb5-42b4-a2ee-66cf0ccbc5e1,2022-06-03 16:55:00,399dfec4-01ec-4e84-80b5-cb325d670571,1600,64,1664
e26b7602-d950-4d94-a1cf-457ba0a1577a,8b1d2bc3-ebe1-425b-903a-e41320247b12,2022-06-03 08:18:00,399dfec4-01ec-4e84-80b5-cb325d670571,600,24,624
ba03c9f5-bd82-480c-acdb-daaf3cf5f54e,c6f07dd8-f835-4d99-b7bb-8312d4a48768,2022-06-03 14:15:00,399dfec4-01ec-4e84-80b5-cb325d670571,2600,104,2704
f3a7c31e-446e-4306-8c50-72988517e77f,9e56e04d-0188-40ad-af1a-57ca2a3831b1,2022-06-03 08:17:00,399dfec4-01ec-4e84-80b5-cb325d670571,700,28,728
8550567b-953d-4e81-a4ce-42d49365ffdc,5b02ecdc-5f45-4f12-ba3a-c3c7771c27ca,2022-06-03 11:15:00,399dfec4-01ec-4e84-80b5-cb325d670571,1100,44,1144
9cddc356-09bf-462e-8232-01a575ccb034,8642eec3-2ef9-4242-8bd3-867d12ebf55f,2022-06-03 17:27:00,399dfec4-01ec-4e84-80b5-cb325d670571,600,24,624
04f4b3a0-29e9-4dc8-935e-e2bf9d6fe078,dae88525-0ebd-4798-b37f-dc8ee311646a,2022-06-03 16:48:00,399dfec4-01ec-4e84-80b5-cb325d670571,1000,40,1040
16fe9624-5afb-471d-a296-37afd31d89f1,8c84dcd6-b688-4626-9015-e867dc2f3b84,2022-06-03 09:54:00,399dfec4-01ec-4e84-80b5-cb325d670571,700,28,728
8e60c927-fc7f-4cef-8c8c-6a60fee203ea,04118228-dc07-47b3-aa7d-8af1dd2612fc,2022-06-03 09:51:00,399dfec4-01ec-4e84-80b5-cb325d670571,400,16,416
719b5e8b-1221-48fd-a56f-7c0048d7d637,3b038156-d454-4b44-b32d-706f0f2da264,2022-06-03 15:38:00,399dfec4-01ec-4e84-80b5-cb325d670571,400,16,416
9fdf8f41-dddd-42ba-b7e7-7735a8a762ff,c80f7422-fd62-4bf9-aa1f-e01de5afd158,2022-06-03 13:37:00,399dfec4-01ec-4e84-80b5-cb325d670571,600,24,624
f8d1b4df-6834-48c7-b5b3-efca72cda9dd,81f3d088-3350-4505-b96b-337f89915135,2022-06-03 12:05:00,399dfec4-01ec-4e84-80b5-cb325d670571,600,24,624
ef6647b0-c8bc-4bdd-90c5-27e3fe640444,094321f3-e548-41d6-aaf0-6a757154ce2a,2022-06-03 10:48:00,399dfec4-01ec-4e84-80b5-cb325d670571,1700,68,1768
597a9529-3037-4eb3-a0b9-ed550e121aba,2592a05c-b816-4d42-9094-6c4cc1233fb8,2022-06-03 12:02:00,399dfec4-01ec-4e84-80b5-cb325d670571,600,24,624
b16fb09b-6015-4f6c-a74d-48314f9977c6,792943df-db3f-4147-9a2e-52694cbb3f9f,2022-06-03 15:57:00,399dfec4-01ec-4e84-80b5-cb325d670571,400,16,416
16342e03-39c0-49ff-95e0-1f70701717d9,1d2bee3a-184a-4cb2-80b3-1dce38b22d22,2022-06-03 07:41:00,399dfec4-01ec-4e84-80b5-cb325d670571,700,28,728
6e999393-419d-4207-8a4e-5d4f02b7f598,bed25d79-2540-4845-bba9-bf545aa212d5,2022-06-03 08:26:00,399dfec4-01ec-4e84-80b5-cb325d670571,700,28,728
f3e834fc-15bd-4347-845c-fd7af14e03df,d48b8bc6-6b9c-4ea5-ba1f-178d499d6e3c,2022-06-03 08:17:00,399dfec4-01ec-4e84-80b5-cb325d670571,700,28,728
4dc25330-49c3-42d8-91ff-4cafcc277c45,6f365f6f-1754-4a30-bcde-ebbb019f50cb,2022-06-03 15:51:00,399dfec4-01ec-4e84-80b5-cb325d670571,600,24,624
6b11ebba-b5f0-471d-89ce-ff928ac5a9bb,47202b7f-f02c-4fa7-bc76-f0a8a6c3c6f4,2022-06-03 15:28:00,399dfec4-01ec-4e84-80b5-cb325d670571,1600,64,1664
5a25dc87-1f77-41f2-9c5f-fe782759e259,dc9a9021-d724-497c-9335-ff3a0ee8506e,2022-06-03 12:22:00,399dfec4-01ec-4e84-80b5-cb325d670571,700,28,728
d45a3b55-f86e-41f0-94b6-610d2e193984,1a397e98-a315-410a-a7b9-84e908831ab2,2022-06-03 10:19:00,399dfec4-01ec-4e84-80b5-cb325d670571,700,28,728
a79f3ce2-64d4-47e1-a68e-3b3624cccfc8,c806e9ec-86a1-49ff-bccd-d1b29cb94e49,2022-06-03 14:55:00,399dfec4-01ec-4e84-80b5-cb325d670571,700,28,728
ea1e4800-cee6-4bd1-a0e6-6c2e2fdde2dd,41987941-1c75-4899-82ce-059f829fe6a7,2022-06-03 17:59:00,399dfec4-01ec-4e84-80b5-cb325d670571,1700,68,1768
2454abd5-b129-4178-810e-3b3103c97060,42edd54e-81f6-441b-8544-03202ee1758b,2022-06-03 07:33:00,399dfec4-01ec-4e84-80b5-cb325d670571,600,24,624
24a2f6e4-1a6d-4c31-8f03-3585a5e2013c,27d02c94-a3b6-42e8-9008-fa7ce7a0733b,2022-06-03 15:29:00,399dfec4-01ec-4e84-80b5-cb325d670571,700,28,728
c9087cfc-dd42-413b-b5b8-7ec262159294,bd71fb03-b338-4c1f-a560-f9b491c9b18b,2022-06-03 13:04:00,399dfec4-01ec-4e84-80b5-cb325d670571,400,16,416
27ec65e1-62e9-46f5-83da-e7bb3f919f23,8eaa6afd-6912-40d4-89a5-25edd3277057,2022-06-03 08:13:00,399dfec4-01ec-4e84-80b5-cb325d670571,600,24,624
229e81ad-52bc-4cca-a061-82124c136283,047917ca-7ab2-453c-9301-f95121c3fe26,2022-06-03 14:17:00,399dfec4-01ec-4e84-80b5-cb325d670571,1700,68,1768
34a6b5cd-1de4-4ccb-962b-a6a58fd4540f,da1f4cec-6a00-4809-9474-e6f12290b50a,2022-06-03 08:37:00,399dfec4-01ec-4e84-80b5-cb325d670571,600,24,624
d9a2a226-37d5-40ab-b9ad-0a270f1c82f4,c30e2f33-d889-44eb-966b-5d322f423144,2022-06-03 13:39:00,399dfec4-01ec-4e84-80b5-cb325d670571,3700,148,3848
c2a642f2-cfd0-4e39-bd28-749605e42b42,d2bca176-3811-48af-8634-7e79b1e71005,2022-06-03 08:11:00,399dfec4-01ec-4e84-80b5-cb325d670571,500,20,520
fc8ea5d3-da3e-4857-a64f-c2c2f04ed9c1,aa619249-0107-432a-b657-1cd8066c6cf1,2022-06-03 08:58:00,399dfec4-01ec-4e84-80b5-cb325d670571,600,24,624
767a0a63-3191-46a5-84db-23cb2cc8843b,8a30d95d-a13d-4ac7-94bd-492255495aa0,2022-06-03 08:33:00,399dfec4-01ec-4e84-80b5-cb325d670571,500,20,520
06340132-5ddb-4c6a-8cbd-a40fcf504bff,aa7f1968-ea02-48ca-9133-4b9a11130085,2022-06-03 14:44:00,399dfec4-01ec-4e84-80b5-cb325d670571,400,16,416
f7295b50-74ab-4a11-b213-66dfe8e493a1,bca7ccae-c4ad-44f6-bac2-61812db72e3c,2022-06-03 16:48:00,399dfec4-01ec-4e84-80b5-cb325d670571,700,28,728
3a014e3b-ab4e-4b4a-b1f5-227230def1af,c2122736-645f-4e2c-8798-f50a038cd3ac,2022-06-03 07:55:00,399dfec4-01ec-4e84-80b5-cb325d670571,600,24,624
c9ce4462-ee24-43c7-8eb4-6b453bdf5bef,80ca21f8-93e5-495d-bb56-054227484bee,2022-06-03 08:00:00,399dfec4-01ec-4e84-80b5-cb325d670571,400,16,416
fb20a8b9-0bc1-40a9-b616-ff7dde900bb7,78786d33-bad0-48cc-beb9-8f5be69b253a,2022-06-03 14:11:00,399dfec4-01ec-4e84-80b5-cb325d670571,1800,72,1872
abad0935-fec4-4115-8101-6b74ede663e6,c5eee5d1-adab-4f6c-b0f6-f734e29aaeb9,2022-06-03 13:20:00,399dfec4-01ec-4e84-80b5-cb325d670571,600,24,624
45be3b3b-a22f-4176-b61f-50582894f307,31bcc2b0-1949-4bf8-b3a1-bba8b307b63b,2022-06-03 14:48:00,399dfec4-01ec-4e84-80b5-cb325d670571,1000,40,1040
2042a3ca-3636-41bf-b93b-303d9444e9e7,02d95fd6-1019-4486-b901-bb53f5b8a321,2022-06-03 07:16:00,399dfec4-01ec-4e84-80b5-cb325d670571,700,28,728
062a47a9-bc51-482e-b604-a7b0541e361b,386340af-6088-4f1f-ae02-2c9b5354c3a8,2022-06-03 12:06:00,399dfec4-01ec-4e84-80b5-cb325d670571,1900,76,1976
aa0890ab-5613-4ecf-a578-7fa95ae49dbb,f562c197-2120-4bc3-ad48-f86f3af31d93,2022-06-03 12:55:00,399dfec4-01ec-4e84-80b5-cb325d670571,1000,40,1040
01d4c165-6de1-4cfa-ac83-1ff7bd404dc1,0e83b29c-870a-4a62-a84b-e7db2a461c34,2022-06-03 12:03:00,399dfec4-01ec-4e84-80b5-cb325d670571,400,16,416
1bf1e19e-a628-4c83-9743-5e702c5d2e5d,4e2f586d-21cc-44d0-8ba0-0ab553f89593,2022-06-03 07:55:00,399dfec4-01ec-4e84-80b5-cb325d670571,500,20,520
239f8dfd-7120-4b0a-a60d-7f081361c7e0,1f318b87-a217-4382-9920-052ed8c34a02,2022-06-03 17:51:00,399dfec4-01ec-4e84-80b5-cb325d670571,1700,68,1768
96433574-acb2-4fff-a3e7-c6694b473a8c,8e38740b-b208-41d8-842e-1d3adbc0061f,2022-06-03 16:44:00,399dfec4-01ec-4e84-80b5-cb325d670571,500,20,520
c2bcb1d1-b751-45e3-9fc2-d0642fbb74f0,8ca41c27-cf82-46d7-a704-e9548ff9b94d,2022-06-03 09:29:00,399dfec4-01ec-4e84-80b5-cb325d670571,0,0,0
dd4f33fb-bcfb-463c-b0f5-7eb0bc6931ff,35c48889-9128-49d3-8202-144e3434c195,2022-06-03 07:58:00,399dfec4-01ec-4e84-80b5-cb325d670571,600,24,624
18e033b8-5675-4036-8b89-a8a86e0e5dd2,337caee2-578d-4ff8-8415-bdd171629624,2022-06-03 08:11:00,399dfec4-01ec-4e84-80b5-cb325d670571,600,24,624
d74a47e9-9e8a-4069-b708-3198f4b83cda,df7ab85e-a71c-404b-a801-79763e8311d0,2022-06-03 07:59:00,399dfec4-01ec-4e84-80b5-cb325d670571,600,24,624
21e842fa-c819-4083-9a88-91b1fcc1a0b9,56523397-5a78-44eb-8c6e-4f63400a088e,2022-06-03 07:59:00,399dfec4-01ec-4e84-80b5-cb325d670571,600,24,624
c8a200e7-9b53-46f9-924b-80287c9a5089,191e694f-4bc9-4786-b0b6-1198fbb81cf2,2022-06-03 10:30:00,399dfec4-01ec-4e84-80b5-cb325d670571,400,16,416
54d3de11-af1d-4220-96fc-0041c6d9aadd,e9a08355-9bf4-4d1e-8360-23a480b06bd9,2022-06-03 11:02:00,399dfec4-01ec-4e84-80b5-cb325d670571,3000,120,3120
c152e292-c475-4936-902b-d316b091430c,3fd9454f-29e8-4ea8-8fba-538c0c968c03,2022-06-03 18:33:00,399dfec4-01ec-4e84-80b5-cb325d670571,1700,68,1768
a2111b4a-677f-457f-b9c3-87fb658ede6c,b9892ed8-d7b1-4b54-8ca3-f2eff400a3a2,2022-06-03 07:57:00,399dfec4-01ec-4e84-80b5-cb325d670571,500,20,520
c7461a4b-3280-415a-9ac9-56d1af1805d9,10bc48fd-188c-4186-bd31-1e725010e285,2022-06-03 15:26:00,399dfec4-01ec-4e84-80b5-cb325d670571,600,24,624
cf213f8b-e07d-4079-947d-806cb97249dd,629f5d40-70a3-46cc-aa4e-e07f822098ad,2022-06-03 08:59:00,399dfec4-01ec-4e84-80b5-cb325d670571,500,20,520
b64dae66-fffa-4c05-9349-d2b4e8dc2f26,7a2ce05d-aa5b-4c52-95e2-fad4eea5312d,2022-06-03 16:31:00,399dfec4-01ec-4e84-80b5-cb325d670571,600,24,624
b70a9a36-ec0c-4ede-8df7-6cefcf0be48b,01ad5e63-5943-467e-a1d9-f9658ba260eb,2022-06-03 08:03:00,399dfec4-01ec-4e84-80b5-cb325d670571,400,16,416
474163d0-2599-4423-be35-6d1dc0017422,ae2fbb8f-0ed4-4a44-9b72-66606afefc2a,2022-06-03 12:00:00,399dfec4-01ec-4e84-80b5-cb325d670571,2800,112,2912
0f8b73e3-7ed5-48fa-99a6-a5731a17923b,3ba017e1-3de6-4cf0-986b-4e215573508b,2022-06-03 16:28:00,399dfec4-01ec-4e84-80b5-cb325d670571,500,20,520
9d27393d-799a-4ee7-adbc-2eabc5f57f05,d787287a-9b36-46ee-8c9a-3425302d81bc,2022-06-03 08:43:00,399dfec4-01ec-4e84-80b5-cb325d670571,400,16,416
df76682e-bd95-4377-86d5-ced75c3ec213,f8fa33a8-b390-4666-87a1-cebd987d2dee,2022-06-03 07:52:00,399dfec4-01ec-4e84-80b5-cb325d670571,400,16,416
86b3346d-a4db-46f8-87c8-86d7e194541e,fab0de85-1e9d-4a30-abed-e99da282f7a9,2022-06-03 11:26:00,399dfec4-01ec-4e84-80b5-cb325d670571,700,28,728
41c321c3-a9b2-46af-ba09-bbd24a67f52c,4820e533-6ef9-474a-93c4-7d85c2f425a1,2022-06-03 14:35:00,399dfec4-01ec-4e84-80b5-cb325d670571,500,20,520
8bbd0d62-ebaf-4014-99a9-65c0bb5497db,e1ab4bba-e1ba-4de1-861e-8e60f782f0ae,2022-06-03 16:52:00,399dfec4-01ec-4e84-80b5-cb325d670571,700,28,728
5eb23227-a22d-4387-941e-7f5f2544afd0,fe5970a8-ffd4-4560-8321-418435f93f1d,2022-06-03 08:24:00,399dfec4-01ec-4e84-80b5-cb325d670571,400,16,416
57a661f2-0d35-467f-80f1-0288e34adf8d,fc10183f-d1a5-4d89-8215-35d052711ca7,2022-06-03 11:43:00,399dfec4-01ec-4e84-80b5-cb325d670571,1400,56,1456
4ed80392-f4c9-44bb-b554-e453bcc58ea7,175b56d1-f0a1-4312-80d4-933a026c0757,2022-06-03 08:01:00,399dfec4-01ec-4e84-80b5-cb325d670571,700,28,728
7c6f7c3e-7cba-4a5e-af7e-fde178167b80,393e344b-01f0-4b0f-8532-6a69f5448868,2022-06-03 08:39:00,399dfec4-01ec-4e84-80b5-cb325d670571,600,24,624
ae2e096c-3a2e-44ab-b9b7-955cff018c7e,f7e7396b-020c-4ce3-876c-1598ff603f5c,2022-06-03 18:31:00,399dfec4-01ec-4e84-80b5-cb325d670571,500,20,520
ecfa8a6b-1e75-4ece-8079-b410a45bd257,88d6b3c9-5501-4dcc-8870-88d2b5a7d2b7,2022-06-03 07:32:00,399dfec4-01ec-4e84-80b5-cb325d670571,600,24,624
4d813417-9503-47db-a174-dc89f49bf6e5,56ca389d-e4ed-4ef5-aad9-06921244e5fa,2022-06-03 14:11:00,399dfec4-01ec-4e84-80b5-cb325d670571,600,24,624
58323dad-9666-4ad9-b4bc-a1b68693bed8,c60b2684-3387-4c5b-9304-ce101427a10e,2022-06-03 07:47:00,399dfec4-01ec-4e84-80b5-cb325d670571,500,20,520
0e1855ae-e6bb-4fc8-aedb-6cadc1996c23,190fbfa8-42b6-49cb-bfa2-1f3fa4d2b6c9,2022-06-03 19:35:00,399dfec4-01ec-4e84-80b5-cb325d670571,1200,48,1248
90aecce9-ee9f-453f-9f11-0b2947da4813,bbd4a2a1-6d78-49be-847b-042067ac5461,2022-06-03 08:06:00,399dfec4-01ec-4e84-80b5-cb325d670571,4100,164,4264
3e4de62b-1575-42c4-be81-68b4466fef2e,6ebef4bf-63b8-4e88-a3ee-5371e37ad7d2,2022-06-03 13:08:00,399dfec4-01ec-4e84-80b5-cb325d670571,500,20,520
87313e08-a8a4-4dd9-8bf1-27610f87936e,551bc247-f456-46e6-a6fa-c584861be6c0,2022-06-03 15:04:00,399dfec4-01ec-4e84-80b5-cb325d670571,1700,68,1768
69e0cf04-d5f3-4368-ab25-104d6879c1f0,49c762bb-3c37-4b70-89e7-915b46aea67e,2022-06-03 15:27:00,399dfec4-01ec-4e84-80b5-cb325d670571,700,28,728
10a7ed84-1cdd-426e-b9bb-15729424197c,82490db6-c9bd-4a9c-a119-f07fbf6a46b5,2022-06-03 07:56:00,399dfec4-01ec-4e84-80b5-cb325d670571,700,28,728
be21b394-3ce0-4ef6-a251-75474dbe62e6,6be14bf4-3d0e-4952-bf65-4c65a84d6317,2022-06-03 07:39:00,399dfec4-01ec-4e84-80b5-cb325d670571,400,16,416
e2964c02-3a05-45b5-a7d7-fb9d226ab099,58ad3080-6386-4389-b206-731a5696a3b1,2022-06-03 17:11:00,399dfec4-01ec-4e84-80b5-cb325d670571,1800,72,1872
6767f8a0-1725-4e2e-be1b-329c506219cc,638b7677-d131-4292-886e-bf9c8d6b99ba,2022-06-03 08:26:00,399dfec4-01ec-4e84-80b5-cb325d670571,700,28,728
336f23fb-5906-4b8e-9383-c408be072dde,38b04a00-25c3-4cc0-9de5-c5c9807752fb,2022-06-03 11:17:00,399dfec4-01ec-4e84-80b5-cb325d670571,700,28,728
718f8d1c-6507-468e-b49f-8ed9323c5455,9aadacf8-7794-44fd-a9d6-9841d4462262,2022-06-03 11:46:00,399dfec4-01ec-4e84-80b5-cb325d670571,600,24,624
8aab4744-7acb-4173-9555-721702b3c5ed,3dfec5a1-2732-414d-82de-29395c432266,2022-06-03 07:01:00,399dfec4-01ec-4e84-80b5-cb325d670571,600,24,624
52960351-df3e-415a-bad0-2a78497aced8,d4b10640-7bc3-4058-80e9-f6ec9935faa6,2022-06-03 14:25:00,399dfec4-01ec-4e84-80b5-cb325d670571,600,24,624
b740e899-b0f5-4d53-b128-a2498e573e37,87d299e0-d1b9-48df-9374-deebc903fcec,2022-06-03 10:54:00,399dfec4-01ec-4e84-80b5-cb325d670571,600,24,624
7008df1a-eade-4e7c-89ec-efd07cda476c,b741bbdf-2063-4577-a506-c8982e3a0323,2022-06-03 08:10:00,399dfec4-01ec-4e84-80b5-cb325d670571,600,24,624
7fb4fa8e-ae0a-4de8-8909-7e419bfd205a,47102ecf-be37-4a37-adaa-b5ed933ebf2a,2022-06-03 10:21:00,399dfec4-01ec-4e84-80b5-cb325d670571,600,24,624
f145c00e-c5c3-47d9-b1aa-d633a3bc55fb,573450ad-16f9-4e5c-a6e9-42642ecc2093,2022-06-03 18:34:00,399dfec4-01ec-4e84-80b5-cb325d670571,600,24,624
0e2063fb-d490-485c-ba05-0a61bd4d4b95,3c6cf4c6-49bc-4e6c-901f-ebf9af01ee6c,2022-06-03 15:10:00,399dfec4-01ec-4e84-80b5-cb325d670571,500,20,520
ba308140-482c-4eea-8f64-a091af95336e,bb9d7ade-1359-411a-b0e7-e27c37588d1c,2022-06-03 08:47:00,399dfec4-01ec-4e84-80b5-cb325d670571,600,24,624
6a8d3875-dc54-4fc3-a899-c355ada25ebf,90c4aa98-bd75-46e4-b7ee-0d5e3c7d7e57,2022-06-03 16:54:00,399dfec4-01ec-4e84-80b5-cb325d670571,500,20,520
e0e9f34e-26e0-435e-94aa-89f7fc47318f,419d1cd0-c9ee-4c57-9ce9-f01e6a0c4637,2022-06-03 08:07:00,399dfec4-01ec-4e84-80b5-cb325d670571,600,24,624
e001b7c6-f62e-428e-99c3-62f913c65199,9385e880-136f-4853-bb94-87d293e455f9,2022-06-03 16:29:00,399dfec4-01ec-4e84-80b5-cb325d670571,1800,72,1872
9f93db55-7501-44f9-a70b-396b81c73d6a,9350c210-10a7-4b2f-ba74-5f52c9f4319b,2022-06-03 07:58:00,399dfec4-01ec-4e84-80b5-cb325d670571,700,28,728
bdd4d398-194a-4c83-ac24-c13376e2af48,2e115436-fac0-48c1-8088-4a199e32aeb8,2022-06-03 07:00:00,399dfec4-01ec-4e84-80b5-cb325d670571,600,24,624
42a1050d-354e-49ca-ae23-813e6d84bd48,b5cf197e-940c-48e2-b168-b2b93b207616,2022-06-03 18:38:00,399dfec4-01ec-4e84-80b5-cb325d670571,1700,68,1768
e03e075e-d794-431a-bae0-fa483c311c8a,0be01822-b3ad-436b-8a28-31a7c0cca801,2022-06-03 12:23:00,399dfec4-01ec-4e84-80b5-cb325d670571,600,24,624
ab54f5f7-5730-4da2-a7ed-b9b3cd1cabbc,c0f66bfa-64b7-407a-bdba-c8e6d01367c8,2022-06-03 11:49:00,399dfec4-01ec-4e84-80b5-cb325d670571,500,20,520
3cae6aeb-2697-4dbc-b908-85ddf5f70805,66c7df80-d945-468b-91db-2a2e7f5333f9,2022-06-03 13:31:00,399dfec4-01ec-4e84-80b5-cb325d670571,600,24,624
3a6e84d3-5abd-4969-843e-6a40868cf50a,3a49ef30-840a-49cf-9af7-2950d5d6314b,2022-06-03 13:07:00,399dfec4-01ec-4e84-80b5-cb325d670571,1000,40,1040
d9219ad1-b46c-42c5-9386-a1a996e9d055,1cf7c15b-9c7e-4885-9240-b1459da8b9d3,2022-06-03 15:55:00,399dfec4-01ec-4e84-80b5-cb325d670571,600,24,624
fe62c394-5b7d-446f-ad0c-dfbc49e8ea26,60a8ecd6-8c8f-4548-a548-223aa3c4717f,2022-06-03 07:23:00,399dfec4-01ec-4e84-80b5-cb325d670571,700,28,728
31f4dc30-5780-4186-9b45-2f21bdb17946,9f087b1a-7a86-434b-8ca0-08a841b45429,2022-06-03 08:37:00,399dfec4-01ec-4e84-80b5-cb325d670571,700,28,728
631d1ca6-6100-4124-9a36-8c0edec04c2e,6fadd350-0f6a-4d1d-bedc-1227fa69f959,2022-06-03 12:05:00,399dfec4-01ec-4e84-80b5-cb325d670571,600,24,624
99404f0a-163f-4391-a840-21992bcb0bd2,d21877bf-b729-4e1d-bc29-a1f08b1cece4,2022-06-03 15:58:00,399dfec4-01ec-4e84-80b5-cb325d670571,600,24,624
75b42e65-5d89-4f21-b8cd-21f3c92a5ecc,733bc17a-6b25-4b2f-9d45-bfe808dc93c0,2022-06-03 14:27:00,399dfec4-01ec-4e84-80b5-cb325d670571,400,16,416
7469d6f8-620c-4049-baec-40f64d16de69,077821b6-ff2d-4be0-867b-392285ef7f66,2022-06-03 11:42:00,399dfec4-01ec-4e84-80b5-cb325d670571,1800,72,1872
0a0b9d9d-b47d-434b-ab70-5a9b56493783,5e65c6d6-a81f-4cee-b034-51aa45e41b4e,2022-06-03 07:20:00,399dfec4-01ec-4e84-80b5-cb325d670571,600,24,624
40aec01e-f3e9-4729-9440-8656cf3090e9,b1cabaa2-6a94-4142-a4be-2bf09e3bb6b2,2022-06-03 11:24:00,399dfec4-01ec-4e84-80b5-cb325d670571,600,24,624
23a7d3a9-1332-46b9-9308-03d9b671877d,e4c49a66-027e-4b84-b22c-e8d611b19dc2,2022-06-03 10:41:00,399dfec4-01ec-4e84-80b5-cb325d670571,600,24,624
bff9b430-4d96-4204-9db3-6d4e5422171e,749e2083-d8e9-4bad-aa5b-548cf20a6c12,2022-06-03 16:32:00,399dfec4-01ec-4e84-80b5-cb325d670571,1300,52,1352
10e01204-751d-4131-8636-efa025f39898,06428c6a-1380-424a-b43e-4531141be890,2022-06-03 08:16:00,399dfec4-01ec-4e84-80b5-cb325d670571,400,16,416
e5a7d9c4-e139-44b4-8fef-2e8241391647,347937b1-a1e4-465a-8806-694910b7f61d,2022-06-03 07:41:00,399dfec4-01ec-4e84-80b5-cb325d670571,400,16,416
1a504e40-751f-44f2-9764-27a9c25b45c5,8084dcf9-bad2-43a6-8b42-48d6d3918cf6,2022-06-03 12:23:00,399dfec4-01ec-4e84-80b5-cb325d670571,700,28,728
af44ee65-bcbe-4913-8497-0638470b2ed3,32074f1f-acff-4079-893d-b5ad4572a8c4,2022-06-03 16:20:00,399dfec4-01ec-4e84-80b5-cb325d670571,600,24,624
d0d0eeea-d759-4358-858c-caafb150e038,81accf64-8081-482a-ba4f-b9ab41a42f91,2022-06-03 18:02:00,399dfec4-01ec-4e84-80b5-cb325d670571,1500,60,1560
d8d8f966-2679-447e-b3d5-5f0baf9bc5e9,16b577c9-c1e2-4734-82e4-ca1c0c0fa7c3,2022-06-03 14:11:00,399dfec4-01ec-4e84-80b5-cb325d670571,2100,84,2184
0488b483-580c-4968-a024-e649618bb8a2,c8f546ab-e1bc-475e-951f-b7d04fedfd6c,2022-06-03 12:41:00,399dfec4-01ec-4e84-80b5-cb325d670571,700,28,728
e7daa020-3721-4cb9-b1ea-791ffe339fac,372b862f-2875-4256-a3ad-90a3f9022324,2022-06-03 14:20:00,399dfec4-01ec-4e84-80b5-cb325d670571,500,20,520
dac58480-ba65-49c6-9cab-c82e851541fa,bfc8a6f1-55b6-4f9b-b049-f0bc3483043f,2022-06-03 19:20:00,399dfec4-01ec-4e84-80b5-cb325d670571,1700,68,1768
56556d9b-39cd-4a8f-83bc-56517141ae35,0b7b056b-c902-4224-87b7-f0310af14cd2,2022-06-03 07:00:00,399dfec4-01ec-4e84-80b5-cb325d670571,700,28,728
69fb1f54-5ecb-4133-ab2b-346f20fdb741,e467d5f6-66ab-4541-a74a-f1ba6235240e,2022-06-03 15:19:00,399dfec4-01ec-4e84-80b5-cb325d670571,700,28,728
fe8f54a8-cb28-405a-b799-23b36e0f0269,49d45173-97fb-46fa-b7ab-351eade2898d,2022-06-03 08:11:00,399dfec4-01ec-4e84-80b5-cb325d670571,600,24,624
f77d7cb6-4983-4b86-9831-fae9b4094423,7e04fe6b-5f22-46bc-b418-22d60ac811c0,2022-06-03 08:25:00,399dfec4-01ec-4e84-80b5-cb325d670571,700,28,728
f087c3a2-1334-4955-8b24-07fb539e060b,996a6380-67cd-421a-8260-817f6575b769,2022-06-03 07:28:00,399dfec4-01ec-4e84-80b5-cb325d670571,500,20,520
b1aa5fd0-0d81-4be9-91a4-5ad7841f380a,17a63361-a6ba-41cb-b185-85eac2242369,2022-06-03 17:25:00,399dfec4-01ec-4e84-80b5-cb325d670571,600,24,624
4b3deb16-4b47-4c62-bb35-b97542eeb691,130e18e8-70ab-44f4-8e32-4df8ec29ff4b,2022-06-03 14:59:00,399dfec4-01ec-4e84-80b5-cb325d670571,2100,84,2184
e876129b-f279-4999-8624-a9deec93fd03,54a36478-eb04-47c1-a91f-4eaff1d02fef,2022-06-03 07:00:00,399dfec4-01ec-4e84-80b5-cb325d670571,400,16,416
468a1bd1-cdba-4f69-bbcb-144fbdc4f544,7fc87d1d-64fc-43a6-a3f4-85eeaf8e1886,2022-06-03 17:41:00,399dfec4-01ec-4e84-80b5-cb325d670571,600,24,624
c1d560e7-0597-4278-b32b-1115eb25e106,254bfb81-7794-44ad-ad06-d37904bf0e24,2022-06-03 12:56:00,399dfec4-01ec-4e84-80b5-cb325d670571,700,28,728
0467979a-5691-4dc5-b90e-0c3556553b49,b255511e-5860-44d3-9bc8-07434bb0377c,2022-06-03 07:57:00,399dfec4-01ec-4e84-80b5-cb325d670571,700,28,728
95dae5c6-b4c2-47d2-8f83-d5f30b6e476b,a666a8c8-399f-42cc-9765-05db56159a3b,2022-06-03 14:36:00,399dfec4-01ec-4e84-80b5-cb325d670571,500,20,520
38838a2f-1272-44b4-9116-a74af666b3f1,a4bba0f7-6122-4743-ac59-f8ba8c5a721a,2022-06-03 11:23:00,399dfec4-01ec-4e84-80b5-cb325d670571,0,0,0
585087ee-5b1d-48ce-974d-70cb6d986ee4,0b8d755b-5279-44f7-bac8-81c2738b1111,2022-06-03 07:33:00,399dfec4-01ec-4e84-80b5-cb325d670571,600,24,624
c38bd6c9-a39d-48ad-848e-43d55a6c1a89,58ce6298-8492-452a-9f99-a55d99e454e4,2022-06-03 07:43:00,399dfec4-01ec-4e84-80b5-cb325d670571,500,20,520
6cade98f-51e9-409b-ad9f-12a0b4763444,79119db4-69f9-449e-8ce8-a993232bd6f6,2022-06-03 12:24:00,399dfec4-01ec-4e84-80b5-cb325d670571,400,16,416
7bcbdf6f-5410-4593-b33f-1711c495c8f2,b04d849b-94c4-43b6-86ed-cf26dbe24ee8,2022-06-03 08:46:00,399dfec4-01ec-4e84-80b5-cb325d670571,400,16,416
7eaa4559-6e84-4de2-b11b-89fad1e98257,2ae61282-d749-4519-ba0e-6c7e550c7eab,2022-06-03 14:31:00,399dfec4-01ec-4e84-80b5-cb325d670571,2600,104,2704
087cbffc-34a6-4691-8c7c-4dbce6ac6643,d663fbbf-6362-4dc0-9cff-3f3e00effccc,2022-06-03 17:23:00,399dfec4-01ec-4e84-80b5-cb325d670571,1800,72,1872
f4356c53-915e-4461-bf76-b948e1b003c0,e0bed291-1c5f-4aa1-aa2d-c171134f4e2a,2022-06-03 16:57:00,399dfec4-01ec-4e84-80b5-cb325d670571,1800,72,1872
4263681b-3358-43c8-b753-b29f8b84e4a8,6470f94f-16c7-470a-9717-453be9259960,2022-06-03 15:33:00,399dfec4-01ec-4e84-80b5-cb325d670571,1700,68,1768
56a87a96-0949-46f4-8dfb-e6bc01c7e8a2,6c4f79c1-c913-4599-a82a-bc6283855909,2022-06-03 07:52:00,399dfec4-01ec-4e84-80b5-cb325d670571,500,20,520
bba1bd55-8ba9-4c1c-8642-23a8cc3cd5ce,80305b45-2835-4e06-87ca-f95cf5004a8e,2022-06-03 13:23:00,399dfec4-01ec-4e84-80b5-cb325d670571,5700,228,5928
fa366e38-b09f-422c-8503-dd7ebfe2c224,28c5e573-dbe9-49da-baa8-11eafd9e1473,2022-06-03 08:11:00,399dfec4-01ec-4e84-80b5-cb325d670571,600,24,624
f3f24854-75c7-4fea-ba0b-9abb9902a906,87bfb92d-66c8-4568-ad61-e0ae0730e8d0,2022-06-03 07:35:00,399dfec4-01ec-4e84-80b5-cb325d670571,400,16,416
44eccf58-c1d9-4c61-89c3-941fc971ec22,a1c6677f-446b-4940-8c40-8e018a7ca815,2022-06-03 14:06:00,399dfec4-01ec-4e84-80b5-cb325d670571,600,24,624
33570b75-4779-4d44-af7a-b02ae03f16c0,5252229c-8816-4cc0-9061-86b844313715,2022-06-03 08:34:00,399dfec4-01ec-4e84-80b5-cb325d670571,400,16,416
dc49b1d8-29a5-4fa3-ac9a-8f729f6be692,c9b3df80-8e43-45a7-87e5-7c1202671a86,2022-06-03 08:13:00,399dfec4-01ec-4e84-80b5-cb325d670571,400,16,416
afff1fc2-b501-4038-9264-6bd299f8abf9,16663c3b-6311-46f3-bed7-0bfc02d66eb5,2022-06-03 14:54:00,399dfec4-01ec-4e84-80b5-cb325d670571,600,24,624
95bce4ff-21d3-46e2-b692-f3979f21d6fe,6de0fa39-0254-45be-b7c2-a0e59eead219,2022-06-03 08:33:00,399dfec4-01ec-4e84-80b5-cb325d670571,500,20,520
29b62403-8303-4198-9a90-5befed053d71,d19ff309-72e3-4a8b-a6c5-26433433c175,2022-06-03 15:48:00,399dfec4-01ec-4e84-80b5-cb325d670571,600,24,624
bb3e1930-34b3-47ab-a4d3-6018ca2b82c1,05ea3170-6fdc-4df0-a585-e0b0d5436443,2022-06-03 16:04:00,399dfec4-01ec-4e84-80b5-cb325d670571,400,16,416
d5497f51-5619-42a1-896d-bad00520305a,738675f7-5520-40c8-9a5c-cc66d9fd338c,2022-06-03 13:56:00,399dfec4-01ec-4e84-80b5-cb325d670571,1800,72,1872
5544a5ea-6e3e-40f1-b5bb-82716d0e9bcd,f4ad4e1b-cb6c-4d4b-8292-765d32912398,2022-06-03 17:47:00,399dfec4-01ec-4e84-80b5-cb325d670571,1700,68,1768
6c4f2926-f986-43a0-a79f-f89283d9aca6,d24e9271-8085-46c5-93e2-744d394a96ce,2022-06-03 07:52:00,399dfec4-01ec-4e84-80b5-cb325d670571,700,28,728
19e1f1b1-fd07-4204-b340-55748942bc75,80eb4e1f-be85-4e2d-901d-63851a086877,2022-06-03 08:02:00,399dfec4-01ec-4e84-80b5-cb325d670571,600,24,624
12d15d1c-9b19-4998-b554-2c1241c8eb72,93137d6e-3e68-4f5e-81a4-716212bcb9a9,2022-06-03 07:39:00,399dfec4-01ec-4e84-80b5-cb325d670571,500,20,520
5f260490-ab3a-4769-b599-2f2e60cedf54,76c96bb4-46b4-420a-9014-633d4fa008ce,2022-06-03 13:26:00,399dfec4-01ec-4e84-80b5-cb325d670571,1000,40,1040
c14749b3-3cca-4e58-8041-544f54df81e9,38812f12-33f2-493c-860e-166ea6f08176,2022-06-03 07:12:00,399dfec4-01ec-4e84-80b5-cb325d670571,400,16,416
8727498c-443a-4c96-8eae-2f2520ddd3a1,6160656f-db8b-4a17-8c32-1b69f0546f58,2022-06-03 07:51:00,399dfec4-01ec-4e84-80b5-cb325d670571,600,24,624
9a5feaf9-252b-4877-8099-d2693feb710e,8aa1534d-101a-4387-a192-eadb32347bf3,2022-06-03 14:08:00,399dfec4-01ec-4e84-80b5-cb325d670571,700,28,728
63b0f513-2e4a-4001-a906-c9d98963bf17,2134a68a-aebf-46d9-8143-0f110f8b4aae,2022-06-03 13:47:00,399dfec4-01ec-4e84-80b5-cb325d670571,1600,64,1664
9d290dc9-02fc-432f-8a5d-cc390486365c,666f2378-13e2-4fd0-ac37-36749cb0a391,2022-06-03 11:18:00,399dfec4-01ec-4e84-80b5-cb325d670571,600,24,624
48b117e0-0e1c-478c-a7f0-f64ec01d204a,59cbf0dc-0b3a-4388-855e-5bd669cbf70f,2022-06-03 08:23:00,399dfec4-01ec-4e84-80b5-cb325d670571,600,24,624
bda1cc9a-2820-4758-8fa7-fc05a5a8b02c,99790003-312c-4738-ac59-24de9dd5ca26,2022-06-03 13:57:00,399dfec4-01ec-4e84-80b5-cb325d670571,700,28,728
22873e72-2794-4543-a0aa-4ac0e9f1cfe6,82a6aee8-f1af-4310-ab80-7b40a6812f97,2022-06-03 09:14:00,399dfec4-01ec-4e84-80b5-cb325d670571,500,20,520
dfbfbe2b-92bd-4a19-9ca9-aafba1443bb0,b4795940-db8c-426d-86de-443d77d52769,2022-06-03 07:46:00,399dfec4-01ec-4e84-80b5-cb325d670571,600,24,624
a0e14afb-5f30-41d3-bcfb-d63803bb7ed0,42a1f840-5dc9-4c3c-99ae-213221725a32,2022-06-03 15:58:00,399dfec4-01ec-4e84-80b5-cb325d670571,1700,68,1768
f7731a9c-f685-4e6c-bfb6-809834819809,352967a1-2643-437f-9078-5cab0677d6c9,2022-06-03 14:03:00,399dfec4-01ec-4e84-80b5-cb325d670571,600,24,624
7fe9533a-ad86-41f0-9da1-40fea262c0c8,aee3650e-2a29-49e6-9b76-a014fcb6f488,2022-06-03 17:56:00,399dfec4-01ec-4e84-80b5-cb325d670571,500,20,520
b3aa8cd3-a827-46ca-b677-984f353dd4f6,074c11c2-fd9a-4b0f-986f-bc7383f9b376,2022-06-03 10:48:00,399dfec4-01ec-4e84-80b5-cb325d670571,500,20,520
b22dd766-12f7-4684-9fa3-a155f13b1624,7000f470-f20c-406f-a4ce-0a6b949b0978,2022-06-03 13:51:00,399dfec4-01ec-4e84-80b5-cb325d670571,600,24,624
e548f649-005a-4384-a0c2-97088ccca19d,a49b4bb7-ff65-4e64-a8f7-d0b69f4dee4a,2022-06-03 08:08:00,399dfec4-01ec-4e84-80b5-cb325d670571,700,28,728
43232222-90c3-4e02-b619-a0f1de7ffc0a,cca74689-b99d-4a88-80cc-7e00df041465,2022-06-03 07:57:00,399dfec4-01ec-4e84-80b5-cb325d670571,400,16,416
d9fd94a6-9e33-48b5-bc1b-d34f5747eb20,00f745c8-1adc-4d55-8ddf-95a61af4ad4f,2022-06-03 11:55:00,399dfec4-01ec-4e84-80b5-cb325d670571,700,28,728
fe740eac-3deb-4f54-8b6b-af4eefa65a6a,2a9f7a07-e7b2-4ca6-a1ae-7769638025f5,2022-06-03 08:08:00,399dfec4-01ec-4e84-80b5-cb325d670571,700,28,728
0a8c17e9-9b3f-44a5-838f-c39d927a9431,468da1b4-7f5f-426f-b731-0a492e5f13a6,2022-06-03 16:03:00,399dfec4-01ec-4e84-80b5-cb325d670571,1500,60,1560
e91779ba-aeed-447f-af28-ad63e306ee93,38b6a9c4-770d-4115-b10f-b873e2e606a2,2022-06-03 13:37:00,399dfec4-01ec-4e84-80b5-cb325d670571,1800,72,1872
2dc0d4cf-c530-4583-8a9a-e6d7601c2090,13b0c9ce-53dc-4c0f-8f07-e25191ae7e9e,2022-06-03 12:03:00,399dfec4-01ec-4e84-80b5-cb325d670571,600,24,624
93d3f71e-fe83-4ae0-82f3-38c9bf196bcd,06556da8-93e9-4079-85b9-c7da03ab6c4e,2022-06-03 14:13:00,399dfec4-01ec-4e84-80b5-cb325d670571,400,16,416
03cd36d3-31de-4bff-af3f-a06f130f3597,56e90f70-5a07-4dd8-bd80-329d6cd71beb,2022-06-03 08:36:00,399dfec4-01ec-4e84-80b5-cb325d670571,400,16,416
44bea673-c291-4005-a663-b32b514411af,e7720da8-4896-4ddf-bef1-2ab577ebe12a,2022-06-03 08:20:00,399dfec4-01ec-4e84-80b5-cb325d670571,700,28,728
b9186b0e-ff87-4d00-a755-230082038572,85d95b80-0fe8-4c1a-9da5-c07a6f15dc08,2022-06-03 18:08:00,399dfec4-01ec-4e84-80b5-cb325d670571,1900,76,1976
29295325-fa39-4cae-89e6-93a803260139,74c72c23-d7fa-4e25-a8f7-99c5a52ac47a,2022-06-03 15:02:00,399dfec4-01ec-4e84-80b5-cb325d670571,500,20,520
6ba2bbb7-c2be-44cf-9cb3-236e25dde5df,79bd7f32-cd59-4ff4-8cdd-fc7c0d35a24c,2022-06-03 07:59:00,399dfec4-01ec-4e84-80b5-cb325d670571,500,20,520
13494064-5c78-4563-9d51-ba3aff54b8ed,6c567f96-afe7-4c61-9eb4-ae11aa33af50,2022-06-03 08:31:00,399dfec4-01ec-4e84-80b5-cb325d670571,500,20,520
a0a4f6a8-4155-4694-97b9-e92a976cca16,b17ea815-1160-488e-9080-583b70820874,2022-06-03 12:11:00,399dfec4-01ec-4e84-80b5-cb325d670571,4500,180,4680
fc25e1c5-7b96-4069-bbc4-61d2edfdbdd9,cfb91507-0769-4ef6-910f-493cf5dee61d,2022-06-03 07:58:00,399dfec4-01ec-4e84-80b5-cb325d670571,600,24,624
e3d2a520-cf3f-41ee-bc4b-fa3bcb4c6f78,4998100c-3bd2-4aa4-a0aa-c44ccd440b9d,2022-06-03 14:41:00,399dfec4-01ec-4e84-80b5-cb325d670571,500,20,520
489d67da-ff0b-43a7-95e0-99d77dad500d,8087043b-2bf7-4128-b23b-491f8828ab94,2022-06-03 12:09:00,399dfec4-01ec-4e84-80b5-cb325d670571,700,28,728
92ce0cec-49df-47d2-a228-9052214e482a,cd4b0a79-ccd3-4169-91ff-e56bddc8c450,2022-06-03 07:00:00,399dfec4-01ec-4e84-80b5-cb325d670571,2300,92,2392
b930b135-905c-47e1-9a81-4c7533863a8b,ff9dbf4b-f83a-47df-8149-1d007473c13b,2022-06-03 07:49:00,399dfec4-01ec-4e84-80b5-cb325d670571,500,20,520
4dd1f6f0-2647-4272-b53c-dd35fd253d89,fb23375e-1e99-452d-8cfb-5cf70072751a,2022-06-03 13:42:00,399dfec4-01ec-4e84-80b5-cb325d670571,600,24,624
c49e3785-6bc1-4eee-aaf1-815fd60b6926,c49fc16b-3bf0-498a-b200-ab3b0a2d21fa,2022-06-03 08:27:00,399dfec4-01ec-4e84-80b5-cb325d670571,700,28,728
c66e4b8c-1d59-49a0-9c46-5dd60632ec3f,49c08f3b-71bd-4a05-b692-45763689821a,2022-06-03 13:41:00,399dfec4-01ec-4e84-80b5-cb325d670571,600,24,624
17cd181a-4395-4ce5-a749-56d2b6f5e7cb,41ceeb72-6594-49c3-aef3-ed466bac5e5f,2022-06-03 12:48:00,399dfec4-01ec-4e84-80b5-cb325d670571,1700,68,1768
1fe4733a-a83f-4c28-88ba-ae89a49b439a,485991f9-580a-4ca9-98c7-be55ed96ecb1,2022-06-03 14:02:00,399dfec4-01ec-4e84-80b5-cb325d670571,500,20,520
148f0b76-2562-47fe-a6ba-3aeee730f61b,6c531190-7a87-48c2-9340-eb99ffe43618,2022-06-03 08:47:00,399dfec4-01ec-4e84-80b5-cb325d670571,600,24,624
9093a96c-5d44-4763-8ecc-e13f53507d8e,656d2889-01cd-40e9-9a0a-d7161f75bdbb,2022-06-03 07:22:00,399dfec4-01ec-4e84-80b5-cb325d670571,600,24,624
68a55ff4-25db-4db7-b196-01f5435afce4,d4b724c3-5b9f-4070-94f3-9a02569c6869,2022-06-03 16:43:00,399dfec4-01ec-4e84-80b5-cb325d670571,2000,80,2080
7aaf63c2-b126-4f01-9ca6-c4faf1a2c5fe,5db741f4-0237-4a97-952f-4b4d8736d287,2022-06-03 12:17:00,399dfec4-01ec-4e84-80b5-cb325d670571,600,24,624
3637b511-a04d-40ba-843c-1cba3c4275d4,34a667fc-5b95-4873-932b-017bc484fd30,2022-06-03 16:55:00,399dfec4-01ec-4e84-80b5-cb325d670571,1000,40,1040
d6ddc1b2-791d-4fc4-8e3c-05b3576b7c63,dc638163-fb06-4d37-a613-8803a234a3b2,2022-06-03 14:49:00,399dfec4-01ec-4e84-80b5-cb325d670571,600,24,624
9a7ade83-4c0d-4954-9c11-242cb5a9a800,f1db0d0d-94a9-4a4c-856c-121f927fa835,2022-06-03 13:24:00,399dfec4-01ec-4e84-80b5-cb325d670571,2200,88,2288
963fb48c-903c-4a4e-944b-1071fb1ce778,2a83ed6b-202e-41b1-b554-b20f8f7a0eb1,2022-06-03 17:53:00,399dfec4-01ec-4e84-80b5-cb325d670571,600,24,624
799965ad-4a87-4a83-8995-0d0e5ae63fcb,e0becf9b-a169-49bf-95e5-2c33b1622600,2022-06-03 15:02:00,399dfec4-01ec-4e84-80b5-cb325d670571,400,16,416
3fcefe35-b93e-4ba6-810a-4677e00f702a,930ba1e9-ab55-4962-8226-814b5cff5c6b,2022-06-03 14:51:00,399dfec4-01ec-4e84-80b5-cb325d670571,1800,72,1872
04da1413-69ee-4a05-b299-50b051871c04,1af4b301-7794-4092-8944-de7a2c60bab9,2022-06-03 17:17:00,399dfec4-01ec-4e84-80b5-cb325d670571,1600,64,1664
09f7bd06-be4a-4de2-aa5d-2e9f0ba32c78,7a2aa575-93bb-4e07-b671-715ba4f6e845,2022-06-03 12:03:00,399dfec4-01ec-4e84-80b5-cb325d670571,600,24,624
b6005ae4-3e3f-4d79-bad2-11fbacabb069,69b02737-366e-4314-b6fa-d52802a4b21c,2022-06-03 17:07:00,399dfec4-01ec-4e84-80b5-cb325d670571,5100,204,5304
68b76ad6-056a-40b1-8773-4c842d2c0541,8262a4d4-998d-4133-8f19-2c4db179f4f0,2022-06-03 16:51:00,399dfec4-01ec-4e84-80b5-cb325d670571,400,16,416
1634da0f-53f2-42cc-beec-4cfa0b96b1fe,548310ff-db03-464e-868c-8f27a6a95c3b,2022-06-03 19:15:00,399dfec4-01ec-4e84-80b5-cb325d670571,500,20,520
6b199c56-e086-4478-a5e4-3801ec502b81,b3b324a4-15eb-41b7-9457-400de83b61ea,2022-06-03 15:33:00,399dfec4-01ec-4e84-80b5-cb325d670571,1900,76,1976
02f0a645-5183-4841-987c-4842fefdfaac,a5a7baae-427a-4692-aef7-16eb13b37793,2022-06-03 07:43:00,399dfec4-01ec-4e84-80b5-cb325d670571,600,24,624
b40b261d-caeb-4579-b58e-34f270149f0c,847aef98-7eed-484a-b834-f5777f38266f,2022-06-03 07:29:00,399dfec4-01ec-4e84-80b5-cb325d670571,600,24,624
265db4fb-7b81-47b6-9af2-13c3a7003fd0,9dc4f4a2-e0c9-4e0c-b425-2b1d1c88d3a5,2022-06-03 19:39:00,399dfec4-01ec-4e84-80b5-cb325d670571,700,28,728
409e1173-4442-4e6e-b843-065a006b03c7,86f6bfbd-28b9-468f-80a0-7b3bd1a9db57,2022-06-03 08:42:00,399dfec4-01ec-4e84-80b5-cb325d670571,400,16,416
80ea4c59-ed81-4db0-baad-a913ffd2f6ad,fbaac559-7731-4dfe-8b40-bdd6f8010f67,2022-06-03 07:41:00,399dfec4-01ec-4e84-80b5-cb325d670571,400,16,416
640c31db-8661-4a9e-a406-6108b77c3089,ce4f635a-840e-47e0-b57a-df0b63bbafa7,2022-06-03 14:24:00,399dfec4-01ec-4e84-80b5-cb325d670571,600,24,624
143f5ce8-fdbe-41e9-99ef-6e01eded7049,a95ddb13-ef71-4cf0-a8a8-2ffaecaaf27b,2022-06-03 08:11:00,399dfec4-01ec-4e84-80b5-cb325d670571,700,28,728
aba3866e-b559-46ef-b1d3-1dda39ff2a3b,22f8b600-cae0-4a84-b021-08740f324c10,2022-06-03 10:00:00,399dfec4-01ec-4e84-80b5-cb325d670571,1200,48,1248
c3163d4f-3967-4dbc-aad8-7591f22a41cd,2550c3a5-082c-4582-bf64-ed8cacf87cfc,2022-06-03 16:38:00,399dfec4-01ec-4e84-80b5-cb325d670571,1800,72,1872
abd028fa-f64d-48b9-b457-36455d73c945,13470635-526f-48e9-9715-e528e1e8dbde,2022-06-03 15:51:00,399dfec4-01ec-4e84-80b5-cb325d670571,1800,72,1872
7a7df21a-13be-4fda-8d0a-b1715db5ae61,e5194824-f51d-4687-9f60-72df2e41a7a5,2022-06-03 15:37:00,399dfec4-01ec-4e84-80b5-cb325d670571,1800,72,1872
fdbcba6e-dffb-4a53-9402-45e30c9232ab,63b5948f-6961-4db8-b621-892196f7a96e,2022-06-03 07:57:00,399dfec4-01ec-4e84-80b5-cb325d670571,400,16,416
70d75d38-cdd3-423d-b3da-77bdaf84b246,2ab5335d-b429-49b4-a459-2354f849e358,2022-06-03 11:04:00,399dfec4-01ec-4e84-80b5-cb325d670571,4900,196,5096
7eadef0f-9fa8-4ac7-958c-c73501372f6e,7ea4e6f1-5130-41aa-8727-db2db153f14c,2022-06-03 12:58:00,399dfec4-01ec-4e84-80b5-cb325d670571,2100,84,2184
224f6fc2-4b2b-4391-b8f6-86784814fe27,6d12e477-f54e-429f-9e88-c7f7562792a9,2022-06-03 16:22:00,399dfec4-01ec-4e84-80b5-cb325d670571,700,28,728
2f6a9b7e-9859-43a2-9c66-0b7ff745fbbc,73bf3e3c-44ec-45c9-b2cb-670618e256c2,2022-06-03 16:29:00,399dfec4-01ec-4e84-80b5-cb325d670571,400,16,416
fcf81b31-a091-4568-ae6c-5f29afdce4e8,992b8e45-f532-4d7e-9b77-bd94fd451c79,2022-06-03 07:43:00,399dfec4-01ec-4e84-80b5-cb325d670571,400,16,416
6537aec4-8a1f-4b27-8836-7b8f59a062f2,2fcb4006-ca51-44cd-9d87-aa34d745ee90,2022-06-03 07:59:00,399dfec4-01ec-4e84-80b5-cb325d670571,600,24,624
545b880a-c4c6-4cf2-9167-7a198ac2cf0f,3a95336d-35a9-4b6a-81ac-84714ffa0ea4,2022-06-03 07:06:00,399dfec4-01ec-4e84-80b5-cb325d670571,600,24,624
aa1503b8-4cab-47df-acc0-8506bed273e0,3dee0d2d-f11e-4e71-8336-86cb6a9445ad,2022-06-03 07:52:00,399dfec4-01ec-4e84-80b5-cb325d670571,600,24,624
70d12509-0940-4999-97e9-583670ffe3c5,5c6b3c85-be4e-405a-a4a0-6179a7381d2a,2022-06-03 08:57:00,399dfec4-01ec-4e84-80b5-cb325d670571,600,24,624
52a949df-4eff-4bb8-9250-0a5d24e0d760,9ca91be3-bfcc-4623-9ef5-a4023693a589,2022-06-03 07:52:00,399dfec4-01ec-4e84-80b5-cb325d670571,600,24,624
f45c3e7d-0ae3-4a42-b548-3e149e70c275,e4f2d67a-5c47-4845-a945-4e923836a9bf,2022-06-03 13:34:00,399dfec4-01ec-4e84-80b5-cb325d670571,500,20,520
80be9fed-15a7-41f3-ad48-2100ff06aecc,bbac9b57-854a-4f52-aec0-51184f9190c4,2022-06-03 18:00:00,399dfec4-01ec-4e84-80b5-cb325d670571,400,16,416
ae8ec421-eb6f-4c95-a00d-b907df5cbaf6,c334810a-f8b3-4f0b-b7f5-feab68f07ae0,2022-06-03 08:05:00,399dfec4-01ec-4e84-80b5-cb325d670571,700,28,728
2c329d13-e82e-4839-a374-55d8c39717ed,3d82151b-b0d4-4890-bb63-8f573d494f9d,2022-06-03 08:02:00,399dfec4-01ec-4e84-80b5-cb325d670571,600,24,624
1bb39994-f49d-4716-aa57-404159861621,f711d079-46d9-4d69-8972-e92561b89b64,2022-06-03 11:25:00,399dfec4-01ec-4e84-80b5-cb325d670571,0,0,0
2453d1ce-f5d7-4f6d-994a-1cce1d8e5bcf,c42ba7cd-a313-4776-a56d-8bc908c6b0fe,2022-06-03 18:30:00,399dfec4-01ec-4e84-80b5-cb325d670571,600,24,624
9cbe5af6-5804-47ba-a808-d600164eb2d2,88d4b95f-8525-47ab-b76f-1a86bdcc7b2b,2022-06-03 07:42:00,399dfec4-01ec-4e84-80b5-cb325d670571,700,28,728
df44fc35-37db-4728-bcc7-75c9408f7d0e,bddd0699-14be-4bed-8a03-c3be1c8b86f4,2022-06-03 09:01:00,399dfec4-01ec-4e84-80b5-cb325d670571,400,16,416
be607c40-e659-44c2-b524-cfa1b30e420d,ef550118-4d33-4419-9a7f-121c8400e9c6,2022-06-03 16:40:00,399dfec4-01ec-4e84-80b5-cb325d670571,500,20,520
2d9d1d93-9412-4a15-b96f-1fc8ab3b07af,84cdb717-25d5-481f-b814-35cf768ecddb,2022-06-03 08:09:00,399dfec4-01ec-4e84-80b5-cb325d670571,600,24,624
a9faa4cd-2cd8-46c1-b2ce-0fb5de004e4b,572579ab-5e23-43fd-a1af-8753798c8659,2022-06-03 07:48:00,399dfec4-01ec-4e84-80b5-cb325d670571,600,24,624
a97a1f4c-1578-4eb4-9d6b-44a3557abce8,e55d222b-7102-42c7-bd28-c147a15b12c5,2022-06-03 07:44:00,399dfec4-01ec-4e84-80b5-cb325d670571,600,24,624
2926b58f-52c1-4a57-ac7e-33671397bbe7,48894cb2-296d-4112-88cb-99945e94b978,2022-06-03 07:45:00,399dfec4-01ec-4e84-80b5-cb325d670571,700,28,728
6024af8d-18f2-43a5-803d-b306ff457dc7,64e0d810-94a5-4c80-b63d-886f352ba2f2,2022-06-03 15:15:00,399dfec4-01ec-4e84-80b5-cb325d670571,600,24,624
e65a1605-52bc-423a-bfb8-c55f1a92d78b,bc624e4d-32f3-4180-ac3a-86652cd1d6a8,2022-06-03 13:58:00,399dfec4-01ec-4e84-80b5-cb325d670571,700,28,728
a915943b-a6c7-49b8-a18e-c802d75b61c6,90dc9d88-5875-4bf3-b871-820449a026b2,2022-06-03 10:32:00,399dfec4-01ec-4e84-80b5-cb325d670571,700,28,728
a19a33f9-2f24-4259-b77e-10adec98539b,b295a4a4-a6b1-4fb7-847e-0b135ed1c18e,2022-06-03 10:48:00,399dfec4-01ec-4e84-80b5-cb325d670571,700,28,728
a37bf938-c95b-41e3-a870-38fef98a467b,6ae00ce0-276c-40e1-b26d-ee7c41d7a287,2022-06-03 08:38:00,399dfec4-01ec-4e84-80b5-cb325d670571,600,24,624
1ca1ed0b-b119-4748-882a-6881e953179e,ae73571f-72c6-4767-a468-b4982ef05d1c,2022-06-03 16:34:00,399dfec4-01ec-4e84-80b5-cb325d670571,1700,68,1768
f0dd7e06-9d6c-4bcf-9f63-9c1644e57c05,6485d9cb-6a0f-4d0b-9978-518788907afb,2022-06-03 10:46:00,399dfec4-01ec-4e84-80b5-cb325d670571,500,20,520
7c997100-8de0-4a56-bcc0-227770f21c4a,1641c1fe-b81c-4d56-9441-7a23d922196f,2022-06-03 13:52:00,399dfec4-01ec-4e84-80b5-cb325d670571,400,16,416
2799976e-0bdd-44b8-8858-2dcabba75c4a,33bc9426-832e-483d-a623-5760bf8fdf42,2022-06-03 07:47:00,399dfec4-01ec-4e84-80b5-cb325d670571,600,24,624
abc1e424-6e84-46a7-8913-c353e436d3ee,fb199cad-e920-4319-b1de-7da53844f1ed,2022-06-03 07:48:00,399dfec4-01ec-4e84-80b5-cb325d670571,700,28,728
efd2d3d6-e2c8-4f13-b1f1-21de7573a7c1,cacf77ba-7e15-45a0-a3f4-87fdccd569c4,2022-06-03 08:49:00,399dfec4-01ec-4e84-80b5-cb325d670571,600,24,624
b147fb20-dab1-4808-ba97-bb4aa0099827,5a29452c-9230-4b56-9b2a-a1d20ab74781,2022-06-03 08:12:00,399dfec4-01ec-4e84-80b5-cb325d670571,500,20,520
626e40f8-7f31-4c36-a450-e796db6e949f,5c37d040-f5cd-46cf-8acc-43c886d34ad0,2022-06-03 07:48:00,399dfec4-01ec-4e84-80b5-cb325d670571,600,24,624
b414fe28-d241-4d3b-b8dd-e2b7dba2cd82,82d54037-4259-4dc0-986b-1035beb9e3f5,2022-06-03 17:28:00,399dfec4-01ec-4e84-80b5-cb325d670571,700,28,728
4064f7fd-ed20-48e0-af4a-c3284aee9640,01c86347-415c-4252-814c-a612527d8843,2022-06-03 07:48:00,399dfec4-01ec-4e84-80b5-cb325d670571,600,24,624
63424147-961c-4f50-9dbe-c0faf8d6bca8,e82b5b62-7070-47bc-a992-278728911d81,2022-06-03 07:52:00,399dfec4-01ec-4e84-80b5-cb325d670571,700,28,728
13ec1351-d07f-46b2-80e2-7683ac537469,9cdb2202-788c-4b47-b58d-609db081bb60,2022-06-03 07:39:00,399dfec4-01ec-4e84-80b5-cb325d670571,700,28,728
90ab2382-14b5-4afc-8fd3-fbde70f06d8e,876ab495-dc39-43eb-a0b9-19b5e4c4e15c,2022-06-03 12:15:00,399dfec4-01ec-4e84-80b5-cb325d670571,500,20,520
369622b0-4ad2-45e1-a10d-16a1b1dc933b,2c15654f-379c-4848-a3e0-4562a56c4da7,2022-06-03 07:12:00,399dfec4-01ec-4e84-80b5-cb325d670571,400,16,416
1ec3504a-1eb6-4b4f-9d01-0c5e3cc2a070,bcc834b4-d5a5-4283-ba01-2fbe27533479,2022-06-03 07:39:00,399dfec4-01ec-4e84-80b5-cb325d670571,600,24,624
f6eaf17d-0425-4f53-8b0d-0fea91b6681a,1539e870-3b19-4449-8cae-3266dd4728d0,2022-06-03 10:03:00,399dfec4-01ec-4e84-80b5-cb325d670571,3000,120,3120
42b07e67-ea5c-4ac3-b368-b91b57108990,9b7b008c-1fa5-4375-8f86-1556b93c3043,2022-06-03 13:04:00,399dfec4-01ec-4e84-80b5-cb325d670571,1600,64,1664
38c7187a-901e-4604-872f-200dcf87b7a3,dff2f0df-07b7-4c09-8812-8c4a7f83cd94,2022-06-03 08:14:00,399dfec4-01ec-4e84-80b5-cb325d670571,700,28,728
640fddce-04a3-49ba-a286-8504aa55ccca,b0c002ee-eddd-4615-a3fc-b0700f7eafc2,2022-06-03 08:41:00,399dfec4-01ec-4e84-80b5-cb325d670571,500,20,520
89f03a9a-7651-454b-ad48-40f0178953be,798267d5-be32-437a-8020-542e0498810a,2022-06-03 07:22:00,399dfec4-01ec-4e84-80b5-cb325d670571,700,28,728
52510a4a-a29b-4c71-93db-f4cc119a689a,49ccd473-0d76-45da-8360-02143cb40354,2022-06-03 07:38:00,399dfec4-01ec-4e84-80b5-cb325d670571,600,24,624
233a3f89-5021-4ade-96cb-979a8b8621d8,6c1f593e-fa25-4522-92a1-002b2f6a6bc7,2022-06-03 11:24:00,399dfec4-01ec-4e84-80b5-cb325d670571,1300,52,1352
d6d86222-d028-4543-b5c6-e2464a375c8c,da90d8e9-37d5-4f64-9642-bc11f542e117,2022-06-03 08:26:00,399dfec4-01ec-4e84-80b5-cb325d670571,700,28,728
3f7459ff-d75b-47cf-a822-8bedfccb3d8f,060308f5-0857-42a6-813e-96a75cc247ac,2022-06-03 13:18:00,399dfec4-01ec-4e84-80b5-cb325d670571,700,28,728
7c93a017-a461-4e20-9393-02acd2464b2d,79f701f0-7977-4b5f-b1cf-f1cdd2d8b96b,2022-06-03 12:09:00,399dfec4-01ec-4e84-80b5-cb325d670571,1100,44,1144
900f424b-2f31-4dea-bdc4-7560342e2e5b,0189068c-f3d3-4672-b98b-047d057a0fd5,2022-06-03 07:00:00,399dfec4-01ec-4e84-80b5-cb325d670571,400,16,416
6f899560-8547-4b82-a2bd-2f1836f19bf2,1bc1c9dc-b8d3-4560-97b7-febe15ab0506,2022-06-03 07:59:00,399dfec4-01ec-4e84-80b5-cb325d670571,700,28,728
a47440a0-a0dc-420c-bdab-665b6207b5b9,7a03ca1d-d911-4037-9f11-75d63cfad5e4,2022-06-03 08:09:00,399dfec4-01ec-4e84-80b5-cb325d670571,700,28,728
56afd004-984a-4945-a19d-b177a9a5850c,21b3fd59-4b01-4c9d-844b-6790ed39fddc,2022-06-03 08:17:00,2c7c0b40-21e5-4026-b405-3281a1c094fa,600,37,637
f5ad94fb-2938-4cae-898e-775eeb095d7c,5bc0eeb0-31d7-4611-bb9d-71498c761bcb,2022-06-03 12:24:00,2c7c0b40-21e5-4026-b405-3281a1c094fa,700,43,743
37094544-6208-4354-a047-2ea868569260,b4742677-d25f-4cf6-af19-7c4a2d5751fd,2022-06-03 07:01:00,2c7c0b40-21e5-4026-b405-3281a1c094fa,700,43,743
ee720f92-3ac6-438e-a200-73b5762ed9d8,fcef0a47-bbe9-4080-9a24-e276ddb4e0e7,2022-06-03 08:13:00,2c7c0b40-21e5-4026-b405-3281a1c094fa,600,37,637
1e2ebba0-1392-4163-8629-7bd3fb5938d9,ed27966a-5ae2-4a05-8772-1cf818c9f87f,2022-06-03 16:26:00,2c7c0b40-21e5-4026-b405-3281a1c094fa,0,0,0
4b720701-866d-412e-b08a-fbe59e4b55e2,f099b990-a8b3-492f-8974-61e3112a060e,2022-06-03 12:12:00,2c7c0b40-21e5-4026-b405-3281a1c094fa,4200,262,4462
991290e0-c294-4c56-817d-bebf1c2e58c6,b8bb90a8-dfd1-476e-95b8-c329a425e221,2022-06-03 17:47:00,2c7c0b40-21e5-4026-b405-3281a1c094fa,700,43,743
944c15dd-5c5f-465a-9b08-ee12885b7006,5672d8ec-d299-4823-941e-e84d29a5aca6,2022-06-03 07:44:00,2c7c0b40-21e5-4026-b405-3281a1c094fa,500,31,531
0775bda8-0b88-4ee0-a64a-96963416aea3,31d8ef80-b405-4d99-9a0b-e566200ab033,2022-06-03 08:10:00,2c7c0b40-21e5-4026-b405-3281a1c094fa,700,43,743
8c929045-1dc5-4aef-a821-dd70b6851754,cfc196da-1613-48e5-b649-e57a6a927c10,2022-06-03 07:08:00,2c7c0b40-21e5-4026-b405-3281a1c094fa,600,37,637
c871b36b-39ff-4e19-8b14-70eae781563a,0ece81c9-6e7a-4306-891f-29eb0945e326,2022-06-03 14:55:00,2c7c0b40-21e5-4026-b405-3281a1c094fa,2200,137,2337
cc88dcb1-bb8f-4aa2-b672-c712e5419d1d,a26c5d51-ee15-486d-b326-9703275ab2ab,2022-06-03 07:52:00,2c7c0b40-21e5-4026-b405-3281a1c094fa,600,37,637
e44a1d4d-6749-4cc2-948a-a90d838d6d0f,c8c991b2-ee2e-4dbf-b8aa-6e52e61ac8e8,2022-06-03 17:07:00,2c7c0b40-21e5-4026-b405-3281a1c094fa,1400,87,1487
7a065586-7fd6-4fd9-9ce6-eaf45f87e0b7,a5eaa660-fbee-49f6-87da-6df064c916d0,2022-06-03 12:15:00,2c7c0b40-21e5-4026-b405-3281a1c094fa,700,43,743
4cb05cdc-4bfc-467d-b3a9-2d49540630b2,784c9a3e-b023-4a14-87c3-cb46212c638b,2022-06-03 14:17:00,2c7c0b40-21e5-4026-b405-3281a1c094fa,700,43,743
d840546c-d913-4043-a608-83fab3b0de79,1d8b9d13-c62c-4446-977d-412869e6c4b6,2022-06-03 07:18:00,2c7c0b40-21e5-4026-b405-3281a1c094fa,700,43,743
b830061c-4fa2-4d75-8985-b2e217c8dd5e,b239e930-6de8-4346-87b0-1981dc56bb9f,2022-06-03 07:56:00,2c7c0b40-21e5-4026-b405-3281a1c094fa,700,43,743
269f1b3f-26d1-4bb6-8303-2d87483271a8,94e8bb75-d618-4999-8bea-b7fc6888523f,2022-06-03 16:23:00,2c7c0b40-21e5-4026-b405-3281a1c094fa,500,31,531
f209ca8d-7686-4218-8d13-bd78cbe79801,ca73909a-648b-4522-a10d-c4c3c9bfaba1,2022-06-03 08:11:00,2c7c0b40-21e5-4026-b405-3281a1c094fa,600,37,637
b2c3125e-3156-495f-bd30-126131767d87,bcde7da6-a0ce-4721-9a8b-e297fe682d71,2022-06-03 10:45:00,2c7c0b40-21e5-4026-b405-3281a1c094fa,500,31,531
e0da6f86-5aaf-43c6-aa80-804228ca5cdb,e4515ece-d1b9-4ec7-9b74-b22decc6d435,2022-06-03 16:53:00,2c7c0b40-21e5-4026-b405-3281a1c094fa,700,43,743
cf4989f4-48fb-475c-aa3e-3897bfe77180,0da8bfd8-a8e8-4bc3-85ae-f527018c2e8b,2022-06-03 08:16:00,2c7c0b40-21e5-4026-b405-3281a1c094fa,500,31,531
9da35e77-8af0-4c86-bb86-57863cdda1eb,92f85679-d678-4b1f-9343-b97924ced844,2022-06-03 07:47:00,2c7c0b40-21e5-4026-b405-3281a1c094fa,700,43,743
f65da3ee-4ecf-4b76-b395-f71efbe91f31,78748d05-917c-446b-8b2f-1bb8275f3983,2022-06-03 12:22:00,2c7c0b40-21e5-4026-b405-3281a1c094fa,2000,125,2125
3a934a5a-94bf-4047-b09d-4fed7f3973ac,e61583e8-f052-430d-90fd-68085acfc960,2022-06-03 07:29:00,2c7c0b40-21e5-4026-b405-3281a1c094fa,600,37,637
db00bb95-3b8d-42d8-9e04-b0dfa793e1b1,5b2dc95e-efec-46b9-aa80-1ca5c85a4269,2022-06-03 08:02:00,2c7c0b40-21e5-4026-b405-3281a1c094fa,600,37,637
ed33ad69-294e-4337-baa3-f6c862ef2312,2b2611ec-0afe-4c68-9361-65b0cda595e3,2022-06-03 13:27:00,2c7c0b40-21e5-4026-b405-3281a1c094fa,2000,125,2125
264afe8a-3a97-4c21-9c22-b52b92074f8e,e52aaea4-1556-4821-8cd6-a24a8217815f,2022-06-03 08:07:00,2c7c0b40-21e5-4026-b405-3281a1c094fa,500,31,531
cb8d5b9d-b70c-4770-8820-45b28120d006,ab4df321-67bc-425a-8aee-7e81929639d1,2022-06-03 07:15:00,2c7c0b40-21e5-4026-b405-3281a1c094fa,700,43,743
3d03272c-43a4-40e7-a86f-26f73c9528cb,4bf036f8-cdd5-4fd4-bb15-96f6fdfb6472,2022-06-03 08:29:00,2c7c0b40-21e5-4026-b405-3281a1c094fa,400,25,425
95c26c7a-66e7-472c-8088-103f9a75e461,24796668-1d6a-493c-a0dd-1bafc84036be,2022-06-03 07:59:00,2c7c0b40-21e5-4026-b405-3281a1c094fa,500,31,531
c75c443f-0ec9-4e0f-a046-68467beaa09e,50472b1b-3caf-49fd-a0f0-3f28b45262fd,2022-06-03 11:50:00,2c7c0b40-21e5-4026-b405-3281a1c094fa,1100,68,1168
8eae7068-236c-4c53-8f9e-c18aee42f53a,5a88b3e4-1ba1-4430-8899-483fd984e89d,2022-06-03 09:11:00,2c7c0b40-21e5-4026-b405-3281a1c094fa,400,25,425
f0e387af-93d8-47d4-8274-ec3480ed6003,10e46bfd-d0f5-4e00-b866-118e3d12fb34,2022-06-03 13:31:00,2c7c0b40-21e5-4026-b405-3281a1c094fa,700,43,743
3b591ccc-77dd-4ba9-b090-4b2a6797852d,cc90bdd5-438f-4c36-b399-4b1be7281e64,2022-06-03 15:32:00,2c7c0b40-21e5-4026-b405-3281a1c094fa,500,31,531
2ea10479-6c60-48ce-857e-ca6cdbf8707c,de14b04b-3662-48cd-8bf6-16eae90fbc67,2022-06-03 11:15:00,2c7c0b40-21e5-4026-b405-3281a1c094fa,600,37,637
a50d7c33-f020-4081-a7bc-193ecb42c3c4,8c433684-7a25-467e-afb1-be6cb25cb156,2022-06-03 14:53:00,2c7c0b40-21e5-4026-b405-3281a1c094fa,600,37,637
af1daca0-2e7a-4517-8660-20fee7e83d68,c21472e1-f6ab-489f-9f36-de3ff9aea42c,2022-06-03 09:33:00,2c7c0b40-21e5-4026-b405-3281a1c094fa,3300,206,3506
258bcea5-567c-49bc-aab0-8599c1ea98da,6711753d-3774-4e54-9f79-3ebf7762b9f9,2022-06-03 11:49:00,2c7c0b40-21e5-4026-b405-3281a1c094fa,400,25,425
ba187a29-5b45-4443-a287-7fc8b2413617,cc8b427a-fcd6-4d92-8601-2a3c7d54e171,2022-06-03 14:49:00,2c7c0b40-21e5-4026-b405-3281a1c094fa,1800,112,1912
6800bdd3-cf24-43d4-b045-f9b0e0fca711,89d86da7-67e0-4324-965d-77ebd26b7396,2022-06-03 07:59:00,2c7c0b40-21e5-4026-b405-3281a1c094fa,700,43,743
a83a86c9-3f22-4291-b0dd-24302345db3c,c4cffa02-aa09-4ae6-a4dc-bb7e26c3b440,2022-06-03 08:30:00,2c7c0b40-21e5-4026-b405-3281a1c094fa,600,37,637
e402ac3b-4cbc-4797-832a-5134818e7793,5c298d25-bd60-448d-a828-a1d1c08d3bf4,2022-06-03 08:00:00,2c7c0b40-21e5-4026-b405-3281a1c094fa,400,25,425
a5ba1663-9526-40f8-bfb0-f675bfa5de57,0c395bc0-5637-4465-8c77-9232349cf3ee,2022-06-03 16:15:00,2c7c0b40-21e5-4026-b405-3281a1c094fa,2300,143,2443
779e44e7-8fd7-41f3-9418-448459e28cba,27b9ce38-866c-40e4-8d9a-ddf217e9f16d,2022-06-03 12:02:00,2c7c0b40-21e5-4026-b405-3281a1c094fa,400,25,425
5f93a5fb-a7c2-4ab6-99ec-bde023d14b47,b612256d-3418-40c1-97fc-fbbf395ac791,2022-06-03 16:49:00,2c7c0b40-21e5-4026-b405-3281a1c094fa,700,43,743
337fac47-d1b0-4305-ae1c-1b9e75e8ec79,3c426c6a-4b67-4d8e-a89a-57a563164dee,2022-06-03 07:20:00,2c7c0b40-21e5-4026-b405-3281a1c094fa,600,37,637
24bc7bb2-74b8-448a-9940-08d655476d35,627e216c-0671-47dd-902c-9fb076543b9e,2022-06-03 08:31:00,2c7c0b40-21e5-4026-b405-3281a1c094fa,600,37,637
20ec5d56-20ba-4643-975d-6b1830492f53,1409cd42-7e74-4fa2-9ff3-b4d9d56ac42c,2022-06-03 08:12:00,2c7c0b40-21e5-4026-b405-3281a1c094fa,400,25,425
3d9fce03-881a-47cb-8d88-be55562ba637,f878e8ca-ab74-463a-8f66-556e0b5213c2,2022-06-03 12:03:00,2c7c0b40-21e5-4026-b405-3281a1c094fa,0,0,0
b20c8f0c-dfa5-4b3f-8472-26c52c613f1c,b95ae917-38af-44ef-98a5-9bdf844ac239,2022-06-03 14:46:00,2c7c0b40-21e5-4026-b405-3281a1c094fa,600,37,637
af0af492-6f8c-4cfc-a479-a05f2dd1d297,1ccc49eb-7f71-45cc-81df-ac385f685028,2022-06-03 09:06:00,2c7c0b40-21e5-4026-b405-3281a1c094fa,700,43,743
7ec51c90-7c90-4d3e-b4ea-b6a595678551,e9914ccf-1cab-4fc8-9269-8c1a8f85eb5a,2022-06-03 07:00:00,2c7c0b40-21e5-4026-b405-3281a1c094fa,700,43,743
99364ccd-f59e-472d-8dfa-b54ffc0500cc,f1d05baf-72fd-41ef-8727-c4ea4d23984c,2022-06-03 13:51:00,2c7c0b40-21e5-4026-b405-3281a1c094fa,1100,68,1168
c6d7431c-e7a3-4a4b-bd68-6be064bdf2d8,7e8d4795-8d8a-4188-acba-390847a8c1ae,2022-06-03 11:07:00,2c7c0b40-21e5-4026-b405-3281a1c094fa,1700,106,1806
6c1159fc-4467-42f9-802e-935bdea7881e,16e3010f-92c8-4716-945d-76a4cbabf52a,2022-06-03 16:09:00,2c7c0b40-21e5-4026-b405-3281a1c094fa,1700,106,1806
c0b31bac-d8c4-4b87-a142-46b92dfa78d6,f8fc32d0-0cfc-4f1e-bc9f-01400e52201b,2022-06-03 12:54:00,2c7c0b40-21e5-4026-b405-3281a1c094fa,2100,131,2231
df2f0239-9778-4896-a05f-1247605a19be,9d60be57-1b54-4e56-8191-7fc35fef020c,2022-06-03 12:44:00,2c7c0b40-21e5-4026-b405-3281a1c094fa,1700,106,1806
5bc6039d-889d-490c-964d-de73ea8039e1,cc27fffc-130e-4544-9950-5954536d72d1,2022-06-03 08:50:00,2c7c0b40-21e5-4026-b405-3281a1c094fa,700,43,743
c50ab880-1f00-411e-b5e2-ed137fe07a17,65c5cd2f-98a5-46fc-b2b8-63012dd1e062,2022-06-03 13:43:00,2c7c0b40-21e5-4026-b405-3281a1c094fa,2100,131,2231
e701d228-a6e9-4123-8220-0bf49a0ad38f,a898b31f-c8bd-4f5e-b261-ebe31e5158bc,2022-06-03 12:25:00,2c7c0b40-21e5-4026-b405-3281a1c094fa,500,31,531
f5ba6b00-94d4-46a1-bb25-3d508c1d8fdb,5e7c7c18-a637-4a6e-bb24-87a77f90ddf1,2022-06-03 12:14:00,2c7c0b40-21e5-4026-b405-3281a1c094fa,1800,112,1912
cbe91cc4-40ad-445c-bb25-75ebc6a30f4c,d27d7182-0397-4734-b076-2f556218e9f1,2022-06-03 15:44:00,2c7c0b40-21e5-4026-b405-3281a1c094fa,600,37,637
01696763-c66e-4232-b04a-d9b80f69da1a,3a580c58-a316-47fb-b0c9-1d95666d47d7,2022-06-03 07:14:00,2c7c0b40-21e5-4026-b405-3281a1c094fa,400,25,425
39d43f46-2957-4860-857e-99157b279c78,86fa6d80-37ef-4cca-8727-173b1a366c48,2022-06-03 08:35:00,2c7c0b40-21e5-4026-b405-3281a1c094fa,400,25,425
f5528045-20ec-4405-a64b-cddbe7a8ebb7,712b6fc7-31e6-42bd-a5b4-302a27f6d4be,2022-06-03 12:15:00,2c7c0b40-21e5-4026-b405-3281a1c094fa,400,25,425
c79acc4b-2290-4ae3-b923-6b95a4774433,fe9d2747-393a-4e72-8e43-6d997f2418d6,2022-06-03 07:00:00,2c7c0b40-21e5-4026-b405-3281a1c094fa,500,31,531
54e197c0-e20b-4502-a174-0d935b7087af,27d2e3d3-99cb-4478-950f-9cbf9f2cc532,2022-06-03 08:22:00,2c7c0b40-21e5-4026-b405-3281a1c094fa,700,43,743
2b1126f5-539b-4427-b2d9-0901a102430f,e44dcf8d-2ef5-40ca-8d77-f21cb1c148b8,2022-06-03 11:25:00,2c7c0b40-21e5-4026-b405-3281a1c094fa,2400,150,2550
9fa45727-d301-4646-8410-4e6758a7a5f9,09916698-df9d-4be7-a8f4-f7748cbab9a5,2022-06-03 11:52:00,2c7c0b40-21e5-4026-b405-3281a1c094fa,1300,81,1381
df2ed17c-a69e-4a64-bf3c-1c30396e5b8b,62a52493-e5ec-476f-9bec-c8f82abd3323,2022-06-03 07:29:00,2c7c0b40-21e5-4026-b405-3281a1c094fa,600,37,637
5e2f9fef-2083-489b-ab2b-ba5efa36fb2b,6e8abc01-d4ee-4a72-8f08-35b45bf67965,2022-06-03 16:58:00,2c7c0b40-21e5-4026-b405-3281a1c094fa,1900,118,2018
35f8b141-8b66-45fe-ac9f-5f3a9baa935d,aad9060e-f28a-4122-9e78-f451247bce13,2022-06-03 09:49:00,2c7c0b40-21e5-4026-b405-3281a1c094fa,1900,118,2018
08a797e4-51b4-46c8-9d61-6c88daf40577,a87e672a-f008-4b22-bb8a-df6f8dec5d3c,2022-06-03 11:24:00,2c7c0b40-21e5-4026-b405-3281a1c094fa,800,50,850
664d650b-d75b-49ba-aa06-cd647b08ef7b,681cebbd-56fd-4ad3-99b4-726306cbaa73,2022-06-03 08:45:00,2c7c0b40-21e5-4026-b405-3281a1c094fa,600,37,637
77e054f0-56f0-44c6-ac36-32921d6781a4,9c02b9e3-3e53-451a-abb0-96f63308bb02,2022-06-03 07:51:00,2c7c0b40-21e5-4026-b405-3281a1c094fa,700,43,743
306772c8-a41d-4786-9ed4-eb3509dbaea8,cc5c0c1a-857b-42ec-991b-22ab9d333141,2022-06-03 08:16:00,2c7c0b40-21e5-4026-b405-3281a1c094fa,600,37,637
27404da2-4108-45ce-8535-5e8f21b4ac2a,ea97db70-9e3b-4bc2-973f-6e3f2be46e5f,2022-06-03 07:56:00,2c7c0b40-21e5-4026-b405-3281a1c094fa,600,37,637
04c9af42-82c8-4050-9417-cb2c6c8ee74f,1cc557ae-f87b-4765-9bc4-0f1dd6f53013,2022-06-03 07:42:00,2c7c0b40-21e5-4026-b405-3281a1c094fa,500,31,531
641651ff-68e7-4973-9b44-0ab7c3448532,f91faf5c-1c47-45c9-aad2-29930f300126,2022-06-03 07:52:00,2c7c0b40-21e5-4026-b405-3281a1c094fa,500,31,531
162de69f-a953-45a0-9639-499812e31e3c,414e72b8-a890-4597-b3f7-d6da0f9d4531,2022-06-03 07:15:00,2c7c0b40-21e5-4026-b405-3281a1c094fa,400,25,425
d0efb6ee-6a1e-40a6-9bf5-6dba8a5d649f,905a1a14-02a3-4d80-a710-d9769750a63d,2022-06-03 16:32:00,2c7c0b40-21e5-4026-b405-3281a1c094fa,700,43,743
d3af5f23-fe0b-49ee-9cae-0df594398729,1313316f-0c13-404e-8197-2bde150a1ddd,2022-06-03 07:39:00,2c7c0b40-21e5-4026-b405-3281a1c094fa,600,37,637
8c3c1079-987c-4908-b654-0cca6f0a1bd7,32a8b8e6-453f-4153-b08b-aaeedc146c9d,2022-06-03 19:56:00,2c7c0b40-21e5-4026-b405-3281a1c094fa,500,31,531
91a075dc-2114-4d37-ae5c-608e69c2909e,de670223-8a3e-4b82-a4d4-b03cc596af73,2022-06-03 07:26:00,2c7c0b40-21e5-4026-b405-3281a1c094fa,500,31,531
4363934a-da25-48fd-803e-2cf57cf13943,319f2657-c818-4212-a934-1bc84152b2d5,2022-06-03 12:02:00,2c7c0b40-21e5-4026-b405-3281a1c094fa,3400,212,3612
6c0f4ed1-b623-4045-9581-9c8eb9704235,f304ef62-c15a-4a60-ab1c-ad7af392467e,2022-06-03 07:36:00,2c7c0b40-21e5-4026-b405-3281a1c094fa,600,37,637
1a4cb001-9d5b-451c-b833-e01595659685,dc0bde54-b18c-450d-a2a5-7ec3e3bce7c3,2022-06-03 12:20:00,2c7c0b40-21e5-4026-b405-3281a1c094fa,600,37,637
e01ac4d3-6116-45b2-b9c3-06dc3554b3f3,3cae3cae-a64f-491f-a508-68ff36ecb4af,2022-06-03 08:28:00,2c7c0b40-21e5-4026-b405-3281a1c094fa,600,37,637
74bc9b76-a019-45e9-a066-b7f4df084844,7dd6c618-4f1f-4481-8212-0ca877effb17,2022-06-03 13:29:00,2c7c0b40-21e5-4026-b405-3281a1c094fa,1600,100,1700
6d696423-cab2-4acc-815a-c023b538bfe5,96924eb0-a996-4610-ae35-0949499a223a,2022-06-03 07:21:00,2c7c0b40-21e5-4026-b405-3281a1c094fa,700,43,743
49fe859f-01d9-49ba-b5aa-ae30301e2b5f,6c98f86b-b539-4054-a6da-a0f41d26ae4b,2022-06-03 16:20:00,2c7c0b40-21e5-4026-b405-3281a1c094fa,1500,93,1593
8ac7762d-fc38-4c0d-8c29-2395b348ab56,90be0a7e-945b-4bb7-b8e8-47e877d61e85,2022-06-03 17:03:00,2c7c0b40-21e5-4026-b405-3281a1c094fa,1700,106,1806
7d465c13-868f-4426-ac96-a9712dbcda00,2f0ecbb9-4ae8-45d7-8f01-f82126757ca5,2022-06-03 07:38:00,2c7c0b40-21e5-4026-b405-3281a1c094fa,600,37,637
9d3c62f2-9019-45ba-aab5-7c7c774d880c,c85c39b9-0947-488f-be76-628dda406e4c,2022-06-03 14:45:00,2c7c0b40-21e5-4026-b405-3281a1c094fa,500,31,531
6eac5a25-5b51-45d9-835c-463e8d7f2169,104b478d-b925-4eb1-b365-ae2354f1fd19,2022-06-03 08:02:00,2c7c0b40-21e5-4026-b405-3281a1c094fa,600,37,637
914a9bf0-1fd1-4071-9885-8413b6cac982,cdea4af0-7c90-48ed-bb8b-411fb9de8b57,2022-06-03 08:07:00,2c7c0b40-21e5-4026-b405-3281a1c094fa,700,43,743
f47412f3-6ff0-4740-b952-f18859cf9075,f3e64264-67a2-42fb-878a-17ff2055ab31,2022-06-03 14:03:00,2c7c0b40-21e5-4026-b405-3281a1c094fa,400,25,425
be769c1d-f40c-46ed-a83c-37a3144aec52,aec1cde7-0627-4bec-a528-fe77ca766b5e,2022-06-03 07:47:00,2c7c0b40-21e5-4026-b405-3281a1c094fa,700,43,743
0832fc7f-5387-4d31-9c80-19d3e6b7155d,aa4ec845-d8fb-4eed-855a-86968f2d2ef4,2022-06-03 16:04:00,2c7c0b40-21e5-4026-b405-3281a1c094fa,2100,131,2231
74d79f8d-3764-4231-8cb2-9e1a0075ce0a,465154fc-21ed-456c-9e03-9b71c66094d5,2022-06-03 07:32:00,2c7c0b40-21e5-4026-b405-3281a1c094fa,400,25,425
6335849e-5716-4f58-a149-ff62fea32de1,88d1c02d-6775-4e15-8928-89781add052b,2022-06-03 13:37:00,2c7c0b40-21e5-4026-b405-3281a1c094fa,1700,106,1806
763ef8d8-9563-4341-93a1-2a6924d84697,efe6ab20-484e-4550-8eba-b6750c0893a3,2022-06-03 15:25:00,2c7c0b40-21e5-4026-b405-3281a1c094fa,1800,112,1912
e61a4f1c-ce2b-4965-92c8-a0664946d991,bafdbd24-482a-4926-ad19-d5f2929c3e93,2022-06-03 16:02:00,2c7c0b40-21e5-4026-b405-3281a1c094fa,2500,156,2656
f1ede383-6dfe-4782-ba1f-47e2722ad002,2647f821-e1c8-44ee-bc24-7b9932bf9766,2022-06-03 08:40:00,2c7c0b40-21e5-4026-b405-3281a1c094fa,600,37,637
3c28cc1e-b13a-4811-967e-f73f906f227e,fe4e4be2-2e96-4037-9bdf-28440a160f62,2022-06-03 07:56:00,2c7c0b40-21e5-4026-b405-3281a1c094fa,400,25,425
43578633-9047-467b-9410-d98f84f5288d,9e618262-7b79-4704-9035-2fcdf8d34ffb,2022-06-03 14:06:00,2c7c0b40-21e5-4026-b405-3281a1c094fa,400,25,425
69551851-d3a4-45df-a7b4-b701ef203499,08a83635-904a-4c48-8187-470b38512520,2022-06-03 08:56:00,2c7c0b40-21e5-4026-b405-3281a1c094fa,1800,112,1912
4f314dab-bc63-4543-9166-f2680e611368,a6addfaf-a6de-45ac-940f-5d4614f279d0,2022-06-03 08:31:00,2c7c0b40-21e5-4026-b405-3281a1c094fa,600,37,637
7c4c0ade-a5af-497f-a9cf-cb970a003c1a,c166c928-03f6-4635-b322-14421afbbbaa,2022-06-03 15:05:00,2c7c0b40-21e5-4026-b405-3281a1c094fa,600,37,637
f23f17e4-5151-4900-96df-e0a658d2d871,5f978986-a526-43a2-bdc6-828868d49b61,2022-06-03 07:20:00,2c7c0b40-21e5-4026-b405-3281a1c094fa,400,25,425
b8cd2dbc-1cbb-42f2-b73c-8ea4bfce3145,6dbbc49a-b5ce-4831-ba60-3b12b6a89fc4,2022-06-03 12:38:00,2c7c0b40-21e5-4026-b405-3281a1c094fa,600,37,637
6390e209-d015-45ba-b2ad-c343c9f1db91,098e9f20-15e3-45dd-8771-7dc4fe836ca7,2022-06-03 18:55:00,2c7c0b40-21e5-4026-b405-3281a1c094fa,600,37,637
5c099204-2ae5-4ff6-9203-bf27c02dd4a1,1230eb6d-8c33-4314-a706-f84212741ea9,2022-06-03 11:33:00,2c7c0b40-21e5-4026-b405-3281a1c094fa,400,25,425
bdb24c66-8ac5-451c-ad43-1b1df7f2bbbc,9ad4b773-20f7-4f08-afaa-931d90d8f229,2022-06-03 11:04:00,2c7c0b40-21e5-4026-b405-3281a1c094fa,600,37,637
9ea9f09b-0966-4aa6-acdb-ac7abd87c158,707aea69-776e-4c29-a2b9-e8d63dbead69,2022-06-03 17:46:00,2c7c0b40-21e5-4026-b405-3281a1c094fa,700,43,743
8e53afd4-22bd-4cf6-8135-0104de3cfdfc,377bb6d8-437c-4b34-9c11-7bd0c9bec26a,2022-06-03 11:02:00,2c7c0b40-21e5-4026-b405-3281a1c094fa,700,43,743
c916f906-9262-483a-bc93-fe625e1aa894,d909260f-5040-471a-9c3f-5651fa8c03ed,2022-06-03 08:13:00,2c7c0b40-21e5-4026-b405-3281a1c094fa,600,37,637
0e632e75-077f-4996-933e-7b3474d5e98c,f1098a10-244b-46cb-b192-2ad182a44975,2022-06-03 07:52:00,2c7c0b40-21e5-4026-b405-3281a1c094fa,600,37,637
980cf3f3-7f3f-424b-8733-fc66e1bb1013,81dc0475-225a-4cd3-bb26-cdfeb86390df,2022-06-03 15:18:00,2c7c0b40-21e5-4026-b405-3281a1c094fa,1900,118,2018
73d06cd4-2a0e-45cd-a7ac-23e2fec40ff8,b394c22a-41af-4bae-a9f3-dda0649b45ed,2022-06-03 07:43:00,2c7c0b40-21e5-4026-b405-3281a1c094fa,400,25,425
d7c0383a-94b6-41c8-bff6-7d819658709e,fb1214b1-db3f-4cac-bc2e-6b6d585600fb,2022-06-03 08:48:00,2c7c0b40-21e5-4026-b405-3281a1c094fa,600,37,637
153e6780-5ea1-4c0a-8ee9-5986dde5e2e1,c7bf9141-bdf4-4972-89cc-19b540b7964f,2022-06-03 12:59:00,2c7c0b40-21e5-4026-b405-3281a1c094fa,2800,175,2975
52d83e4b-150f-4ae9-a766-3dc83f273e30,1bcdea75-7acc-492e-a184-a61e51c1cfa5,2022-06-03 08:28:00,2c7c0b40-21e5-4026-b405-3281a1c094fa,600,37,637
61c4dfd8-1cd3-4cac-83fa-525edef75d0e,f8919ba3-1c0e-4da5-9408-18923a2ad8fb,2022-06-03 07:01:00,2c7c0b40-21e5-4026-b405-3281a1c094fa,700,43,743
3344fa10-0a8b-4886-b6f4-8a97728d2917,89e0be6f-b800-46b3-b14a-d6c78ced2780,2022-06-03 11:22:00,2c7c0b40-21e5-4026-b405-3281a1c094fa,700,43,743
508ffee5-542c-4317-86bf-431cabd39b60,68633904-669b-4fec-a191-293eab108c93,2022-06-03 17:46:00,2c7c0b40-21e5-4026-b405-3281a1c094fa,400,25,425
4e7b5067-47dd-4d54-b45e-89a4a9999dcb,d753ccfa-106f-47a3-8e03-44b0e6831af3,2022-06-03 08:01:00,2c7c0b40-21e5-4026-b405-3281a1c094fa,400,25,425
a78b2f95-59ed-42a7-963e-fa58a3243e03,608b62cf-f498-4f33-9528-de6ffb9555c2,2022-06-03 07:53:00,2c7c0b40-21e5-4026-b405-3281a1c094fa,600,37,637
d3033cca-35d4-4180-a2e0-1b0fbb6cc808,769dd9bd-a72a-437f-a07e-076c97c4ac9a,2022-06-03 13:22:00,2c7c0b40-21e5-4026-b405-3281a1c094fa,400,25,425
229694ef-af1e-4386-af29-afd48f80029e,577d9ba4-08b4-443e-a3dc-495bdb97f58e,2022-06-03 15:59:00,2c7c0b40-21e5-4026-b405-3281a1c094fa,1300,81,1381
8dc20dfd-25c7-4830-bb36-09cf5a0f0a11,b8ca5b54-3fa9-4f61-91ce-beeaa92f1424,2022-06-03 08:51:00,2c7c0b40-21e5-4026-b405-3281a1c094fa,600,37,637
5e47f6e2-3453-46fb-9272-50b856b93e4a,6b2f49e4-56bd-446a-97ee-d3ddd9804d7f,2022-06-03 08:02:00,2c7c0b40-21e5-4026-b405-3281a1c094fa,700,43,743
f4f6165a-e696-44cb-bb15-cf62005a95bc,7a493345-f39f-41ad-bde0-d580c0b49953,2022-06-03 17:14:00,2c7c0b40-21e5-4026-b405-3281a1c094fa,1700,106,1806
df5878c2-b401-493e-9445-0caca0e9b5c0,096383e8-fafc-418f-8cdd-a2ec9f44ddd3,2022-06-03 08:44:00,2c7c0b40-21e5-4026-b405-3281a1c094fa,600,37,637
4d49c864-e480-4112-8fcf-7f1b4ffe90d3,b3f8d609-aecf-4d7a-9323-cd10ba08a44a,2022-06-03 15:33:00,2c7c0b40-21e5-4026-b405-3281a1c094fa,700,43,743
cf3cdbe2-7ed2-47a0-a8cd-e1ffdbab9084,cf1bbe7c-d999-4a2e-bc3a-93bb9e785f1b,2022-06-03 15:42:00,2c7c0b40-21e5-4026-b405-3281a1c094fa,1600,100,1700
611e8475-5929-4881-a089-32dd3852b1ef,4cd24ca3-21c7-43e7-bd3e-65bc863a16d7,2022-06-03 07:03:00,2c7c0b40-21e5-4026-b405-3281a1c094fa,700,43,743
f7bb4635-0fc5-49d2-8250-8b63ec396d16,aae661ad-0411-4b0f-b7fb-6c26c099cfd7,2022-06-03 08:22:00,2c7c0b40-21e5-4026-b405-3281a1c094fa,600,37,637
b1eba6d1-169d-4510-add6-26e6077e6060,8391b449-3f7a-47a8-b81f-292dfdb07b53,2022-06-03 08:03:00,2c7c0b40-21e5-4026-b405-3281a1c094fa,600,37,637
7360b0f6-29f1-40dd-99b2-16c3f404e74d,762c5a04-e686-4d09-b4c3-40c6aed67774,2022-06-03 11:05:00,2c7c0b40-21e5-4026-b405-3281a1c094fa,700,43,743
b5f144d4-d0a9-4f28-ba74-81ec911a97c3,95cd817f-1c5b-4828-99f7-7fe575406cc9,2022-06-03 10:23:00,2c7c0b40-21e5-4026-b405-3281a1c094fa,2300,143,2443
a9d17231-139d-4c0b-aaa3-c084451d11ed,377718a4-3157-4608-a4af-666080b15524,2022-06-03 18:53:00,2c7c0b40-21e5-4026-b405-3281a1c094fa,400,25,425
34fb3e16-15fd-417a-a246-7d1f0c868082,6a30b004-d1c0-4e76-9339-45a7fe99fc87,2022-06-03 14:04:00,2c7c0b40-21e5-4026-b405-3281a1c094fa,600,37,637
b46099eb-acd3-4045-8887-99aa66bcb109,e87d7dd4-253c-4904-856b-2bc3e4610bbc,2022-06-03 07:47:00,2c7c0b40-21e5-4026-b405-3281a1c094fa,500,31,531
ac85b13f-16cb-4c15-8040-db2e51de74dd,0716e8f7-31e6-4605-8c33-c9717eb1828b,2022-06-03 07:12:00,2c7c0b40-21e5-4026-b405-3281a1c094fa,500,31,531
6520c676-1479-406f-9446-2ea46a9efaee,f5ca275f-bdbe-419a-ac47-5ffc48b1f4fe,2022-06-03 07:45:00,2c7c0b40-21e5-4026-b405-3281a1c094fa,500,31,531
ffea5ccb-ee07-4b32-be88-eee9e614fa3b,770ef8a9-2d3e-436a-8d56-15cbb14191f6,2022-06-03 08:14:00,2c7c0b40-21e5-4026-b405-3281a1c094fa,500,31,531
3d8b29a1-55e0-4866-b30d-ff8f951817a9,9a65900b-27f4-4b08-a09b-f919986f3b7f,2022-06-03 10:04:00,2c7c0b40-21e5-4026-b405-3281a1c094fa,600,37,637
19742a4f-e227-4e86-811c-5a6e8a31f833,9cf15c00-66f8-446b-aa1e-6cfaa15a28cd,2022-06-03 08:48:00,2c7c0b40-21e5-4026-b405-3281a1c094fa,600,37,637
fb244808-74f3-4db6-b091-523d08ecb53e,48509249-030e-4da5-aabe-34c1bb302e05,2022-06-03 12:17:00,2c7c0b40-21e5-4026-b405-3281a1c094fa,2400,150,2550
de9a88d1-766f-4f81-9032-f2eedbc4badc,c950e872-765f-41c6-9298-08946b5da33c,2022-06-03 15:00:00,2c7c0b40-21e5-4026-b405-3281a1c094fa,500,31,531
44d327b5-cf70-424e-ac3b-df808388551c,0a1537fd-daf7-45b7-9079-4896eebfc105,2022-06-03 08:08:00,2c7c0b40-21e5-4026-b405-3281a1c094fa,600,37,637
48f2e463-92c7-4d06-bc63-fbdc9d16f841,b1fedc8d-d8e8-45ea-9dfb-5b47351591d6,2022-06-03 15:33:00,2c7c0b40-21e5-4026-b405-3281a1c094fa,600,37,637
3fbffd9f-2524-49a7-93d6-d97ebe496519,e3954c8f-706c-4955-aa47-53462acf95f6,2022-06-03 14:57:00,2c7c0b40-21e5-4026-b405-3281a1c094fa,2000,125,2125
d8d9432b-4deb-4b81-a133-a40d7f9df322,e57fd108-3118-442c-b5b5-7c1add68fb8a,2022-06-03 16:48:00,2c7c0b40-21e5-4026-b405-3281a1c094fa,600,37,637
3a66618c-8737-4b8d-afba-7c18e75bcd72,7f07fcee-dd67-4eff-8f85-b102c1043eb8,2022-06-03 12:56:00,2c7c0b40-21e5-4026-b405-3281a1c094fa,1900,118,2018
e4e709d5-3059-45b8-bc59-6cda13fe1604,1481f859-7fad-49a6-8222-7de03bebd7ed,2022-06-03 09:03:00,2c7c0b40-21e5-4026-b405-3281a1c094fa,600,37,637
e66bd4c6-b64e-438f-9c12-ac5494b7ab09,f31a1202-5968-4ef4-9fab-c9c3e9e6d12a,2022-06-03 13:20:00,2c7c0b40-21e5-4026-b405-3281a1c094fa,400,25,425
8052737c-b265-4111-bd4b-d2423405cef0,b261ee63-cdf8-409f-a4d5-5a5f5648f8fd,2022-06-03 08:18:00,2c7c0b40-21e5-4026-b405-3281a1c094fa,600,37,637
58334847-d001-465c-8621-a2b25d9ab95b,17314111-8073-4571-82b0-3cbdaf3672bd,2022-06-03 08:22:00,2c7c0b40-21e5-4026-b405-3281a1c094fa,500,31,531
7fe1132b-80d1-4972-ac68-222bb41c6add,949fe8f4-8334-4f81-b38c-40be2a439d7a,2022-06-03 08:53:00,2c7c0b40-21e5-4026-b405-3281a1c094fa,600,37,637
262112a0-8fb3-416e-a1e6-7532f58c4f7d,2a960d6e-bc31-4bfd-bd29-c7658913ce72,2022-06-03 11:39:00,2c7c0b40-21e5-4026-b405-3281a1c094fa,1000,62,1062
8aff76a8-76a4-41c9-a86d-39edbfabd2f5,c00da9ba-d5c6-48cc-a9d7-ae2f6b116876,2022-06-03 08:13:00,2c7c0b40-21e5-4026-b405-3281a1c094fa,400,25,425
c2538591-857d-44c3-a0a8-c4e8d0bf0d3a,7b07cdef-7550-4398-a827-0f166702558d,2022-06-03 11:31:00,2c7c0b40-21e5-4026-b405-3281a1c094fa,400,25,425
17752c38-630f-4ea4-9e4a-9592fd0a17d0,7815f514-9fba-4b3a-a396-b1c903e2d5ea,2022-06-03 08:21:00,2c7c0b40-21e5-4026-b405-3281a1c094fa,600,37,637
274b2679-62f8-44bf-bd1d-e433ef5d1d92,cda4a9bc-f8e6-4524-9544-d93d4a610a47,2022-06-03 15:57:00,2c7c0b40-21e5-4026-b405-3281a1c094fa,600,37,637
88f0526e-6624-40c7-b8b9-31c43c9a11bf,4ceaf012-7044-4c13-9ff6-afb4f9f197eb,2022-06-03 07:44:00,2c7c0b40-21e5-4026-b405-3281a1c094fa,400,25,425
0cc3aa77-bf7f-4691-b99c-5714750c1ef9,e5296814-9316-48d8-8b0e-ee925b70e267,2022-06-03 11:08:00,2c7c0b40-21e5-4026-b405-3281a1c094fa,600,37,637
35e840e1-14e9-40a4-823c-1d34ae0e5942,85dc0f8e-0185-44ca-ab0f-e81472fd3739,2022-06-03 16:32:00,2c7c0b40-21e5-4026-b405-3281a1c094fa,1700,106,1806
9ecc739c-cadb-4ab4-bb1c-6895f4f4ba3b,411bf114-1d91-4d9e-9b2e-2eb1e59d80bb,2022-06-03 07:37:00,2c7c0b40-21e5-4026-b405-3281a1c094fa,500,31,531
78d85228-94cb-40a1-98a3-a69b8d8ec2e8,95482014-2031-41aa-aed1-10e1966f8211,2022-06-03 15:04:00,2c7c0b40-21e5-4026-b405-3281a1c094fa,500,31,531
e850fae4-f462-437a-a970-6baeeaff7f90,db840a3d-ae8a-4f70-93d0-a7ceb56ce5d4,2022-06-03 14:00:00,2c7c0b40-21e5-4026-b405-3281a1c094fa,600,37,637
49dde8ab-e4a4-4620-8336-6d038b1c6019,5d0a759c-32bd-4362-8ef8-5387885c5bdd,2022-06-03 13:55:00,2c7c0b40-21e5-4026-b405-3281a1c094fa,600,37,637
f45c20a9-ccc4-4d76-bfed-bc6092f786ff,ede97af1-6cfd-49bc-abd6-1dbfd267d239,2022-06-03 14:29:00,2c7c0b40-21e5-4026-b405-3281a1c094fa,600,37,637
dd3fd755-a4b3-481d-ad4b-f57ca5ccdf7d,6cb7ea64-a794-4489-aff9-5d771b62259c,2022-06-03 17:29:00,2c7c0b40-21e5-4026-b405-3281a1c094fa,1900,118,2018
6b235237-ee2d-4d9b-8e40-81ab9193ec90,9d117cbc-8206-44fc-a784-1b7e26e69f14,2022-06-03 08:43:00,2c7c0b40-21e5-4026-b405-3281a1c094fa,600,37,637
4ff401ef-f55f-48f2-befe-0cd2cfff40a4,ea21e050-07b9-4cfa-9099-53c33cccabdd,2022-06-03 14:44:00,2c7c0b40-21e5-4026-b405-3281a1c094fa,600,37,637
197ebea8-dcf5-4c02-acdb-efebe3978bd1,b3f5f687-ea5c-49d0-9b70-94ceeb7d8e5e,2022-06-03 14:57:00,2c7c0b40-21e5-4026-b405-3281a1c094fa,1600,100,1700
cd9caa44-64e8-46dd-8a8f-4d807ab787e0,c38122f1-bf34-4609-86ba-ffd1f95e88a1,2022-06-03 08:23:00,2c7c0b40-21e5-4026-b405-3281a1c094fa,600,37,637
2f15942f-3902-410d-9e0b-d860a7f2a769,33403027-f2f6-4d5b-b72a-f9a6bd0f75d6,2022-06-03 16:14:00,2c7c0b40-21e5-4026-b405-3281a1c094fa,1800,112,1912
ffd978b7-11bc-4e52-9c59-4837f2c4d278,b29427fc-5839-43aa-8cce-5fabfae85302,2022-06-03 13:15:00,2c7c0b40-21e5-4026-b405-3281a1c094fa,1800,112,1912
a654d49c-ac2c-42c2-91bb-ad36bd7d2aef,9fddd59b-8092-44dd-823a-2a10f4a954f3,2022-06-03 08:12:00,2c7c0b40-21e5-4026-b405-3281a1c094fa,600,37,637
8421ce8d-7f64-4c38-bdbd-78eb3f1bf758,3d0f7b2e-b6d1-44b5-8756-a848f2eab391,2022-06-03 17:06:00,2c7c0b40-21e5-4026-b405-3281a1c094fa,700,43,743
19447321-894f-4f93-9dff-bc282614035c,07b7f34d-6032-4d38-b47c-e38ceaa35664,2022-06-03 13:27:00,2c7c0b40-21e5-4026-b405-3281a1c094fa,1000,62,1062
21c02090-d1ce-4849-911b-a00b13fb62b5,900c8b72-6cf9-41c2-9528-bfd661a2a6c5,2022-06-03 08:06:00,2c7c0b40-21e5-4026-b405-3281a1c094fa,700,43,743
14805a30-4502-4323-bdda-efa5c586c08d,d3bb9c17-e481-425d-884d-b62ab58bc9e7,2022-06-03 16:24:00,2c7c0b40-21e5-4026-b405-3281a1c094fa,2000,125,2125
4c0fe7cc-0358-4902-acfa-4d2f1a8c4512,fd0a14de-47c2-4cc3-a067-321ea46cfacb,2022-06-03 13:32:00,2c7c0b40-21e5-4026-b405-3281a1c094fa,1600,100,1700
0cf152bb-caa5-475a-80a6-50c56c86205a,05d37c9d-0780-45ea-9c41-ae74878ca992,2022-06-03 07:49:00,2c7c0b40-21e5-4026-b405-3281a1c094fa,500,31,531
bedc2020-cf0a-4df3-a2cc-0edd1e37c024,2d98fe07-303d-43ac-b2c7-b688f0765087,2022-06-03 07:11:00,2c7c0b40-21e5-4026-b405-3281a1c094fa,600,37,637
c0b91c6c-b894-43e8-b1cd-81efc3cce392,f75a6b15-5908-4701-be73-63cc159dd363,2022-06-03 07:30:00,2c7c0b40-21e5-4026-b405-3281a1c094fa,400,25,425
2f0aaeb6-5c22-46cf-9bab-dcb1650436c8,8ba73904-d8b0-484e-9571-8f4fb405a99a,2022-06-03 14:55:00,2c7c0b40-21e5-4026-b405-3281a1c094fa,1200,75,1275
57dc5761-0923-447f-847e-338d9231c590,325d860f-7129-46e3-84fb-ece38a4a511e,2022-06-03 07:51:00,2c7c0b40-21e5-4026-b405-3281a1c094fa,500,31,531
6f622bfc-508c-4d72-b80a-70110f2eca5d,185f50fa-1880-4d33-bffb-0229c00021e1,2022-06-03 08:23:00,2c7c0b40-21e5-4026-b405-3281a1c094fa,700,43,743
7a822738-194c-4b45-9d3f-07146c768ace,b20bae30-2c82-4e03-ae3e-c6a9238fa0a2,2022-06-03 08:00:00,2c7c0b40-21e5-4026-b405-3281a1c094fa,600,37,637
eaeb9b91-6b0a-4c47-bd1c-b43b653b9bde,0b1434d8-87fe-40c9-9029-702c51ba0dc8,2022-06-03 15:46:00,2c7c0b40-21e5-4026-b405-3281a1c094fa,400,25,425
2c640e1c-18be-4845-8128-af37d473fa48,d1d9e650-9178-4395-b1e9-36d4bf78b10b,2022-06-03 16:26:00,2c7c0b40-21e5-4026-b405-3281a1c094fa,1700,106,1806
2993a6e7-33a6-4be8-85dc-05c53e7a52d2,77679713-afd0-4b0c-84b3-755462888e28,2022-06-03 15:38:00,2c7c0b40-21e5-4026-b405-3281a1c094fa,600,37,637
6fdd2e5c-6ef8-42d4-9073-95b24a3461b2,8bdfd5f7-e6c8-4213-90f8-290340275705,2022-06-03 07:29:00,2c7c0b40-21e5-4026-b405-3281a1c094fa,500,31,531
a5104d45-3a1b-4954-bb8b-482a3009bfb1,4930bc83-623f-498d-9657-e6946df34670,2022-06-03 07:41:00,2c7c0b40-21e5-4026-b405-3281a1c094fa,600,37,637
9d7c5afd-4481-4486-9dcc-7dee24997bb4,ff0e6672-f5c3-49c3-8641-640328bd5e32,2022-06-03 08:45:00,2c7c0b40-21e5-4026-b405-3281a1c094fa,700,43,743
4f32d622-b61e-45dc-b45e-c2d3770597da,eb7f58bc-0664-4ace-ae93-92e55562d42c,2022-06-03 11:09:00,2c7c0b40-21e5-4026-b405-3281a1c094fa,600,37,637
254fac71-8d0b-46b1-93b3-9f99a5083635,2126e90c-f785-447f-8084-2c01f266f801,2022-06-03 14:37:00,2c7c0b40-21e5-4026-b405-3281a1c094fa,600,37,637
4e83cc98-7875-4d37-9619-ffe5510d99ec,4ed02205-22bb-4bfd-896c-d175d6567c62,2022-06-03 19:59:00,2c7c0b40-21e5-4026-b405-3281a1c094fa,1900,118,2018
b0cddfc0-f3ab-4f14-8415-a81bf8e54a8e,86ce2bfe-cfd3-43d7-bf73-302839416a8f,2022-06-03 08:52:00,2c7c0b40-21e5-4026-b405-3281a1c094fa,600,37,637
429b3afe-640d-48fa-98fe-725cd3dfb7e0,d3a2e187-0d5f-4c0d-889d-aab3ff2fd8ba,2022-06-03 09:07:00,2c7c0b40-21e5-4026-b405-3281a1c094fa,400,25,425
0b08dfb2-a4a3-4a3e-adf3-1038ebdd4f4d,9f15e740-2f82-40a0-be8d-3d0d64c9dd5c,2022-06-03 13:01:00,2c7c0b40-21e5-4026-b405-3281a1c094fa,700,43,743
0093a710-a9bb-4685-a9a9-edfffd07ac1c,7e704409-e995-4e26-8eae-5d89eeb90107,2022-06-03 15:04:00,2c7c0b40-21e5-4026-b405-3281a1c094fa,1900,118,2018
8f3cf1d1-32bd-4dfc-80d2-c3bd57833865,2aebbf7f-b775-4c03-9a7c-83deebadf4c0,2022-06-03 07:24:00,2c7c0b40-21e5-4026-b405-3281a1c094fa,600,37,637
f5e0c9f8-1322-44de-bf2b-8a918a50fb38,6c89e693-e895-44dc-b33d-28f79f7c619b,2022-06-03 08:17:00,2c7c0b40-21e5-4026-b405-3281a1c094fa,600,37,637
2119e9de-a44f-4268-ae89-a4f8f1482425,32e90055-dc31-432b-8858-e6a60f312009,2022-06-03 17:20:00,2c7c0b40-21e5-4026-b405-3281a1c094fa,500,31,531
7dda03a5-e01f-4af3-bde1-542c2e8ea723,7819dde7-1b51-4fa3-8f8a-05d4753ded13,2022-06-03 07:48:00,2c7c0b40-21e5-4026-b405-3281a1c094fa,600,37,637
997eb9aa-06a7-4599-a3eb-0fb0fd1da973,30a2f263-f55c-4b89-83d1-c19eee532a38,2022-06-03 07:47:00,2c7c0b40-21e5-4026-b405-3281a1c094fa,400,25,425
024570d7-6938-4082-814e-800fec5cd5e8,3e682e33-7cbe-4994-9744-100e97f4af69,2022-06-03 10:40:00,2c7c0b40-21e5-4026-b405-3281a1c094fa,1700,106,1806
f4d79b7b-7f80-46ae-a5f1-213315a25b58,2c23560c-f644-4386-bfbe-a9743f443c42,2022-06-03 08:06:00,2c7c0b40-21e5-4026-b405-3281a1c094fa,600,37,637
1fe62cff-cda7-438d-92b6-49acbd618290,e083c7ff-a159-4823-9314-09d3984c3785,2022-06-03 17:36:00,2c7c0b40-21e5-4026-b405-3281a1c094fa,700,43,743
09a639b3-44b3-4709-ba1b-ec56d9608a79,696f0c48-8a40-4f8f-8859-0850ae368437,2022-06-03 12:11:00,2c7c0b40-21e5-4026-b405-3281a1c094fa,1800,112,1912
1696aa34-8470-4758-a462-da2da94b7e22,017ee500-8ec5-4a50-b74c-95520f0a8958,2022-06-03 15:39:00,2c7c0b40-21e5-4026-b405-3281a1c094fa,1800,112,1912
ad971524-c8ae-4b06-84cc-27106475c2e0,99f8915a-b1ec-40a3-ae24-14f3dd694d12,2022-06-03 08:40:00,2c7c0b40-21e5-4026-b405-3281a1c094fa,600,37,637
afbafdd9-3150-45a2-b50d-b6d8e3eaf7bb,8d3cdf25-82d6-4a3d-84c4-f2e0a031b3fe,2022-06-03 15:08:00,2c7c0b40-21e5-4026-b405-3281a1c094fa,600,37,637
5bb6d6d2-c8a9-4397-8836-14b7bc9f943c,92b731d0-8f4e-4454-927b-c08037930a62,2022-06-03 13:36:00,2c7c0b40-21e5-4026-b405-3281a1c094fa,1600,100,1700
e18ceb61-1bfb-43aa-a788-03b04ccd2ac9,268ffc49-8df7-491e-a596-028aa31492ef,2022-06-03 08:04:00,2c7c0b40-21e5-4026-b405-3281a1c094fa,700,43,743
02bdc3e1-a1f7-47d6-b8a0-d31f6c9a5f6a,3220d599-e583-4cac-9428-261bd8e3b069,2022-06-03 14:43:00,2c7c0b40-21e5-4026-b405-3281a1c094fa,600,37,637
62503b45-4d2e-4db3-b2cb-f64954890e77,700e4d1f-cf30-4c0a-973c-7fd20e31e10a,2022-06-03 12:35:00,2c7c0b40-21e5-4026-b405-3281a1c094fa,2200,137,2337
775172bd-91e0-4478-97ac-687fef8b4fab,31f31b8a-1ee1-4be0-8d9d-246512c978f5,2022-06-03 13:42:00,2c7c0b40-21e5-4026-b405-3281a1c094fa,600,37,637
ba69aacf-e298-48a9-a7b1-12a0dc7049c7,0f5163de-14a7-4833-a294-13d3aae250f3,2022-06-03 08:01:00,2c7c0b40-21e5-4026-b405-3281a1c094fa,600,37,637
15964095-8cfd-424e-abd8-1462e4e5247b,539ad641-1092-4ba1-aca8-56e07c8ea39f,2022-06-03 12:39:00,2c7c0b40-21e5-4026-b405-3281a1c094fa,1100,68,1168
2732afb5-72ab-4c58-8f09-edce804bf24b,60bc1e14-fc8d-459f-9069-ea94123b17f3,2022-06-03 08:36:00,2c7c0b40-21e5-4026-b405-3281a1c094fa,1700,106,1806
b7d33921-b805-4dc9-904b-4fae7b17c265,2228ab7c-91a4-4cac-bebb-8e8f096524b0,2022-06-03 07:54:00,2c7c0b40-21e5-4026-b405-3281a1c094fa,700,43,743
ab6b5e1c-58a6-47a8-a9b5-13d76e04a012,8e784b74-ab3c-4e1d-ac1d-668719158894,2022-06-03 08:13:00,2c7c0b40-21e5-4026-b405-3281a1c094fa,400,25,425
3b83f8da-9d28-481f-89bb-ede0fc4f01e3,151f36a5-f3cb-4188-b34c-1964b4fcebbe,2022-06-03 14:32:00,2c7c0b40-21e5-4026-b405-3281a1c094fa,400,25,425
e32e9c56-310d-4c42-b9e3-a2c3fde03168,f2ed3dee-af64-4cc3-abb6-22d3764641b7,2022-06-03 08:29:00,2c7c0b40-21e5-4026-b405-3281a1c094fa,400,25,425
2e110251-2e49-49b0-bc48-4c29852d8cb4,c77b07ea-c37e-41a3-95f1-813c1f7879db,2022-06-03 08:17:00,2c7c0b40-21e5-4026-b405-3281a1c094fa,600,37,637
e9dac4a1-aac6-4607-b359-97a673a53862,8fb4658e-e123-42df-8e77-a6ed29fc5f38,2022-06-03 14:32:00,2c7c0b40-21e5-4026-b405-3281a1c094fa,1700,106,1806
bfafb3d9-b13d-41c3-bfec-1c6bcd73368b,54d15939-3a71-4f58-a3f2-0b4f89d3bb64,2022-06-03 16:26:00,2c7c0b40-21e5-4026-b405-3281a1c094fa,500,31,531
9683d101-2e09-46f6-a305-6fe26653f885,27ed9719-c79b-40e1-8104-2725a63c045d,2022-06-03 08:29:00,2c7c0b40-21e5-4026-b405-3281a1c094fa,400,25,425
335b86f5-3730-4155-abb3-b6f8fb5e539c,02642c3e-981a-40f6-8403-7e10f5c62737,2022-06-03 14:22:00,2c7c0b40-21e5-4026-b405-3281a1c094fa,400,25,425
bc2b9409-effa-4cc3-81ec-8f5dfb481f8f,3e5b15ad-2b58-4454-bd44-3bef2aee95bb,2022-06-03 08:41:00,2c7c0b40-21e5-4026-b405-3281a1c094fa,500,31,531
9763fcb7-5309-4deb-bbf8-cd0022edb86b,f4077df6-3f65-49a0-8b0a-6832b2d150f1,2022-06-03 07:51:00,2c7c0b40-21e5-4026-b405-3281a1c094fa,600,37,637
55311ef1-ad4f-4655-a53f-3468f5cbc718,0e0470a9-b5e2-4230-82fe-65e5ca22fb62,2022-06-03 10:56:00,2c7c0b40-21e5-4026-b405-3281a1c094fa,600,37,637
0e7a4f9c-a3c8-4413-885a-e0ef47c53ad9,7ccf52c5-9a61-4cdd-b066-1861d44d7118,2022-06-03 18:29:00,2c7c0b40-21e5-4026-b405-3281a1c094fa,500,31,531
4a8f28fb-a89d-494c-b936-4db389624467,2c03dde5-9104-4078-95cc-262c4d4e306c,2022-06-03 16:18:00,2c7c0b40-21e5-4026-b405-3281a1c094fa,1800,112,1912
20306379-ec11-4d14-a2ee-8004d062a935,ac4afb8d-0558-4ead-8f52-e442e2dd4924,2022-06-03 08:01:00,2c7c0b40-21e5-4026-b405-3281a1c094fa,500,31,531
b45cd77e-ce73-446c-8924-918edc74b74f,3751b71a-1197-4375-b25c-da8de1782910,2022-06-03 14:42:00,2c7c0b40-21e5-4026-b405-3281a1c094fa,600,37,637
463b067f-c4d2-4027-9801-2de05596048e,36439b4b-c7f8-4010-8000-f370ee29e661,2022-06-03 14:33:00,2c7c0b40-21e5-4026-b405-3281a1c094fa,1600,100,1700
b60eb233-2e22-4a26-8e68-a5d849069f37,b9d253c1-b0be-4045-ad56-78846256bc9b,2022-06-03 08:10:00,2c7c0b40-21e5-4026-b405-3281a1c094fa,600,37,637
301713c6-1b13-44eb-a2d3-23f86463f2e9,a199f995-f93f-450a-9dd2-4747e733f032,2022-06-03 08:30:00,2c7c0b40-21e5-4026-b405-3281a1c094fa,400,25,425
00963410-587b-4740-8ae9-0c97cb157df4,6aa2e9f4-298e-4a00-ae30-40341edc970b,2022-06-03 11:51:00,2c7c0b40-21e5-4026-b405-3281a1c094fa,600,37,637
72f68378-a87e-4f33-8f29-7c6dfdf6a232,9e954843-2542-4dcb-b42b-15afeb6f54b1,2022-06-03 18:08:00,2c7c0b40-21e5-4026-b405-3281a1c094fa,1800,112,1912
91aece6d-19b6-4a01-ad20-01efaceb87e2,6a70bb64-0e00-43ef-9d71-59e6ff9d605f,2022-06-03 07:44:00,2c7c0b40-21e5-4026-b405-3281a1c094fa,700,43,743
776269e1-ad9f-4721-a50e-9fe5bfda3295,e3194d11-8cfa-45a1-bf58-318f63ed3179,2022-06-03 08:30:00,2c7c0b40-21e5-4026-b405-3281a1c094fa,700,43,743
a91ced25-6a9f-4c28-99c3-98809f3f1661,f558905d-ff4a-41c3-9033-b5c2e2a25d25,2022-06-03 13:54:00,2c7c0b40-21e5-4026-b405-3281a1c094fa,600,37,637
c8ca799c-a52a-4bb5-979b-171536edda0a,de26451c-3959-420f-a098-380adce42371,2022-06-03 14:18:00,2c7c0b40-21e5-4026-b405-3281a1c094fa,1100,68,1168
3d9f501f-4c60-410b-ab47-7ad8e944e032,0b4e3ffe-f5f7-4114-b024-c6db96ded07c,2022-06-03 07:36:00,2c7c0b40-21e5-4026-b405-3281a1c094fa,600,37,637
cf09c983-ebfa-43e4-b107-39b9a7b7f94f,f76e7677-2b6c-436a-b99c-2c46889222e6,2022-06-03 14:29:00,2c7c0b40-21e5-4026-b405-3281a1c094fa,700,43,743
46f7c6b0-21f3-4e2b-8e0b-ab62ad7bd269,04f0e58e-9310-4613-9620-9d86a9aac81e,2022-06-03 07:33:00,2c7c0b40-21e5-4026-b405-3281a1c094fa,600,37,637
93576480-0224-493d-ae01-b5ca768828a3,f108b09a-f3b1-4d80-b3d3-0610542982ea,2022-06-03 07:05:00,2c7c0b40-21e5-4026-b405-3281a1c094fa,500,31,531
ac4d4ac9-f1a0-4692-ab09-20b5fcea3964,1d4f1fe4-7afc-4f0f-b019-c1e2b9c4d001,2022-06-03 07:06:00,2c7c0b40-21e5-4026-b405-3281a1c094fa,700,43,743
398ce272-5cf1-4e3b-89d5-2dde6f35d5ca,e936075e-f265-47cf-9324-35d6187af866,2022-06-03 14:27:00,2c7c0b40-21e5-4026-b405-3281a1c094fa,1800,112,1912
fab45bdb-2c2b-41db-ba90-351d0d76663f,5ee74f0a-6394-489c-9731-e60841833a9f,2022-06-03 18:39:00,2c7c0b40-21e5-4026-b405-3281a1c094fa,0,0,0
2f2a289d-07a1-4511-91fb-21aec71d0edb,2b0dd3ef-74b8-4b6a-bd42-b747870fbd42,2022-06-03 08:12:00,2c7c0b40-21e5-4026-b405-3281a1c094fa,400,25,425
de500407-2823-4582-a770-504c10610e80,73e150b4-e63b-40f5-8b1e-e3b0017300f7,2022-06-03 19:53:00,2c7c0b40-21e5-4026-b405-3281a1c094fa,1800,112,1912
491d3bcf-11f3-4f48-b015-a1f4d3a3bbbe,46b591a6-100d-4561-ab0e-fc8d82150821,2022-06-03 14:00:00,2c7c0b40-21e5-4026-b405-3281a1c094fa,600,37,637
3eb521df-c2be-4468-9b11-6f6cf66eb9e7,f58ade35-beb2-412f-a459-0684fedf4d28,2022-06-03 08:24:00,2c7c0b40-21e5-4026-b405-3281a1c094fa,600,37,637
74f0aa97-a71c-43c3-bc16-cf654ad91f1b,e9ed64ae-e9bc-49a1-956f-fb7c07e2f289,2022-06-03 08:21:00,2c7c0b40-21e5-4026-b405-3281a1c094fa,700,43,743
41d18034-7c42-4d99-ba02-0ecd07040884,58e99619-de64-48c0-adb0-1c722e1a8c04,2022-06-03 12:09:00,2c7c0b40-21e5-4026-b405-3281a1c094fa,500,31,531
40453871-e6f3-4843-854a-49bf78b3db30,ad406609-038c-4d8f-908b-29eb83eddb40,2022-06-03 07:56:00,2c7c0b40-21e5-4026-b405-3281a1c094fa,400,25,425
e5c439ac-3996-4ec7-b1e2-7e74426e273f,74c597ea-d195-4bd1-aa04-e427bec2fa17,2022-06-03 08:16:00,2c7c0b40-21e5-4026-b405-3281a1c094fa,500,31,531
80d6c138-cc35-4d26-9b37-1aeece273529,4cce8105-937e-47f6-a79a-245b6422e04f,2022-06-03 07:52:00,2c7c0b40-21e5-4026-b405-3281a1c094fa,400,25,425
6e971fca-95fc-459c-9472-9184267793e2,2ff62908-2a68-4369-9d9c-86aa573ca4f2,2022-06-03 16:31:00,2c7c0b40-21e5-4026-b405-3281a1c094fa,500,31,531
7aa4783c-1b8b-4c5c-b258-2156542496fd,515cc3da-fd37-487d-a219-a1632ba5e280,2022-06-03 17:36:00,2c7c0b40-21e5-4026-b405-3281a1c094fa,600,37,637
addaa9f7-fa13-4508-a769-7ba671d6b703,80e1531e-0b86-460a-84d1-e56dedaabaa2,2022-06-03 15:28:00,2c7c0b40-21e5-4026-b405-3281a1c094fa,1900,118,2018
a387444f-1dc2-49fa-982c-3f05c2e6d2e3,fd31aa05-c88c-426d-9cd4-1bb676a9aab0,2022-06-03 10:36:00,2c7c0b40-21e5-4026-b405-3281a1c094fa,500,31,531
8035e685-c1b8-4220-9df9-6e44179b4e92,717b775b-5eaa-463e-ba45-ac45e63cc1ca,2022-06-03 12:14:00,2c7c0b40-21e5-4026-b405-3281a1c094fa,2400,150,2550
283663ee-e80d-4343-994e-d1388e55c7f7,33e8b867-e2fc-41c6-9a25-dee67fa2f23f,2022-06-03 10:50:00,2c7c0b40-21e5-4026-b405-3281a1c094fa,1600,100,1700
2a9a3f24-938d-47fe-9739-1a27b0197ab8,290a6471-6527-42db-8a85-6452a351b89d,2022-06-03 08:47:00,2c7c0b40-21e5-4026-b405-3281a1c094fa,600,37,637
17bf46dc-f303-4ae1-8014-0cba180a4c14,f89fcee5-0944-4ab1-b8f9-7b894803324b,2022-06-03 12:06:00,2c7c0b40-21e5-4026-b405-3281a1c094fa,700,43,743
68fa54cf-ebf1-4d37-93da-584255440d06,5ce71596-3a6b-4485-b3e0-f1ea2226a655,2022-06-03 18:35:00,2c7c0b40-21e5-4026-b405-3281a1c094fa,2000,125,2125
9f4815ce-4b8a-466f-8a10-1ec7c7087095,0ddc410e-f67a-4ea5-8b59-8efea281727e,2022-06-03 08:05:00,2c7c0b40-21e5-4026-b405-3281a1c094fa,500,31,531
00df793b-7d67-4e96-977c-536cd4b04744,09a6f48f-08f7-4722-876e-34a69cd5afe0,2022-06-03 08:35:00,2c7c0b40-21e5-4026-b405-3281a1c094fa,600,37,637
5fcc36c7-e2f1-433a-8d99-6a1edcc1a905,da04cf5e-9160-4b55-b29b-bac89e3efdef,2022-06-03 18:24:00,2c7c0b40-21e5-4026-b405-3281a1c094fa,400,25,425
cbce8063-fd23-44c0-829f-03918e847527,61221960-ce6c-49aa-9007-6deaee1fe79c,2022-06-03 07:00:00,2c7c0b40-21e5-4026-b405-3281a1c094fa,700,43,743
38816cfb-d448-4f9a-b0ba-2dcd43f334c1,95f8367b-c25a-481d-920e-5020e5aa6357,2022-06-03 16:03:00,2c7c0b40-21e5-4026-b405-3281a1c094fa,1700,106,1806
03634e2d-1f60-4392-a222-aae1ef8a0caf,e4f06dfc-7b35-4388-8282-b5649cafa195,2022-06-03 18:15:00,2c7c0b40-21e5-4026-b405-3281a1c094fa,1700,106,1806
3d68712a-d8d5-4174-959a-4002cdf98b94,9258bdcd-9fa0-41f5-9ea0-8fa72ab25157,2022-06-03 08:17:00,2c7c0b40-21e5-4026-b405-3281a1c094fa,400,25,425
ddc9efdc-9682-4c1c-a75a-44c78101f1e9,fa75a7cf-2ade-467f-9125-602e50dd7cda,2022-06-03 14:08:00,2c7c0b40-21e5-4026-b405-3281a1c094fa,400,25,425
a1fe83a4-5ef6-44a5-8554-76141e597b4e,fa86383d-5c05-4a18-b6eb-6f97cf794762,2022-06-03 08:23:00,2c7c0b40-21e5-4026-b405-3281a1c094fa,600,37,637
40c907f9-a94d-49af-8220-9a6da08fec96,225cedf2-e2bb-48d4-9737-4b90a89aa988,2022-06-03 08:46:00,2c7c0b40-21e5-4026-b405-3281a1c094fa,2300,143,2443
7ca58e0d-8211-4145-b254-5c9020721a63,a8dd9b84-ec8e-4a39-b972-077d70029935,2022-06-03 12:42:00,2c7c0b40-21e5-4026-b405-3281a1c094fa,600,37,637
03473160-1ca8-4400-9c12-1789970243d7,4b733367-6af0-4554-9c5b-0dd8387cf875,2022-06-03 16:10:00,2c7c0b40-21e5-4026-b405-3281a1c094fa,1600,100,1700
60b4542c-93e2-4c09-bb45-4b0172ba1d10,af3dc3c6-d7d9-4803-90d7-b55e79b22d76,2022-06-03 08:21:00,2c7c0b40-21e5-4026-b405-3281a1c094fa,500,31,531
954f6062-2e7c-40b6-be7e-416e02526825,7187df43-a9cd-4d7d-9c30-f9bd4c359acd,2022-06-03 07:58:00,2c7c0b40-21e5-4026-b405-3281a1c094fa,500,31,531
7417e053-6283-4d0d-b753-bad0df0f29dc,5ad9d2fc-7fb9-404c-a18e-7ef4de86de05,2022-06-03 14:24:00,2c7c0b40-21e5-4026-b405-3281a1c094fa,600,37,637
527c282c-ead6-413d-b775-fc336feec1e2,d9e29bad-fb1a-4823-b64a-387f3730d778,2022-06-03 07:32:00,2c7c0b40-21e5-4026-b405-3281a1c094fa,600,37,637
c2d0f98c-fdb8-4018-8841-f253902bbf9c,5d20b1af-4da2-4c21-9162-be96e4a17e16,2022-06-03 16:07:00,2c7c0b40-21e5-4026-b405-3281a1c094fa,700,43,743
d9f086a1-2f12-4ba1-af0d-ed28013aecb8,5d522def-3044-4408-8540-042f8cff562b,2022-06-03 15:21:00,2c7c0b40-21e5-4026-b405-3281a1c094fa,700,43,743
dc996810-3e14-4a81-8a4d-ab82bd893904,37cde76d-d177-41a0-bb0b-6c40df3f37b1,2022-06-03 07:44:00,2c7c0b40-21e5-4026-b405-3281a1c094fa,700,43,743
97f27886-9fd8-4468-a7de-d4e65dfa6aec,490eb03b-b6c7-4dc9-81db-76fc63f7e94e,2022-06-03 15:30:00,2c7c0b40-21e5-4026-b405-3281a1c094fa,1800,112,1912
eaea43a1-fd4d-41fb-9fce-c9f3961f1a1e,90b91ce7-46e2-4b12-baa8-2cdfa15656ea,2022-06-03 08:03:00,2c7c0b40-21e5-4026-b405-3281a1c094fa,500,31,531
b4b19605-c356-4417-b29f-320d85905947,04f23052-0975-4fc5-b516-b502a44254eb,2022-06-03 13:17:00,2c7c0b40-21e5-4026-b405-3281a1c094fa,1700,106,1806
126767d1-ab78-47bc-ba25-9dd2e1159da2,6580d0a6-b610-43c9-98b4-0b3a4d35181f,2022-06-03 07:57:00,2c7c0b40-21e5-4026-b405-3281a1c094fa,500,31,531
471f9b92-7db5-4dce-a72e-6ab37eb0e1ea,ea7f3c07-7866-45ed-9af2-75c96025c924,2022-06-03 13:52:00,2c7c0b40-21e5-4026-b405-3281a1c094fa,500,31,531
d9546be1-015a-4b58-bcd3-1c5150f64a17,3b910127-b73e-48af-add0-951120f9c1c7,2022-06-03 14:48:00,2c7c0b40-21e5-4026-b405-3281a1c094fa,700,43,743
8fa290ae-7484-43f3-9810-b6bc5bacbc72,8b7c60db-4f5b-40d2-ac84-2a4e24196bd3,2022-06-03 07:38:00,2c7c0b40-21e5-4026-b405-3281a1c094fa,500,31,531
c5ee8d52-30bb-4c19-be0f-cc5f8c8f272b,d9f56e87-a63f-42db-a715-ecfd7c776e6c,2022-06-03 07:58:00,2c7c0b40-21e5-4026-b405-3281a1c094fa,500,31,531
79e29ab0-4c19-4f16-b971-115045f55cc8,914a31cb-ac05-4d33-84c3-8ba56558f6fb,2022-06-03 08:14:00,2c7c0b40-21e5-4026-b405-3281a1c094fa,400,25,425
1e4a1336-6623-4154-be32-e49b39489c76,5ae067ce-c89b-429a-bfd8-835bd4f6c745,2022-06-03 10:35:00,2c7c0b40-21e5-4026-b405-3281a1c094fa,500,31,531
de2e230c-3137-425f-92b6-7fcff7a12ac9,d76996e6-2a54-4d8e-8f38-1ee332f3cadd,2022-06-03 14:28:00,2c7c0b40-21e5-4026-b405-3281a1c094fa,1700,106,1806
911401ef-7d40-4260-b548-3d4d2066c87e,6bb09c4b-0695-44ea-abd7-b1f9ea506814,2022-06-03 12:41:00,2c7c0b40-21e5-4026-b405-3281a1c094fa,400,25,425
a344a870-1b65-4842-ae39-bb3a9918d86c,13762769-d697-4b42-a879-4f97cf15f390,2022-06-03 14:12:00,2c7c0b40-21e5-4026-b405-3281a1c094fa,3000,187,3187
61165345-55db-426d-85cb-da124101d1dc,73351b1f-87c4-4ec1-a2d3-0c7034a48f70,2022-06-03 14:41:00,2c7c0b40-21e5-4026-b405-3281a1c094fa,2400,150,2550
b598897e-3945-4aa0-9b46-134b1f06d0c1,3fd3b778-820c-446d-9461-9dfda90aa25e,2022-06-03 08:04:00,2c7c0b40-21e5-4026-b405-3281a1c094fa,400,25,425
7e916322-a4ce-465d-9e73-d9ad5df40bbe,42e5a617-ec38-425c-aec8-2dc4ef5a53d7,2022-06-03 18:07:00,2c7c0b40-21e5-4026-b405-3281a1c094fa,2000,125,2125
9ada2faf-48c4-4e02-8b8c-1cf814b24512,6d71309e-800a-463c-80cc-de411ebe5c20,2022-06-03 11:14:00,2c7c0b40-21e5-4026-b405-3281a1c094fa,2000,125,2125
2da92ee1-5f8e-45f7-8d66-82702aba61b9,a2a067a7-47b7-4c15-a37f-f29551998f16,2022-06-03 14:53:00,2c7c0b40-21e5-4026-b405-3281a1c094fa,400,25,425
017cee54-b037-466d-8d11-8bd9aeca2bcb,af23a8f9-7c01-484b-948c-15c04b633ecb,2022-06-03 11:12:00,2c7c0b40-21e5-4026-b405-3281a1c094fa,1200,75,1275
ac272790-de49-4f3a-bfb0-b1e719fe75f2,e7e3fcdf-879d-45fc-b066-362dfd474354,2022-06-03 11:10:00,2c7c0b40-21e5-4026-b405-3281a1c094fa,2300,143,2443
eb7cef3a-bdc5-4141-a333-5b646d4c853d,57bc2478-af54-4b82-b035-3989f131d138,2022-06-03 13:16:00,2c7c0b40-21e5-4026-b405-3281a1c094fa,1600,100,1700
ac9e5a64-c77f-4fff-9cb9-cf7c816fe0b3,d689cb26-458f-402b-aa4a-aae632f9d57d,2022-06-03 08:25:00,2c7c0b40-21e5-4026-b405-3281a1c094fa,400,25,425
3eb6a51b-c16a-41ae-ac4c-495cabb20158,ec200c8d-8fb0-4370-a443-0ef74c624392,2022-06-03 07:40:00,2c7c0b40-21e5-4026-b405-3281a1c094fa,600,37,637
2ceab1f2-8f47-4bc2-977c-637a11f6da44,d9cc6c50-9928-4d4f-8750-24817ff2bc24,2022-06-03 07:57:00,2c7c0b40-21e5-4026-b405-3281a1c094fa,600,37,637
81be347a-0e17-44bf-bca7-ed22b206bb0a,4d56719c-923f-4b2e-ad9b-fb3f63869a1c,2022-06-03 16:25:00,2c7c0b40-21e5-4026-b405-3281a1c094fa,700,43,743
74e5f735-ae23-4e04-bfd1-8bc9800237f7,cb4b008e-1007-492c-80f1-c341d3956d37,2022-06-03 14:47:00,2c7c0b40-21e5-4026-b405-3281a1c094fa,400,25,425
879876ec-22b8-46c2-ae26-3b2c0e880b5a,11f377bb-0bd9-4fed-bb18-7f818ce17bcb,2022-06-03 12:31:00,2c7c0b40-21e5-4026-b405-3281a1c094fa,1900,118,2018
3f95270d-1208-4a4a-b87a-2318aad408b6,a0928352-1d2e-4ed9-99d4-1322339e4cc0,2022-06-03 16:37:00,2c7c0b40-21e5-4026-b405-3281a1c094fa,1900,118,2018
e1045fe0-5b5a-4a3a-916a-018d5aab495c,332a1502-92d0-4eca-abc8-3733b038dba7,2022-06-03 07:45:00,2c7c0b40-21e5-4026-b405-3281a1c094fa,600,37,637
9b082add-4e04-4b1c-9d1f-330792b4c758,128657ab-6c0f-4b68-b619-8522913ff958,2022-06-03 16:14:00,2c7c0b40-21e5-4026-b405-3281a1c094fa,600,37,637
653fb398-7794-4c6f-bae1-fed42580d5be,5ef51cb8-5373-43ab-baa8-bc0bf0b1f03a,2022-06-03 08:33:00,2c7c0b40-21e5-4026-b405-3281a1c094fa,400,25,425
88b09263-6c9b-4948-9905-5aaefe1b2a24,82ffeefb-7c59-4625-be1d-d1a60cf599e0,2022-06-03 14:54:00,2c7c0b40-21e5-4026-b405-3281a1c094fa,700,43,743
98c47f02-2a18-41b5-9be4-a0a29bfd7505,776c8db3-e7d4-427e-b6ac-9c5b6d3c9a95,2022-06-03 16:39:00,2c7c0b40-21e5-4026-b405-3281a1c094fa,1800,112,1912
fa00cfc6-a9fd-4eab-8b55-30c32def2106,c63d7b39-84c4-496f-9e49-b022d4c67379,2022-06-03 12:31:00,2c7c0b40-21e5-4026-b405-3281a1c094fa,600,37,637
30074730-9e42-40bf-ac8d-6195d2bdc5d1,80fbd5cc-a16a-4bfc-b2d6-4c96963c7272,2022-06-03 11:51:00,2c7c0b40-21e5-4026-b405-3281a1c094fa,1800,112,1912
6c8e5f66-4e69-461e-8d7f-f61483bd745f,6ccf4269-e194-462e-8c01-8c5955d6bd1c,2022-06-03 08:33:00,2c7c0b40-21e5-4026-b405-3281a1c094fa,600,37,637
849885b8-f9ff-430b-9194-07b702f8d72d,2e832c93-3fe2-48f3-9c75-853ddcc51188,2022-06-03 17:08:00,2c7c0b40-21e5-4026-b405-3281a1c094fa,600,37,637
4a82db2e-b5d5-486e-bf6c-383734e28bb4,e3031c45-e8dc-4f53-a9d9-d3d2d6da4eab,2022-06-03 07:43:00,2c7c0b40-21e5-4026-b405-3281a1c094fa,400,25,425
03d67ce7-ca98-41f7-90b3-762bd2d2c060,f438a665-870f-4f64-b48e-1ee83bfc1aba,2022-06-03 18:02:00,2c7c0b40-21e5-4026-b405-3281a1c094fa,600,37,637
610c7a35-7e39-49e4-8870-d357f481eb02,c9cbb253-97c7-485c-b85f-451a18192201,2022-06-03 07:22:00,2c7c0b40-21e5-4026-b405-3281a1c094fa,700,43,743
169281ed-a0d6-42fa-8158-e3f58de09038,c23880b8-861f-4efd-b8d3-ecef7a43da0a,2022-06-03 17:15:00,2c7c0b40-21e5-4026-b405-3281a1c094fa,1900,118,2018
d31601ea-27ce-4cf9-a9c8-4a3f56b91526,df4b8a9b-7fad-4ccb-aed3-d549db457b35,2022-06-03 17:58:00,2c7c0b40-21e5-4026-b405-3281a1c094fa,600,37,637
8268dcc1-720e-42ff-a058-0e3379952c17,c9caa866-c448-4027-ac51-350ceb472f0a,2022-06-03 08:19:00,2c7c0b40-21e5-4026-b405-3281a1c094fa,400,25,425
7574761c-00d6-421d-a1f7-6c5182b62949,db5e3f4e-dde6-4508-91d0-251e70e0270f,2022-06-03 12:06:00,2c7c0b40-21e5-4026-b405-3281a1c094fa,1500,93,1593
670e2409-b81a-49af-9504-8442f86e1651,02deee14-c680-46b5-a231-4a5c23642767,2022-06-03 16:33:00,2c7c0b40-21e5-4026-b405-3281a1c094fa,1100,68,1168
22d0d2ee-68ed-48e0-931d-5acc63b633fd,870e9d5f-72b4-4c42-a21f-7cdae3df8999,2022-06-03 08:28:00,2c7c0b40-21e5-4026-b405-3281a1c094fa,700,43,743
a98c76a7-215c-4fdc-bb20-6d15ebc362ad,88895029-7409-4d53-bf53-9da65334592c,2022-06-03 15:49:00,2c7c0b40-21e5-4026-b405-3281a1c094fa,400,25,425
09b92f00-e310-4dd5-9a0a-d54777f35237,98dd44e0-8267-41d7-9ab7-2ec70d317edd,2022-06-03 07:44:00,2c7c0b40-21e5-4026-b405-3281a1c094fa,600,37,637
7033d0ba-f262-449d-87a8-f82f5f3fa11a,a3a3e27d-80d7-45cc-9c5a-cb1314ccedc3,2022-06-03 18:42:00,2c7c0b40-21e5-4026-b405-3281a1c094fa,400,25,425
a32ca02c-1136-444a-ac7d-5bef2d1bfa3d,d7ea4503-e929-4df1-b257-8c8741fcf253,2022-06-03 17:34:00,2c7c0b40-21e5-4026-b405-3281a1c094fa,1300,81,1381
f1475bfa-f17f-4ba3-983a-6193ef2f58fc,21ad42ca-b172-460f-b87d-eb3146cfd7ab,2022-06-03 11:47:00,2c7c0b40-21e5-4026-b405-3281a1c094fa,600,37,637
60703e0a-45d1-4792-8867-6279e763d635,a6ba0baa-029e-4a9f-9825-b8af7fc606db,2022-06-03 17:05:00,2c7c0b40-21e5-4026-b405-3281a1c094fa,1000,62,1062
0db4531a-50a1-42dd-871f-a33ff5df57e6,bfb0b52c-65c3-43f9-8780-49304c6b8950,2022-06-03 15:42:00,2c7c0b40-21e5-4026-b405-3281a1c094fa,700,43,743
f44fe95c-a8c3-429f-a20e-68361f3fff1e,3c55c3b5-53c7-4c08-ae08-36d5c77362e5,2022-06-03 13:29:00,2c7c0b40-21e5-4026-b405-3281a1c094fa,600,37,637
292de73f-3393-4338-aaa4-82e17860b607,add5cadc-19b7-496f-be99-3ea4577090a8,2022-06-03 12:02:00,2c7c0b40-21e5-4026-b405-3281a1c094fa,1100,68,1168
993ca54a-b5f9-4544-a9db-0f1671be3d0c,55fba3bd-b699-4784-aa0f-02eee2bb0505,2022-06-03 18:04:00,2c7c0b40-21e5-4026-b405-3281a1c094fa,1600,100,1700
75f2d70d-cba1-447f-ad4d-2c1092af34b4,09a4ab63-59e2-4bb4-ad07-a754cdbbd0f1,2022-06-03 07:07:00,2c7c0b40-21e5-4026-b405-3281a1c094fa,500,31,531
dad4397b-ba2c-40b3-a377-494abb718f44,cfe721e9-2b3c-471c-ab34-165a74d750ea,2022-06-03 08:07:00,2c7c0b40-21e5-4026-b405-3281a1c094fa,400,25,425
9579aa41-efed-4fe0-a330-8f19489d8a30,fc9504bc-32d7-4418-9b0a-629f0c180cc8,2022-06-03 15:10:00,2c7c0b40-21e5-4026-b405-3281a1c094fa,400,25,425
ce580d88-906a-4b88-bbfe-8a1f929efdc5,085007d2-a2c8-4c52-8232-249d247eb356,2022-06-03 15:34:00,2c7c0b40-21e5-4026-b405-3281a1c094fa,1200,75,1275
0e5ecd0a-8fc2-4f53-bcab-624fd9ca1a1a,a369f7d7-177a-49e5-804f-b41b61109600,2022-06-03 08:07:00,2c7c0b40-21e5-4026-b405-3281a1c094fa,600,37,637
971c8200-6947-40b9-a99f-d919e9360057,88cf1fe9-96fa-404e-ba49-767d646c0446,2022-06-03 14:13:00,2c7c0b40-21e5-4026-b405-3281a1c094fa,600,37,637
8a1a3b1b-7301-4b48-aa57-f82dcf7332bb,365d2e41-1070-4e46-8033-a297d6ef1a98,2022-06-03 08:15:00,2c7c0b40-21e5-4026-b405-3281a1c094fa,500,31,531
4da58d0b-5c3e-4779-a142-ef31839eeb02,26695097-7378-4faa-9f62-d0e0664ff11e,2022-06-03 08:23:00,2c7c0b40-21e5-4026-b405-3281a1c094fa,600,37,637
1e1e32c2-68c1-4d70-a74b-37121dc31fef,186384b9-43b2-44b6-8c1b-43fafd8e5e0f,2022-06-03 15:55:00,2c7c0b40-21e5-4026-b405-3281a1c094fa,1000,62,1062
9234c85e-abb7-4cad-bac5-077bf80b1666,d48cb31c-5a14-4389-8b0f-0d002d402ecb,2022-06-03 12:43:00,2c7c0b40-21e5-4026-b405-3281a1c094fa,800,50,850
bd2479d3-783e-4177-8d99-2976f8dc7931,ac66f553-fefe-47d2-bd39-13ed1fcb3330,2022-06-03 18:14:00,2c7c0b40-21e5-4026-b405-3281a1c094fa,700,43,743
87286c48-b7bb-49b0-9971-2d906b28a8af,b653f7bd-b936-4fb5-aab7-010797a6d1f2,2022-06-03 12:38:00,2c7c0b40-21e5-4026-b405-3281a1c094fa,700,43,743
437593a3-a8ef-4040-a76f-1e1edb1030a2,763902ed-d882-4eca-a0f1-0b333eb57c8d,2022-06-03 07:18:00,2c7c0b40-21e5-4026-b405-3281a1c094fa,500,31,531
79070cb0-8368-415b-8bb3-cc77ed37f246,690a51c9-e9a4-4ab0-8a98-19b76e98f62a,2022-06-03 13:37:00,2c7c0b40-21e5-4026-b405-3281a1c094fa,1800,112,1912
e6651b31-2877-40e6-8e6c-d5818b83376d,9acce0e8-d045-4d2f-b4b2-a017e0dc7a4a,2022-06-03 14:17:00,2c7c0b40-21e5-4026-b405-3281a1c094fa,1100,68,1168
e55f60a6-1f7a-42dc-9796-0b310b217275,44078c2b-ff96-4411-ac21-3ac475d9f62f,2022-06-03 08:16:00,059136e5-beb1-43f4-a3fe-9cc14dd0989b,400,30,430
f0c9dd3e-f777-4c22-9d5a-e15832708912,a0354bad-2ea1-40d9-8f93-fd88591247e2,2022-06-03 14:02:00,059136e5-beb1-43f4-a3fe-9cc14dd0989b,2000,150,2150
36de4359-4dec-4ab2-bb70-ded3198f43ec,09e7c029-5016-4dfa-8e31-77678314c378,2022-06-03 08:17:00,059136e5-beb1-43f4-a3fe-9cc14dd0989b,500,37,537
20279a33-7c43-4449-86c0-5889b232f530,81470d98-dacd-4700-ba0c-0c7913bef08f,2022-06-03 07:18:00,059136e5-beb1-43f4-a3fe-9cc14dd0989b,600,44,644
d99bca90-c6c9-4ffd-ab46-626158be4f60,a8581b41-551a-4f0c-b260-7d7001b751b1,2022-06-03 15:00:00,059136e5-beb1-43f4-a3fe-9cc14dd0989b,700,52,752
df586d59-32c1-4647-9a59-1adb01dec148,486f7413-79ea-433d-adb4-14d7e49487e8,2022-06-03 16:53:00,059136e5-beb1-43f4-a3fe-9cc14dd0989b,1700,127,1827
5bccd288-907f-4c92-9087-8f9bed9a9508,d0dc284e-b60f-48e9-9b8d-c12ab1d0424c,2022-06-03 07:39:00,059136e5-beb1-43f4-a3fe-9cc14dd0989b,400,30,430
aca38561-c020-4b08-ad5c-1836ee88f2e4,f1a51900-aed7-4360-a2ff-053803fd229e,2022-06-03 16:35:00,059136e5-beb1-43f4-a3fe-9cc14dd0989b,600,44,644
7c0fbc94-ccc7-4d47-826e-43d1a0c7a5f1,daeb0a8d-7840-447b-bb99-8952510a6f73,2022-06-03 12:06:00,059136e5-beb1-43f4-a3fe-9cc14dd0989b,700,52,752
4f1b3303-9b4c-4f6b-83a2-37dc2a36e7e3,ff2da684-c201-46c5-8d08-053bd768156b,2022-06-03 12:23:00,059136e5-beb1-43f4-a3fe-9cc14dd0989b,600,44,644
cabe3232-487d-4a59-8ae5-f66eb6e29023,9cc660cc-7431-45e4-a363-dfdc24f40577,2022-06-03 14:24:00,059136e5-beb1-43f4-a3fe-9cc14dd0989b,2600,195,2795
759d2cc1-c0ec-4729-b824-991e591687ad,a2c1254d-0f59-448f-ad1b-3148ddac6759,2022-06-03 11:43:00,059136e5-beb1-43f4-a3fe-9cc14dd0989b,2300,172,2472
6ea84508-7dc5-422c-aa56-6daa9cbc72c5,eec4d1d4-4fa4-4078-ad90-fc84ded07515,2022-06-03 14:32:00,059136e5-beb1-43f4-a3fe-9cc14dd0989b,400,30,430
86985ddb-36c4-451f-97dc-1afeae6a8fcd,72b98a5e-a9a4-46ad-b5db-be0120ecdb29,2022-06-03 07:48:00,059136e5-beb1-43f4-a3fe-9cc14dd0989b,700,52,752
14bb1113-8a2c-4050-8ecb-eb7bc55583d0,dcf87a24-5156-453f-b5ef-aac22c14d08c,2022-06-03 13:43:00,059136e5-beb1-43f4-a3fe-9cc14dd0989b,2000,150,2150
37016177-1117-41ec-85eb-05b140cdfaa5,f8b78676-afd7-4af9-97ab-f0214590c933,2022-06-03 09:49:00,059136e5-beb1-43f4-a3fe-9cc14dd0989b,1700,127,1827
3bd6a1b7-48ce-4917-8e07-ee6e04b96ddb,4beb0ffa-7216-45d7-8f7b-56bf75262d32,2022-06-03 10:05:00,059136e5-beb1-43f4-a3fe-9cc14dd0989b,1800,135,1935
06655c40-307e-4cae-b920-d474ecd89369,1c1ac51a-3921-40e4-a21e-99f6f6f6f01b,2022-06-03 08:10:00,059136e5-beb1-43f4-a3fe-9cc14dd0989b,600,44,644
aae3b45f-5fcb-478e-93fc-60862cef00f7,3f40e3be-f3ab-4e84-b084-3b2f6f92b1ed,2022-06-03 07:08:00,059136e5-beb1-43f4-a3fe-9cc14dd0989b,700,52,752
4a4f29f1-0752-415a-8749-836de71218af,c8754fc3-e053-42e0-9cbd-964bf34f51f6,2022-06-03 12:01:00,059136e5-beb1-43f4-a3fe-9cc14dd0989b,500,37,537
b5d5d092-e352-4a1e-9712-b837c0963e91,18b3cb0c-66bf-4610-953a-7d06de368bf4,2022-06-03 08:18:00,059136e5-beb1-43f4-a3fe-9cc14dd0989b,400,30,430
a04f6219-f690-4ce6-a377-4d72a67d957f,e3f6c810-39ff-4eb4-8cc8-3700ee849ace,2022-06-03 08:33:00,059136e5-beb1-43f4-a3fe-9cc14dd0989b,500,37,537
c1bd2545-9053-4f4b-9b8a-d1ea6363acc6,01edc445-0ab9-4ece-b57d-56073a6a59fd,2022-06-03 16:00:00,059136e5-beb1-43f4-a3fe-9cc14dd0989b,600,44,644
ecd839ef-7386-4315-84b8-09584329ecec,9692b46e-25c9-4e94-875e-0f631d0b3e28,2022-06-03 12:12:00,059136e5-beb1-43f4-a3fe-9cc14dd0989b,600,44,644
89fd1a6e-f8be-4913-8d3d-9458e08eb3ac,fbbde25c-9726-4609-bf16-18667aaf6916,2022-06-03 09:31:00,059136e5-beb1-43f4-a3fe-9cc14dd0989b,600,44,644
6cdd3292-6ffa-4cff-ba9a-e6e582b27e33,2a1fde7e-ff9e-41b3-bb63-60756dd3cca3,2022-06-03 10:54:00,059136e5-beb1-43f4-a3fe-9cc14dd0989b,1300,97,1397
f1b62278-7aab-4e04-9014-65bc309aa97b,75099e74-ae33-425d-a841-06eb8dbdfb37,2022-06-03 16:36:00,059136e5-beb1-43f4-a3fe-9cc14dd0989b,1900,142,2042
dcace46a-95ab-4534-9e3e-f04f5c8f8003,f598c3f9-089b-45ed-bdf2-192ebf4b52a8,2022-06-03 08:28:00,059136e5-beb1-43f4-a3fe-9cc14dd0989b,500,37,537
0a652537-0f8a-47a9-b3ab-ed6cde2e6e58,dd6054cf-c805-442d-9ba8-23178af8d01c,2022-06-03 08:34:00,059136e5-beb1-43f4-a3fe-9cc14dd0989b,400,30,430
f1617925-bda1-4732-b7b3-402196585ed3,506e4013-8887-496e-9a04-f0e01887e821,2022-06-03 08:48:00,059136e5-beb1-43f4-a3fe-9cc14dd0989b,400,30,430
490ebe99-14ff-49cb-98af-eb0bba101f4f,0bd2b5e2-1051-47d3-9c88-8fe2cce0d72c,2022-06-03 08:39:00,059136e5-beb1-43f4-a3fe-9cc14dd0989b,600,44,644
651b6d82-79fd-48fa-96ba-17a8ace71632,5d0ae589-9d32-4770-b34e-3fce58eafd96,2022-06-03 17:57:00,059136e5-beb1-43f4-a3fe-9cc14dd0989b,500,37,537
c35ab946-c48d-4213-822f-4bcb1d2e6556,dce91346-49e1-4dc0-8151-0aee0146f7b0,2022-06-03 07:40:00,059136e5-beb1-43f4-a3fe-9cc14dd0989b,700,52,752
9a3ef094-1f95-4d91-be04-89252e1386c4,44cd1c90-3e7d-45f1-b7a7-eb24f631ec62,2022-06-03 11:44:00,059136e5-beb1-43f4-a3fe-9cc14dd0989b,600,44,644
52206116-03b9-4499-8ede-122f6e04f3d2,3ba06841-e0f5-4986-a061-a20a8d1a9468,2022-06-03 07:46:00,059136e5-beb1-43f4-a3fe-9cc14dd0989b,600,44,644
49326f60-ee9f-4146-8228-fa1d0e59997f,08a94312-0375-4898-8816-c527f1a9e954,2022-06-03 07:20:00,059136e5-beb1-43f4-a3fe-9cc14dd0989b,700,52,752
27fc3146-9068-48eb-8be1-c1fe56a16682,7018d6b2-3bff-425d-9c6b-bdbdc3f5049e,2022-06-03 14:01:00,059136e5-beb1-43f4-a3fe-9cc14dd0989b,1800,135,1935
04d96c0f-2089-498a-9ce5-ee1b32b88167,79729105-3697-4b71-a71a-ef98faaff6e9,2022-06-03 08:07:00,059136e5-beb1-43f4-a3fe-9cc14dd0989b,600,44,644
cad55d83-3cbe-411e-9cbf-69fee51dbcd1,ab9a0bd4-92b5-4830-85c6-278efca955b1,2022-06-03 12:39:00,059136e5-beb1-43f4-a3fe-9cc14dd0989b,500,37,537
ca3d8788-ef74-4afb-9da6-01211b561acc,f5ac034d-452e-4cf0-a84a-5956ed2434c8,2022-06-03 14:52:00,059136e5-beb1-43f4-a3fe-9cc14dd0989b,600,44,644
b67dca60-fcb0-4b2e-8d3c-6c532e9d3ce1,877a7a1a-64dc-41df-8363-8d8e37450087,2022-06-03 16:27:00,059136e5-beb1-43f4-a3fe-9cc14dd0989b,700,52,752
975336e1-b92a-4b02-9740-95bfa8795a21,823ed844-fd3f-49a3-acd0-c94ccbede0c4,2022-06-03 17:05:00,059136e5-beb1-43f4-a3fe-9cc14dd0989b,1600,120,1720
f7f7e7c2-4175-462b-8b55-d8dfb9ecb407,b0307cea-2d3c-4d8b-8a8a-ff40768baf60,2022-06-03 07:00:00,059136e5-beb1-43f4-a3fe-9cc14dd0989b,500,37,537
20bbb30e-37ab-4d3e-9599-bcf7d8104813,3c804db9-c8df-4b39-a554-920bb75231af,2022-06-03 08:38:00,059136e5-beb1-43f4-a3fe-9cc14dd0989b,700,52,752
752e8e83-c09a-48fc-97f2-0bc8350f47f0,e9a5b80f-7b20-4349-bdbd-3568afefbedd,2022-06-03 14:59:00,059136e5-beb1-43f4-a3fe-9cc14dd0989b,500,37,537
fb76cddd-7bad-41e6-b5f6-c105197d07de,f7ad63c5-7073-4979-a425-55175695dc63,2022-06-03 08:15:00,059136e5-beb1-43f4-a3fe-9cc14dd0989b,400,30,430
b1fc35bf-0bf4-4fc6-afb2-3a9d21154c17,a0cf9c75-f7b3-4933-a348-25b101bd09cb,2022-06-03 13:05:00,059136e5-beb1-43f4-a3fe-9cc14dd0989b,700,52,752
8be93c10-e13a-4dd0-963c-a5c6f7905034,c1cfb454-4447-43c5-a7b6-6769a6d3506e,2022-06-03 07:47:00,059136e5-beb1-43f4-a3fe-9cc14dd0989b,400,30,430
f7ae89be-32b8-44de-ab4e-cf5cfa8c06fa,781e5cf8-ed9f-4299-a163-e6a677bbe364,2022-06-03 08:19:00,059136e5-beb1-43f4-a3fe-9cc14dd0989b,600,44,644
6173fe04-f163-414b-b9e4-7443622ef213,050ddc48-4654-4eda-bca1-7f1fb8704f7a,2022-06-03 07:58:00,059136e5-beb1-43f4-a3fe-9cc14dd0989b,400,30,430
771ac24d-1772-4bc1-b4bc-7f16a0eb76f0,2fa283a1-4467-4a1f-a6eb-da027d38ba02,2022-06-03 08:48:00,059136e5-beb1-43f4-a3fe-9cc14dd0989b,700,52,752
beffcf08-996a-4bbf-967d-5805503e8c9f,f34929ee-3e72-4a33-add6-7a7058bf05d7,2022-06-03 11:21:00,059136e5-beb1-43f4-a3fe-9cc14dd0989b,1600,120,1720
22dd40e9-6e4c-440b-9173-e949e8165b94,d402ab9e-b483-45d9-9d7a-2c18331a665a,2022-06-03 14:18:00,059136e5-beb1-43f4-a3fe-9cc14dd0989b,1300,97,1397
4784bb76-1686-4389-b9ca-81a3faa17484,c1d77bb3-f950-455e-9f7e-6dc773482a79,2022-06-03 10:02:00,059136e5-beb1-43f4-a3fe-9cc14dd0989b,1200,89,1289
d499017e-31a0-413b-ae6d-3c3839e5e6b3,e785b14b-748f-4b64-9589-e822b226f9a8,2022-06-03 08:43:00,059136e5-beb1-43f4-a3fe-9cc14dd0989b,400,30,430
aef00269-8b71-4ddc-83f6-ecd83d11fc44,23bb9204-6575-4bbb-b910-b827f247824b,2022-06-03 08:06:00,059136e5-beb1-43f4-a3fe-9cc14dd0989b,600,44,644
85a3b8c2-9569-4208-93fe-7355f6fb9807,51cad696-8312-4f57-8a0b-4fbdbe11af59,2022-06-03 14:19:00,059136e5-beb1-43f4-a3fe-9cc14dd0989b,600,44,644
d78b579e-bf8b-4647-b107-55a8161ecf7d,6d0c0c08-e3f5-4364-b075-cf5316e41b9f,2022-06-03 10:02:00,059136e5-beb1-43f4-a3fe-9cc14dd0989b,400,30,430
2110104e-18fa-46f6-9869-714bcc488809,7d830ecb-c405-4014-9d03-6443ad08dad7,2022-06-03 09:13:00,059136e5-beb1-43f4-a3fe-9cc14dd0989b,600,44,644
f297d46f-ca9b-4e83-a720-b9a5f046b0b9,eaf16352-4c93-41eb-abe1-239d134b93b6,2022-06-03 07:54:00,059136e5-beb1-43f4-a3fe-9cc14dd0989b,600,44,644
b215e6ec-06be-45aa-b9cd-8af74980be1b,a72450e6-ac79-41b8-a951-c455c4256bbf,2022-06-03 07:56:00,059136e5-beb1-43f4-a3fe-9cc14dd0989b,400,30,430
da3490d1-0439-4cdc-a150-4e79da78dc72,384c7811-188d-4f66-83fb-2521b09637b5,2022-06-03 08:12:00,059136e5-beb1-43f4-a3fe-9cc14dd0989b,400,30,430
eebbfd10-7ef7-4d61-af63-275ceb890d2c,16c25ed9-359e-491e-a479-07e803146a44,2022-06-03 11:24:00,059136e5-beb1-43f4-a3fe-9cc14dd0989b,3700,277,3977
34ee1d57-2058-4f7a-be65-8f70eee0de76,2c5c0bb7-5aa6-4531-950e-7a90fe92b74d,2022-06-03 08:14:00,059136e5-beb1-43f4-a3fe-9cc14dd0989b,500,37,537
3d341e37-2cf5-4564-969e-af71915acad7,e9693d06-c67a-4253-9aac-e35246aa06d9,2022-06-03 14:35:00,059136e5-beb1-43f4-a3fe-9cc14dd0989b,700,52,752
4ab2f7df-b92a-4538-9c7c-e71a8c659651,3441ae81-2e55-4022-b4da-001a287c4cc3,2022-06-03 15:00:00,059136e5-beb1-43f4-a3fe-9cc14dd0989b,400,30,430
c50f7183-013e-4928-ad9c-18f1ce47eec7,37c19acb-9919-48bd-a09a-1caa2a30c694,2022-06-03 14:36:00,059136e5-beb1-43f4-a3fe-9cc14dd0989b,400,30,430
df2eee08-0f85-499d-aee5-85e66183158f,c133b21a-6b80-4f3a-8b2e-43df0b4514c7,2022-06-03 08:15:00,059136e5-beb1-43f4-a3fe-9cc14dd0989b,600,44,644
03cf5dfb-8115-48a2-85d2-045cbd51ba6d,6051d0e2-7b43-4406-af46-4349d49109fa,2022-06-03 09:40:00,059136e5-beb1-43f4-a3fe-9cc14dd0989b,1100,82,1182
775661db-3a14-47c1-a76e-7b33d12b41ad,77867314-f5f6-49f6-a191-06f958efd232,2022-06-03 17:36:00,059136e5-beb1-43f4-a3fe-9cc14dd0989b,1900,142,2042
7021480f-7bbb-4508-a557-a8023244c9e9,16f20232-3ad4-4294-9cad-8c4139b04da4,2022-06-03 18:24:00,059136e5-beb1-43f4-a3fe-9cc14dd0989b,700,52,752
6018d124-445a-45b7-b28f-3a8091b7c012,d0f85214-b373-4e3b-b6fc-0d50802c7e7b,2022-06-03 07:00:00,059136e5-beb1-43f4-a3fe-9cc14dd0989b,700,52,752
0994da2b-705d-464f-9cbd-c9fa02402781,a3ccddd5-51c9-48a7-9d7e-de5d5da704a8,2022-06-03 18:13:00,059136e5-beb1-43f4-a3fe-9cc14dd0989b,1000,75,1075
9c395320-e85f-41d0-a457-755c84ea606d,efebe247-224d-41d6-8094-612564a8c476,2022-06-03 14:27:00,059136e5-beb1-43f4-a3fe-9cc14dd0989b,1000,75,1075
b4dfcce6-fbf7-419a-8611-b1a827e858ae,3765c425-f1ec-457a-8dec-576eea412dd5,2022-06-03 09:59:00,059136e5-beb1-43f4-a3fe-9cc14dd0989b,3800,285,4085
e8f9b808-3c81-451a-9b7a-1e4acfd789b2,3a8c813f-cb84-4c7b-b929-95db99df1811,2022-06-03 18:27:00,059136e5-beb1-43f4-a3fe-9cc14dd0989b,1700,127,1827
1ae7c77c-f47e-42ee-bdc2-8350b29a1c85,477d60a6-466a-46e7-b6c0-d5920edc6f49,2022-06-03 09:27:00,059136e5-beb1-43f4-a3fe-9cc14dd0989b,400,30,430
de47caec-93ac-4ef3-abff-fa95c6961d2c,fe2c2d66-9698-4bbc-8733-0d8cb1b70a1f,2022-06-03 13:25:00,059136e5-beb1-43f4-a3fe-9cc14dd0989b,400,30,430
ff94a1c4-919d-4f43-b1de-5497299a5af0,5c6bb004-7084-44dc-9283-9b00665c82bc,2022-06-03 16:12:00,059136e5-beb1-43f4-a3fe-9cc14dd0989b,1700,127,1827
08652a00-3be1-4cd4-b9ba-2d21b48bc0cc,d5efbc69-fc67-4f1a-87f3-30e57baf632a,2022-06-03 07:52:00,059136e5-beb1-43f4-a3fe-9cc14dd0989b,500,37,537
fe06c74e-9044-496e-9dcd-8fbf579dae80,2423b39c-fa1e-458b-a033-a7d722bc372e,2022-06-03 12:19:00,059136e5-beb1-43f4-a3fe-9cc14dd0989b,2400,179,2579
9a1b4ddd-0d16-4f1b-b51b-64c825597e2a,644777dd-2705-4dad-9239-95d9ebf3f348,2022-06-03 14:11:00,059136e5-beb1-43f4-a3fe-9cc14dd0989b,1800,135,1935
dba5d2f2-54c6-4ff8-bec5-5bab62e87097,e14001b0-3932-4497-86c9-3d31d51b3e3e,2022-06-03 13:31:00,059136e5-beb1-43f4-a3fe-9cc14dd0989b,500,37,537
e7c55225-887f-4e11-9ae1-582f98a3a743,5396cc76-d8d6-42e0-9ac3-b8a36f8e9980,2022-06-03 08:38:00,059136e5-beb1-43f4-a3fe-9cc14dd0989b,600,44,644
63ceb7ed-0e10-460a-beb4-fdbb3527895e,76728cb5-33de-4142-bcc8-61a9a63b3a90,2022-06-03 10:23:00,059136e5-beb1-43f4-a3fe-9cc14dd0989b,600,44,644
65560376-342a-4973-8e5b-ab213b7bf984,3d5cdd64-fe7e-4365-9e1d-97ee8a55f0fd,2022-06-03 08:07:00,059136e5-beb1-43f4-a3fe-9cc14dd0989b,700,52,752
d3b341e1-1b74-402e-8545-d74242c3099f,1968f52b-fb82-40f5-a5f8-8a81be0ffeab,2022-06-03 18:58:00,059136e5-beb1-43f4-a3fe-9cc14dd0989b,700,52,752
e7ae2c82-e706-4d01-9ffd-5497708be2a1,922d5b80-73f4-4f36-aa06-0357112d60f7,2022-06-03 16:15:00,059136e5-beb1-43f4-a3fe-9cc14dd0989b,1600,120,1720
fc9d4242-1baa-4829-95fc-26ed08d9fa7e,cbe876c8-a324-4ebb-ae69-ae07df7846fd,2022-06-03 08:11:00,059136e5-beb1-43f4-a3fe-9cc14dd0989b,600,44,644
4ba2d7a5-ebce-41ea-b667-28f838d91b53,fb44c144-83bd-423d-a48c-644991b62aa2,2022-06-03 10:28:00,059136e5-beb1-43f4-a3fe-9cc14dd0989b,700,52,752
407b9165-cdd6-462a-9966-1d6c11aacdd6,b6b94f01-4e75-4e65-a9d3-4c45046e90a7,2022-06-03 14:29:00,059136e5-beb1-43f4-a3fe-9cc14dd0989b,400,30,430
54b2f348-303f-44f1-9eb5-41a02fada03f,7bf95b47-6cc7-4454-8e8d-c6ae37383823,2022-06-03 15:26:00,059136e5-beb1-43f4-a3fe-9cc14dd0989b,400,30,430
426c477b-b5f2-4180-9a33-3224d40bd234,9942aeb9-9494-453e-8ae2-1b85271ceb96,2022-06-03 15:31:00,059136e5-beb1-43f4-a3fe-9cc14dd0989b,1600,120,1720
70ca2510-b7b8-4e82-93e2-1fc6fc5b2e2c,e34930d8-a95d-4286-b7d2-147d08008c79,2022-06-03 11:26:00,059136e5-beb1-43f4-a3fe-9cc14dd0989b,700,52,752
3f9fd2c4-0313-49dd-80ac-f04c6885bbd9,529905cf-561e-4337-9a4a-175121574488,2022-06-03 09:02:00,059136e5-beb1-43f4-a3fe-9cc14dd0989b,700,52,752
c1c1632e-598c-421f-8437-89f98ecde866,a69aab5f-d0c5-48cd-a234-59717d300573,2022-06-03 12:45:00,059136e5-beb1-43f4-a3fe-9cc14dd0989b,500,37,537
8958033f-21a0-4f9e-b0a6-1d3d9a9cdb75,eaa58131-5fab-42f2-804b-c6ac10286bbe,2022-06-03 18:17:00,059136e5-beb1-43f4-a3fe-9cc14dd0989b,500,37,537
c19d1b4d-d0ce-4e94-a954-94728ca19c6b,478906bc-057a-41da-a756-2ab94b7817b4,2022-06-03 08:40:00,059136e5-beb1-43f4-a3fe-9cc14dd0989b,600,44,644
1ab92a9c-2954-4395-b175-350795ba50e9,20447c53-4457-454a-92ff-187ee6461822,2022-06-03 07:19:00,059136e5-beb1-43f4-a3fe-9cc14dd0989b,600,44,644
14e65b13-d5d9-4156-a858-6a595667e8a6,4744369f-163d-4dd9-b650-9b94350334e7,2022-06-03 08:01:00,059136e5-beb1-43f4-a3fe-9cc14dd0989b,500,37,537
6a561f4e-4c7e-4735-af83-7c9785ece2f1,2c8d74ca-99fc-41ee-8373-d44d5f6b83f1,2022-06-03 12:07:00,059136e5-beb1-43f4-a3fe-9cc14dd0989b,1500,112,1612
a181b19f-3879-4f80-a81f-b34c3d189dcc,ed697b2d-ca88-4faa-99a4-9c92fa1017e2,2022-06-03 11:33:00,059136e5-beb1-43f4-a3fe-9cc14dd0989b,700,52,752
09e87a13-2f23-4162-8049-d210f782f9df,361fcd5d-8d28-433b-abd9-c1e72a5cad2a,2022-06-03 08:19:00,059136e5-beb1-43f4-a3fe-9cc14dd0989b,600,44,644
c19ea3b2-4250-4283-9218-31ff88666f3e,561657d6-42e9-4820-bb19-8ed7dc3fadd2,2022-06-03 15:28:00,059136e5-beb1-43f4-a3fe-9cc14dd0989b,1800,135,1935
7fe54426-f8f9-4cee-9ebb-7d8b086bdfe4,b5cb0c28-0cc6-4467-8486-0c9eb5e599c1,2022-06-03 18:32:00,059136e5-beb1-43f4-a3fe-9cc14dd0989b,1700,127,1827
569c1cf8-bfa8-4c23-8ae1-7a2add29cb22,48b85191-c0e7-4f81-96a3-d5f86031cfb9,2022-06-03 08:28:00,059136e5-beb1-43f4-a3fe-9cc14dd0989b,400,30,430
9414f543-7523-4519-a582-ae1b68b7df93,036f15e9-d039-4cb4-b180-c77ec9a69d54,2022-06-03 13:20:00,059136e5-beb1-43f4-a3fe-9cc14dd0989b,4100,307,4407
6c69ab0d-02c1-454b-807f-d5c3b30d4921,3d124ee1-f3d6-4123-9a83-c89c2ae04dee,2022-06-03 12:45:00,059136e5-beb1-43f4-a3fe-9cc14dd0989b,1500,112,1612
29bff7d7-047c-4e52-a95b-1a0e2a0b78c7,3403b172-cee0-45a1-b3b0-bd780462a988,2022-06-03 07:46:00,059136e5-beb1-43f4-a3fe-9cc14dd0989b,600,44,644
82b9e0f0-f3b1-4821-bb7f-3f701838c1f3,f1993284-9f81-43ed-be18-ebfd355bd0af,2022-06-03 08:13:00,059136e5-beb1-43f4-a3fe-9cc14dd0989b,700,52,752
5f801608-67bc-4f61-8d57-25b64497fec7,525add24-e4bb-4a57-a41a-d1eb58ef9533,2022-06-03 13:22:00,059136e5-beb1-43f4-a3fe-9cc14dd0989b,700,52,752
666e532a-62a8-4160-a83a-c319f2be1e2b,f3770952-5a51-4000-a02e-03c4918954dd,2022-06-03 10:44:00,059136e5-beb1-43f4-a3fe-9cc14dd0989b,600,44,644
39cfa356-f4f8-47ff-b951-73f1c6efa023,6b830d11-3333-4049-8288-6e208d4bc7f0,2022-06-03 07:02:00,059136e5-beb1-43f4-a3fe-9cc14dd0989b,600,44,644
416f9952-b788-4e9d-a906-acd3b5b78b12,4b58cedb-94dc-439d-bb7b-7c5c75747a53,2022-06-03 10:29:00,059136e5-beb1-43f4-a3fe-9cc14dd0989b,1700,127,1827
171cc0e2-2cd3-4753-9e8f-8e87ab36f73b,84345e57-4d88-48e8-823d-ef85cbe1ebea,2022-06-03 10:59:00,059136e5-beb1-43f4-a3fe-9cc14dd0989b,700,52,752
3ace808a-d1d2-4172-9ef5-d7ab57a89655,65b2039b-39ba-48d6-b2e7-293dbc866025,2022-06-03 15:34:00,059136e5-beb1-43f4-a3fe-9cc14dd0989b,900,67,967
e191acde-8f2d-49de-afea-9666e090ac58,40010f7f-b687-44ea-8480-833608955e88,2022-06-03 09:33:00,059136e5-beb1-43f4-a3fe-9cc14dd0989b,1100,82,1182
cf0d3a35-6e50-44ef-98c5-b47238158dd8,3b5c482b-db0f-4224-b3c0-17ab92ef7ef3,2022-06-03 11:16:00,059136e5-beb1-43f4-a3fe-9cc14dd0989b,1800,135,1935
06d25a23-0c23-4763-bb2c-ecae3622b7ad,ae8150b4-56c5-4822-abcf-50b46552f222,2022-06-03 08:27:00,059136e5-beb1-43f4-a3fe-9cc14dd0989b,600,44,644
5cc0de29-5517-44d0-81ce-b22e715613b8,4009b786-5c37-4ffe-82fe-8f1dffb7cf4a,2022-06-03 08:58:00,059136e5-beb1-43f4-a3fe-9cc14dd0989b,400,30,430
f2db5d64-95a8-4b4f-9873-c3a56e61bfdb,a03939d5-2ed1-48c7-861f-0f54e7c51c5f,2022-06-03 07:50:00,059136e5-beb1-43f4-a3fe-9cc14dd0989b,400,30,430
7e1bcc25-b64d-4b39-b5f2-95ace3b8bb0f,41635a49-5cce-4aab-9afc-00d493262797,2022-06-03 14:42:00,059136e5-beb1-43f4-a3fe-9cc14dd0989b,2100,157,2257
f61bc4d0-e4c7-4b7d-9b4a-bde6314dc2d9,8444b032-8cb2-4a63-9fd1-f6d09e140bec,2022-06-03 16:22:00,059136e5-beb1-43f4-a3fe-9cc14dd0989b,600,44,644
1e2aed2e-3590-4b96-b953-86f0a4174b2c,9f9cc618-fb12-4064-9726-a9236f358de4,2022-06-03 09:42:00,059136e5-beb1-43f4-a3fe-9cc14dd0989b,2000,150,2150
fb28cd99-b34f-4c93-9a58-0a3ced15016d,890d1303-bf49-48c4-ab4d-73f9a0187dd2,2022-06-03 16:38:00,059136e5-beb1-43f4-a3fe-9cc14dd0989b,1700,127,1827
55b462cb-2953-4d38-bf33-5c209aa38b37,168a6b37-3ff2-4307-8348-321ef39ada37,2022-06-03 07:44:00,059136e5-beb1-43f4-a3fe-9cc14dd0989b,700,52,752
84de7968-b939-41a1-b394-305bcb41ab9b,56cff385-b95f-49b9-b34f-c839e39df055,2022-06-03 10:41:00,059136e5-beb1-43f4-a3fe-9cc14dd0989b,500,37,537
ab943a49-68da-4d29-a710-5c35a4ad5066,2031ab1b-c0c0-4875-81ef-63f6ec7db843,2022-06-03 14:16:00,059136e5-beb1-43f4-a3fe-9cc14dd0989b,0,0,0
2fc08b4d-2fec-415b-aa9d-c40d10ddcce2,4fd07c23-bed4-4ca7-b140-7652784aa802,2022-06-03 15:11:00,059136e5-beb1-43f4-a3fe-9cc14dd0989b,500,37,537
81b8dfa8-38b0-4732-a5a4-6f1d5206b781,14b55929-5438-4892-9073-524d32d4e944,2022-06-03 18:15:00,059136e5-beb1-43f4-a3fe-9cc14dd0989b,1700,127,1827
7aea0e39-86e2-4415-b587-ae4d760a01d1,751e632c-7341-4671-95d2-e348460b3fab,2022-06-03 17:06:00,059136e5-beb1-43f4-a3fe-9cc14dd0989b,700,52,752
255a548c-28ac-47dc-845e-290827129468,8413f205-78b2-441a-8916-79cc2820f5d0,2022-06-03 12:15:00,059136e5-beb1-43f4-a3fe-9cc14dd0989b,400,30,430
2be54bba-0cb6-4958-ae16-44e886489669,e5c397a4-f9c3-4d5d-956c-f4cbac6fc1e1,2022-06-03 10:08:00,059136e5-beb1-43f4-a3fe-9cc14dd0989b,400,30,430
d00b1b1c-daa1-4852-8586-59e05788b335,f8a4f769-0195-44be-9cb4-a90210c4047e,2022-06-03 08:08:00,059136e5-beb1-43f4-a3fe-9cc14dd0989b,600,44,644
247dde1a-53d7-41cd-86bb-27d23058f94c,35bf73a3-f268-4294-8a12-bc9a1b83db11,2022-06-03 14:30:00,059136e5-beb1-43f4-a3fe-9cc14dd0989b,2000,150,2150
d9d7a399-f5a7-4456-a2df-cafa57a90018,e0983e91-a701-429d-bc70-28a23527f04c,2022-06-03 12:30:00,059136e5-beb1-43f4-a3fe-9cc14dd0989b,600,44,644
3e0c1019-5a81-43ba-a335-a93df79c85d9,40ec592a-e3ab-417e-ad8f-8f4c3f5dc8cd,2022-06-03 14:21:00,059136e5-beb1-43f4-a3fe-9cc14dd0989b,600,44,644
9a3c59a1-3754-415e-b430-7c844acabb3c,83872f19-552c-47b2-9fd3-4db4c2f6753f,2022-06-03 07:52:00,059136e5-beb1-43f4-a3fe-9cc14dd0989b,500,37,537
e18fad56-8436-4017-a53e-00bcf094fdda,0b4320be-1aed-4451-b8d4-bfe6e56b3281,2022-06-03 12:10:00,059136e5-beb1-43f4-a3fe-9cc14dd0989b,600,44,644
3e04fdf8-4481-459b-8730-cdd4f500d84a,26fc60b3-85e6-43e5-b371-71877025c8d1,2022-06-03 07:37:00,059136e5-beb1-43f4-a3fe-9cc14dd0989b,600,44,644
2ea59a94-3b17-4ccb-86f6-fdf75ef0b6d8,b2bcb97e-4971-4a36-b07b-6441cb1a6192,2022-06-03 11:13:00,059136e5-beb1-43f4-a3fe-9cc14dd0989b,1100,82,1182
3d4703bd-6099-4300-91d8-5cdf0cd32ac1,c7fe7715-b1b6-47c4-88ca-4a2bf466a61a,2022-06-03 14:49:00,059136e5-beb1-43f4-a3fe-9cc14dd0989b,2200,165,2365
0aeec69b-0fbf-4bee-b769-4d058ad95ac8,cf4cb81b-3231-491c-bff8-a6da05b7b93f,2022-06-03 15:34:00,059136e5-beb1-43f4-a3fe-9cc14dd0989b,700,52,752
2cb5ad60-4f3a-4302-9fb9-654cf9d18779,27b3d9ff-db39-4ce8-8de0-2090a7e90776,2022-06-03 08:37:00,059136e5-beb1-43f4-a3fe-9cc14dd0989b,500,37,537
b4c16699-4b11-4ae2-bc80-8083377822ab,3c7c5fb0-d621-44e5-9d08-388975ae8faf,2022-06-03 08:06:00,059136e5-beb1-43f4-a3fe-9cc14dd0989b,600,44,644
cb32819f-f83f-4e3a-bdf5-385c5a0d265a,4e749dde-0bfb-45f8-bfb7-cee60c7f5012,2022-06-03 16:25:00,059136e5-beb1-43f4-a3fe-9cc14dd0989b,1800,135,1935
a06ef665-ea14-42c1-a3be-b53cdf314257,55a28803-2496-4e1a-84e5-f0a46aaead70,2022-06-03 11:12:00,059136e5-beb1-43f4-a3fe-9cc14dd0989b,500,37,537
c1ef447a-39cb-4129-9274-0605e3d191d6,a978d5d4-d1da-4b56-bd60-9b92205a925f,2022-06-03 17:52:00,059136e5-beb1-43f4-a3fe-9cc14dd0989b,400,30,430
119e93f7-1aa9-49d5-97b3-dec6c76f5eb6,c1fadf94-71e8-4d09-b9b0-2af116108a24,2022-06-03 07:56:00,059136e5-beb1-43f4-a3fe-9cc14dd0989b,700,52,752
33539cf4-756f-423b-83fc-3b6c14150fea,60c396b2-d634-4be2-9aaa-7f1a832f4305,2022-06-03 11:47:00,059136e5-beb1-43f4-a3fe-9cc14dd0989b,400,30,430
2fab48bd-f44d-4290-91a8-0c96774b001f,771dfa76-30ed-43e7-9aab-d026b7b2e4de,2022-06-03 15:48:00,059136e5-beb1-43f4-a3fe-9cc14dd0989b,1700,127,1827
f10930c1-d7b1-47cc-9652-e8935863debf,2533fffb-72a8-4e71-9e5c-eda4b362c551,2022-06-03 13:16:00,059136e5-beb1-43f4-a3fe-9cc14dd0989b,2300,172,2472
9decda03-6480-48e2-8554-1ab8e0a9db7a,ff8e5384-92e3-46a6-a97f-96f2e06d2d0c,2022-06-03 15:14:00,059136e5-beb1-43f4-a3fe-9cc14dd0989b,500,37,537
de581859-a8ec-4897-af4b-2c17a545f2da,71c22f51-5140-4058-aca4-e1297f024cd1,2022-06-03 07:36:00,059136e5-beb1-43f4-a3fe-9cc14dd0989b,700,52,752
4409bcf1-92c5-45be-9b35-c0bebaa158a6,d8196da5-366a-49ed-8e90-a15d0e70dabb,2022-06-03 16:41:00,059136e5-beb1-43f4-a3fe-9cc14dd0989b,500,37,537
0111187f-f305-47d4-b467-ce78c3d52a43,0c903c1d-a0ab-4e8e-b1ce-e40f8f7c70ee,2022-06-03 14:38:00,059136e5-beb1-43f4-a3fe-9cc14dd0989b,500,37,537
a51e80a9-59e5-47c3-b36b-5a7b8b98bbcb,99e72f7b-8e9c-4403-8629-4ba314155564,2022-06-03 11:32:00,059136e5-beb1-43f4-a3fe-9cc14dd0989b,1800,135,1935
e071315c-1a8b-4ffc-99bc-4aaaf83b31f6,ca896e2e-2dae-438f-ac59-9b251ce53240,2022-06-03 18:35:00,059136e5-beb1-43f4-a3fe-9cc14dd0989b,600,44,644
c7048b2f-077e-4618-b5b8-f3a417ad7f2e,7e72fe96-b013-4324-869d-caa2d564f37e,2022-06-03 07:00:00,059136e5-beb1-43f4-a3fe-9cc14dd0989b,700,52,752
2cc6bb46-1b1b-4e17-9711-80b9f67069ec,cae7f2a7-5319-4d2d-b18c-d38b90318742,2022-06-03 15:12:00,059136e5-beb1-43f4-a3fe-9cc14dd0989b,400,30,430
2ad284d9-733f-42fd-b6fa-2ab60aec3b7b,9b42559d-e62d-4ab2-ba36-11562c60d296,2022-06-03 07:39:00,059136e5-beb1-43f4-a3fe-9cc14dd0989b,500,37,537
81999db5-e7a1-4a77-8032-da87c155eabe,f637c2f2-576f-420d-bdb7-9836d12af85a,2022-06-03 08:08:00,059136e5-beb1-43f4-a3fe-9cc14dd0989b,600,44,644
b4af6745-72ba-48a7-948a-048a52117185,0011a704-5681-4123-8dca-1af0bdc2de41,2022-06-03 07:35:00,059136e5-beb1-43f4-a3fe-9cc14dd0989b,600,44,644
e1da355f-3b21-47e5-a6f3-29eca552a953,9c3f8f66-e595-47b4-b696-2ef95c13ed39,2022-06-03 09:28:00,059136e5-beb1-43f4-a3fe-9cc14dd0989b,700,52,752
e6a749ef-5619-4bcb-94c6-4cf3a31b28ec,70101c56-1cff-4c85-bf95-5f237f43dab5,2022-06-03 17:22:00,059136e5-beb1-43f4-a3fe-9cc14dd0989b,400,30,430
21126589-ad85-42dd-b21d-d52a61b3c305,e78f3127-094d-45f2-bbcb-dcb3cf718f7f,2022-06-03 11:26:00,059136e5-beb1-43f4-a3fe-9cc14dd0989b,400,30,430
58195f5f-abe6-42c8-af6a-6ae25e383c10,7add3d5c-dfe4-41a7-9a61-3b9186a0f846,2022-06-03 07:40:00,059136e5-beb1-43f4-a3fe-9cc14dd0989b,600,44,644
4187ce8e-8fee-49a0-b950-4e4618871493,b3f1fd68-97bf-448c-b555-6f57c1700866,2022-06-03 08:00:00,059136e5-beb1-43f4-a3fe-9cc14dd0989b,500,37,537
1a199690-1aee-497a-9a7f-7fda6aa24d5b,d7e381b1-2fcd-40d3-850a-95701efbfd4a,2022-06-03 15:37:00,059136e5-beb1-43f4-a3fe-9cc14dd0989b,1800,135,1935
1ad31ab9-f450-4b37-b6a8-c0679cdd287f,9811ec22-d635-41a7-a89e-82847322d546,2022-06-03 14:07:00,059136e5-beb1-43f4-a3fe-9cc14dd0989b,600,44,644
7256fbee-4d68-49bc-845a-3b23ed55794a,39ceb3c4-d968-4af0-8bd1-6010ee5cf91c,2022-06-03 09:09:00,059136e5-beb1-43f4-a3fe-9cc14dd0989b,700,52,752
b4a8e009-3825-4585-ac51-7ba24fd7b99d,bc218511-0fcd-4e51-b161-55bb383e4157,2022-06-03 16:20:00,059136e5-beb1-43f4-a3fe-9cc14dd0989b,400,30,430
622256e5-69dc-4836-b4cf-488b8a14c70c,1578fa35-446f-4174-9169-551e1d5edb6a,2022-06-03 08:20:00,059136e5-beb1-43f4-a3fe-9cc14dd0989b,600,44,644
94f4bd44-0bee-4fb2-adf9-fe416afa198b,4e33fa20-eeb2-4dd9-975c-8821869dfb64,2022-06-03 14:21:00,059136e5-beb1-43f4-a3fe-9cc14dd0989b,1600,120,1720
e2380a0b-9394-4741-9908-cf67c4fb7be2,5dcbf303-9411-496a-9470-405f2c60a4a9,2022-06-03 15:06:00,059136e5-beb1-43f4-a3fe-9cc14dd0989b,400,30,430
5b323489-9810-4d8a-ad89-1135859cfd1f,8c9bc24a-89cf-47a7-b3c3-328b2591676b,2022-06-03 16:35:00,059136e5-beb1-43f4-a3fe-9cc14dd0989b,600,44,644
1db30a8f-e5dc-4c59-989f-3cc0bec0051b,63358e1d-e741-46a1-a85b-f5b455bf59d4,2022-06-03 07:46:00,059136e5-beb1-43f4-a3fe-9cc14dd0989b,400,30,430
e7dfe1ec-31de-4515-acdc-a61eba6f17a6,19d93d29-786d-4ecb-b11f-1fda12e23d03,2022-06-03 15:37:00,059136e5-beb1-43f4-a3fe-9cc14dd0989b,2000,150,2150
07fde67e-e577-4200-8e41-121aac68a5aa,3c5d20b1-e38f-466d-a6ed-e54fa6bc4d3a,2022-06-03 18:40:00,059136e5-beb1-43f4-a3fe-9cc14dd0989b,1800,135,1935
dd3749d9-cf54-4664-b80f-b51eeb412e26,24695eb9-42ed-4f0e-a598-7d6015e38e12,2022-06-03 11:18:00,059136e5-beb1-43f4-a3fe-9cc14dd0989b,500,37,537
8dc440fb-3b55-402d-81dc-211d0399b8a7,da3c426d-80b6-4bc0-b424-a51a461fdf70,2022-06-03 15:49:00,059136e5-beb1-43f4-a3fe-9cc14dd0989b,1800,135,1935
f0842228-ee2a-4651-9722-0d0bea245f7c,879873ef-7ee7-45d1-a0f8-3ab1ff52b1de,2022-06-03 07:25:00,059136e5-beb1-43f4-a3fe-9cc14dd0989b,600,44,644
4f6b22a2-6eda-45a8-8825-ffa3ac3af574,94f6387a-97ef-43f5-b203-90565c727538,2022-06-03 15:03:00,059136e5-beb1-43f4-a3fe-9cc14dd0989b,1700,127,1827
827c7a44-030a-4e21-95f7-bb98d531363d,2e3f8a56-2251-44a8-8599-fc4cbd175ecb,2022-06-03 13:31:00,059136e5-beb1-43f4-a3fe-9cc14dd0989b,700,52,752
bcdabc80-ab39-49bf-9ee0-da7cf07b7c4c,0ac09bcc-50a7-41e6-88c1-e23be2b88c97,2022-06-03 09:51:00,059136e5-beb1-43f4-a3fe-9cc14dd0989b,600,44,644
7534cd93-ac2d-420e-9f6c-37837e71cb84,24d003ab-ccb6-4065-91b7-bbca21bc21f8,2022-06-03 18:19:00,059136e5-beb1-43f4-a3fe-9cc14dd0989b,400,30,430
5030e2b9-080e-47eb-a971-a60d1d9ab2b6,757ad23d-2490-44ac-8683-ac603986068b,2022-06-03 08:31:00,059136e5-beb1-43f4-a3fe-9cc14dd0989b,600,44,644
041b6859-6b31-4cfc-b20a-2eeeb2662af9,8e41ce23-0858-4778-bac4-f113515f4409,2022-06-03 07:39:00,059136e5-beb1-43f4-a3fe-9cc14dd0989b,400,30,430
03dc2f5a-e1e0-4962-9ce6-03c72cac291f,d9f02350-2ac6-4b03-ba72-d0def0c5c1f5,2022-06-03 12:28:00,059136e5-beb1-43f4-a3fe-9cc14dd0989b,500,37,537
2a36b521-039b-47c2-97b3-9a2773cd3892,5557ee9c-aeb5-4267-9fc0-6430874d3a0c,2022-06-03 08:02:00,059136e5-beb1-43f4-a3fe-9cc14dd0989b,1100,82,1182
45d718ea-39ab-4e27-841b-ec4dcb94c54a,ba2dedc4-88f5-4a08-868d-6687a7a2282f,2022-06-03 15:57:00,059136e5-beb1-43f4-a3fe-9cc14dd0989b,600,44,644
c85a8568-295e-44cc-a4a7-58014f9cb7b1,987ded3d-0eb7-4546-9a65-073dfc15621f,2022-06-03 08:44:00,059136e5-beb1-43f4-a3fe-9cc14dd0989b,400,30,430
332909e7-a681-45dd-893e-8019c82a7498,842f310f-2bb8-42c0-8291-b26b81258980,2022-06-03 17:13:00,059136e5-beb1-43f4-a3fe-9cc14dd0989b,400,30,430
9ab1ddaa-b09d-4ada-a2b5-4e5e5dda14da,71226ce1-aac0-48fa-b99b-05a4ab69dde7,2022-06-03 08:21:00,059136e5-beb1-43f4-a3fe-9cc14dd0989b,600,44,644
20e9f614-c63a-4b35-b9f9-208e26f6ccf8,83cd5e82-fcef-4b1a-9a26-3889abd99ee9,2022-06-03 07:38:00,059136e5-beb1-43f4-a3fe-9cc14dd0989b,700,52,752
741410cb-48c4-44b8-9461-8fe4e0d19b71,b3b08149-77d3-430b-b761-2b06c3d11e7a,2022-06-03 12:01:00,059136e5-beb1-43f4-a3fe-9cc14dd0989b,2400,179,2579
e54c5369-dc69-48af-b0d4-7945af0dad09,cb0c82ee-5ea6-4290-b4ef-33a938e280d3,2022-06-03 15:13:00,059136e5-beb1-43f4-a3fe-9cc14dd0989b,600,44,644
d2784afd-4601-4577-859a-02a9393c4806,41c9f26f-ad03-4bb6-b0c8-6c4754d887fc,2022-06-03 09:00:00,059136e5-beb1-43f4-a3fe-9cc14dd0989b,600,44,644
76a20707-3454-4f18-9321-3b8b7e188aa5,bbd60ac7-5fef-454b-aabb-66031f4a499d,2022-06-03 08:10:00,059136e5-beb1-43f4-a3fe-9cc14dd0989b,600,44,644
285f9559-c6b7-4ff3-a91f-bcc1e83a4f5a,b6988737-8018-43b0-ae79-cd1c1da1db7a,2022-06-03 15:55:00,059136e5-beb1-43f4-a3fe-9cc14dd0989b,500,37,537
6cdd21d8-7614-44f8-a9b4-2f35c5347be2,aca90745-0103-44ba-b561-ead73d1be7f6,2022-06-03 19:30:00,059136e5-beb1-43f4-a3fe-9cc14dd0989b,1600,120,1720
ed6a2c36-f66e-4712-a594-c997508b120e,7a117ba4-34c0-4a2b-8950-ef18771fe5c7,2022-06-03 14:22:00,059136e5-beb1-43f4-a3fe-9cc14dd0989b,600,44,644
628a2854-a0c7-403d-a94f-ac926ee0ce96,9c13901c-0760-4290-bb22-b3cda0ae0492,2022-06-03 12:06:00,059136e5-beb1-43f4-a3fe-9cc14dd0989b,500,37,537
322eb603-2782-4bd2-ba39-ddf7c7a73248,df8e1c87-b450-4bdb-bb3d-982138f86dbf,2022-06-03 08:28:00,059136e5-beb1-43f4-a3fe-9cc14dd0989b,600,44,644
b2107236-55f5-4055-9460-68fec8b4709c,2c6d229d-2be8-4b3f-b969-77e0a1b902ae,2022-06-03 16:26:00,059136e5-beb1-43f4-a3fe-9cc14dd0989b,1800,135,1935
91ddc92a-f32c-44c4-8bfa-d9a56fef4936,28bd6a31-b941-4df4-92da-9da703597e5b,2022-06-03 09:00:00,059136e5-beb1-43f4-a3fe-9cc14dd0989b,500,37,537
0c12de06-bd7b-499d-9ce2-eaf614f36a1e,5205dbf0-a115-4aa8-977b-96db1e73df12,2022-06-03 14:39:00,059136e5-beb1-43f4-a3fe-9cc14dd0989b,1900,142,2042
15b88afb-c6e7-48fa-8cf1-f9aa73d6f979,d1221cb3-2f69-46ce-bd21-ed3d9fd32d08,2022-06-03 07:00:00,059136e5-beb1-43f4-a3fe-9cc14dd0989b,500,37,537
37657975-ef2d-4c26-8c8c-a6056ba42673,f813d86e-8dfa-492e-8e09-ac432110ec41,2022-06-03 13:22:00,059136e5-beb1-43f4-a3fe-9cc14dd0989b,700,52,752
e2b5d78c-924d-4498-a1c7-7a2d53e8c94e,562a2cec-caac-4d07-918b-b4c60e4b1505,2022-06-03 08:03:00,059136e5-beb1-43f4-a3fe-9cc14dd0989b,400,30,430
013c739c-8049-463a-ae79-331b2cce6c73,1f1cd553-ae63-4f46-9f5f-36c05ed4d698,2022-06-03 17:29:00,059136e5-beb1-43f4-a3fe-9cc14dd0989b,500,37,537
29302078-a8ca-48f8-b6b2-4e13cd51bb33,c0baed56-16e4-4b70-8dc9-4cd5328cae45,2022-06-03 08:11:00,059136e5-beb1-43f4-a3fe-9cc14dd0989b,400,30,430
aa993243-e4ad-4404-8b65-e55e93e3dfec,2452dcd2-e948-40a1-b7ec-fb569ac29d4a,2022-06-03 11:42:00,059136e5-beb1-43f4-a3fe-9cc14dd0989b,500,37,537
6eb3c18f-ad4c-41f3-92ef-73491b1c103c,48874e5a-841e-48de-9ca3-cd2a04a84721,2022-06-03 07:00:00,059136e5-beb1-43f4-a3fe-9cc14dd0989b,500,37,537
2063d437-49fd-4240-8c81-64565f6df68f,f27c6496-674b-4200-bd45-ebe8b15fb7dc,2022-06-03 13:00:00,059136e5-beb1-43f4-a3fe-9cc14dd0989b,500,37,537
f2d880bd-dfbf-4f75-9976-ab198ba837d1,5702df61-b819-4715-bb9e-ab49fcca2190,2022-06-03 07:59:00,059136e5-beb1-43f4-a3fe-9cc14dd0989b,700,52,752
2a83d0b1-286c-4bce-a4c9-a715fe21c119,3485fe65-fd37-4579-9269-5e83713d1159,2022-06-03 14:34:00,059136e5-beb1-43f4-a3fe-9cc14dd0989b,400,30,430
f90bed4e-b60a-4f7b-a4f1-b9074c8298bf,4dd3cdca-7c84-4a3c-bee1-4cc40fe4f6c1,2022-06-03 15:41:00,059136e5-beb1-43f4-a3fe-9cc14dd0989b,1000,75,1075
97678a42-fdcd-4cc5-ad73-a547766d72e9,9f63dc82-925f-46ec-a127-dc0231bc789c,2022-06-03 18:15:00,059136e5-beb1-43f4-a3fe-9cc14dd0989b,1700,127,1827
6d85ec17-fdf7-4ed2-8fde-085038ae0ae7,4b93879c-0737-40dd-b938-754c1fbf0384,2022-06-03 11:09:00,059136e5-beb1-43f4-a3fe-9cc14dd0989b,400,30,430
fd48bdd1-c4db-44da-8f50-403c9820f31b,20a41bf6-7092-4e8e-82b9-8df54688b057,2022-06-03 12:05:00,059136e5-beb1-43f4-a3fe-9cc14dd0989b,700,52,752
1b8d1461-8eeb-457d-a05d-a118a4fe9c18,f3eb936d-74aa-4b98-8acd-fb9136933e38,2022-06-03 18:40:00,059136e5-beb1-43f4-a3fe-9cc14dd0989b,600,44,644
ca214271-a064-4f6f-9510-d681f025f7b2,5ff6898e-6fbe-41b2-abb0-7bdf107eeb3b,2022-06-03 08:26:00,059136e5-beb1-43f4-a3fe-9cc14dd0989b,600,44,644
ea11ef8e-6658-4769-b50a-6d4748256bf7,e03d6e06-c748-4b67-bc54-1902c85555f0,2022-06-03 09:27:00,059136e5-beb1-43f4-a3fe-9cc14dd0989b,400,30,430
5d264dc9-2f38-4b97-89e2-5a40c4794f5e,9c03a2ed-6343-4c79-979e-7b94d8c41b9a,2022-06-03 15:55:00,059136e5-beb1-43f4-a3fe-9cc14dd0989b,1700,127,1827
afbecb4e-094a-4671-848c-db26fcc8f2bd,3d49f94b-d293-4bc7-9785-8c1924b261ed,2022-06-03 15:37:00,059136e5-beb1-43f4-a3fe-9cc14dd0989b,1700,127,1827
31b949b0-590a-4ff8-80f4-e87a5a430001,4b9e45a3-6ebf-4492-a4ea-834b7143f962,2022-06-03 12:50:00,059136e5-beb1-43f4-a3fe-9cc14dd0989b,1300,97,1397
45c92f4c-eb1c-4b81-a93a-83b38f2c994d,d5ed11cf-a7a8-48e0-8db6-b53ea2b4215b,2022-06-03 07:53:00,059136e5-beb1-43f4-a3fe-9cc14dd0989b,600,44,644
5da10f57-a0bc-436c-b997-9360a2659fcf,4d6aa9ce-769b-41ba-93f7-fd93ac143e2e,2022-06-03 11:13:00,059136e5-beb1-43f4-a3fe-9cc14dd0989b,2000,150,2150
caa254f8-8491-4303-85d0-ad6bb96483a0,7c94f11c-d222-4fbf-8a10-b5dc85c91e8c,2022-06-03 13:16:00,059136e5-beb1-43f4-a3fe-9cc14dd0989b,0,0,0
87e36e1f-8439-48c1-904d-1526c871b3fc,4cb59264-ffcc-452a-8b0e-82b2d93a13f8,2022-06-03 13:39:00,059136e5-beb1-43f4-a3fe-9cc14dd0989b,2500,187,2687
463ce778-2f8f-4b2e-9e1e-d334826c712c,52713a79-bbcf-4dae-b373-094c94cdaa42,2022-06-03 09:37:00,059136e5-beb1-43f4-a3fe-9cc14dd0989b,3100,232,3332
3c0f0532-2cef-4836-948d-a4e383506fa8,4c363bb4-2a15-432c-9495-92cadf72cce8,2022-06-03 10:35:00,059136e5-beb1-43f4-a3fe-9cc14dd0989b,2600,195,2795
a3eaed78-cb1c-4d1f-ae7e-3a59adfcfce7,86936775-52b3-40ab-9529-3d70c1d85b96,2022-06-03 14:24:00,059136e5-beb1-43f4-a3fe-9cc14dd0989b,600,44,644
845d0648-769f-4145-96a0-90e483074055,e92d4740-9449-4048-92f5-85fb462dad77,2022-06-03 11:57:00,059136e5-beb1-43f4-a3fe-9cc14dd0989b,2200,165,2365
29f909b8-f1c5-450e-81e9-6c48cabd92be,69b261e6-ada0-48de-94b4-7449a7e44a5f,2022-06-03 07:55:00,059136e5-beb1-43f4-a3fe-9cc14dd0989b,500,37,537
27cae3ba-5803-41ae-81ca-4444971620b4,f0df6a71-0e23-4623-b363-cd454d8545bb,2022-06-03 17:23:00,059136e5-beb1-43f4-a3fe-9cc14dd0989b,700,52,752
c46c9745-06ff-4ebc-9de9-f73e0013b55a,5b7ca844-231c-4062-ac6a-4b3b609e5c76,2022-06-03 08:21:00,059136e5-beb1-43f4-a3fe-9cc14dd0989b,600,44,644
63a2fc66-f6c9-40c4-813c-9071fd35f701,e30823c7-4938-46fa-acf1-e89610c26f81,2022-06-03 16:11:00,059136e5-beb1-43f4-a3fe-9cc14dd0989b,1100,82,1182
e2476735-ab0f-4e78-b599-1b56aaa6ecd5,4f346960-fad5-45cb-b2fb-aa2c25662998,2022-06-03 13:30:00,059136e5-beb1-43f4-a3fe-9cc14dd0989b,400,30,430
43c95416-7ead-4f23-9961-356afb5aa053,ab97f3ac-1614-471d-82d6-66432507cd64,2022-06-03 07:36:00,059136e5-beb1-43f4-a3fe-9cc14dd0989b,700,52,752
5d30193b-67ed-4304-abd8-3d3790b89ad8,07a8b0a6-f708-4fe2-93b6-21978691ae73,2022-06-03 07:00:00,059136e5-beb1-43f4-a3fe-9cc14dd0989b,600,44,644
2c8afffd-dffb-40d0-b07a-0eedb887e15a,8a23372e-fab4-4779-8f74-6f8a0f73b768,2022-06-03 14:23:00,059136e5-beb1-43f4-a3fe-9cc14dd0989b,2400,179,2579
cb640300-1a24-4e8c-aab1-d461c58822a3,34d82b57-4819-4794-9ca9-ea6574b20771,2022-06-03 07:18:00,059136e5-beb1-43f4-a3fe-9cc14dd0989b,600,44,644
03b539d9-b7e6-4ff3-a462-03ca0ffb7ac7,e6e521f9-4263-4abe-8cb3-3aec564ed17b,2022-06-03 07:57:00,059136e5-beb1-43f4-a3fe-9cc14dd0989b,700,52,752
040e58cc-a653-40cb-9776-61bc5f57ac70,06b0a9b7-2b18-413f-9a81-47b63b8ddb40,2022-06-03 14:53:00,059136e5-beb1-43f4-a3fe-9cc14dd0989b,1500,112,1612
d9171d6c-39c5-40fa-a6b0-dc813a8d2e47,dd182f76-63eb-4173-848a-8c03f76c83b7,2022-06-03 18:54:00,059136e5-beb1-43f4-a3fe-9cc14dd0989b,1900,142,2042
6855e3f2-e31f-42d0-ae69-3f06f64bd8d8,5ae0ad28-397e-48ae-b74c-cf5304acb96f,2022-06-03 14:57:00,059136e5-beb1-43f4-a3fe-9cc14dd0989b,1600,120,1720
f512c77c-b36a-4d00-8463-63ad34765daf,144f7fec-c604-4938-9da9-0bfe2ddb8e7f,2022-06-03 14:59:00,059136e5-beb1-43f4-a3fe-9cc14dd0989b,1400,105,1505
59f73a27-2cf7-403e-823c-0c0bfed35475,d7f9570e-4b88-4892-aee5-c747cf0505ce,2022-06-03 07:51:00,059136e5-beb1-43f4-a3fe-9cc14dd0989b,700,52,752
bb890989-34fc-433b-8ab5-a621d7a282be,2fff5639-709b-454a-803a-084249a1f25f,2022-06-03 15:59:00,059136e5-beb1-43f4-a3fe-9cc14dd0989b,1800,135,1935
b8b5638f-f230-4ad5-973f-0d865f2165f3,0505f2cb-3909-461e-b4dd-0e908c55c808,2022-06-03 16:02:00,059136e5-beb1-43f4-a3fe-9cc14dd0989b,1700,127,1827
3030aa54-94c7-45aa-aaba-a8395fb0feae,63179edd-cb4d-4c8a-83a4-01a0da3bb534,2022-06-03 18:00:00,059136e5-beb1-43f4-a3fe-9cc14dd0989b,2400,179,2579
1e893627-c3fd-434a-861a-fd752ff49c46,1b6c6a19-0dc9-4bb0-b2c0-dc05e526aeb6,2022-06-03 18:29:00,059136e5-beb1-43f4-a3fe-9cc14dd0989b,700,52,752
89c74dab-5d8a-4169-998b-61db328d4da4,56efbcd8-63c0-44d5-8879-81f6a4ae9706,2022-06-03 08:30:00,059136e5-beb1-43f4-a3fe-9cc14dd0989b,600,44,644
4b7edede-ac18-498a-ad30-fb983cfec978,63c89071-7a92-40d7-b793-900c47a5567d,2022-06-03 08:17:00,059136e5-beb1-43f4-a3fe-9cc14dd0989b,500,37,537
4852e3e1-8714-489b-a165-80be0a3dfe34,34fbe879-d0cc-45b7-bf6b-da9542a4246f,2022-06-03 10:40:00,059136e5-beb1-43f4-a3fe-9cc14dd0989b,400,30,430
61d1da9a-af34-404e-b5ef-8c44ee938520,b2e021cb-5b71-4a44-9b75-49a8a45a5c8e,2022-06-03 13:04:00,059136e5-beb1-43f4-a3fe-9cc14dd0989b,500,37,537
cccd9750-4a05-4d41-9271-24708fe48075,9c2859ae-e58b-45d1-a0fb-3efdd7401deb,2022-06-03 14:46:00,059136e5-beb1-43f4-a3fe-9cc14dd0989b,1700,127,1827
37e16fd5-4d08-4471-8e1a-e3cfac707485,87013cfb-6a3d-4e3c-9e31-884b9f979690,2022-06-03 14:10:00,059136e5-beb1-43f4-a3fe-9cc14dd0989b,700,52,752
2c068ecc-4db5-4a07-9b1d-8e3cb5d5370a,3a515aa3-68cd-44aa-aace-5182631c4705,2022-06-03 14:19:00,059136e5-beb1-43f4-a3fe-9cc14dd0989b,700,52,752
6fcce66b-dc8c-4693-8852-47bf41e60d82,1c40cde4-4c0a-4cc5-8eaa-78b7d34c58eb,2022-06-03 07:04:00,059136e5-beb1-43f4-a3fe-9cc14dd0989b,700,52,752
e52ffec8-e7b2-4133-8f8d-ab23ff9d969d,416ddd70-f0ad-4d6c-8d08-827ca7466f48,2022-06-03 07:16:00,059136e5-beb1-43f4-a3fe-9cc14dd0989b,700,52,752
bddffc8b-3725-4142-8c8c-1f2366848e50,6a0e68f2-fede-4f45-b3f8-b0325978c2a8,2022-06-03 08:07:00,059136e5-beb1-43f4-a3fe-9cc14dd0989b,400,30,430
0533dca6-585e-4fc3-88b6-038bdbdbb41c,d6e7ed2a-93ac-4751-a20d-44a68642f9a7,2022-06-03 15:24:00,059136e5-beb1-43f4-a3fe-9cc14dd0989b,2100,157,2257
f92870ba-aeec-4ef3-8e79-22298e4b4a52,3e2dd302-520d-45bd-a7b8-b43652be9e88,2022-06-03 14:10:00,059136e5-beb1-43f4-a3fe-9cc14dd0989b,1900,142,2042
e84ec35d-0b8a-4ffb-b1c1-495ff2707fa7,080b2366-0a35-4def-ac8c-f7d8ddbc407d,2022-06-03 08:22:00,059136e5-beb1-43f4-a3fe-9cc14dd0989b,700,52,752
a4088c2a-a33c-4845-b29d-8f288265bf6c,98136fa4-c411-4fb7-9bed-a26308bbdf32,2022-06-03 08:12:00,059136e5-beb1-43f4-a3fe-9cc14dd0989b,700,52,752
5f7985f6-ee6b-4400-9c05-e170034c1d01,fa8db2f2-318b-4fc3-b288-2523bddf013d,2022-06-03 12:58:00,059136e5-beb1-43f4-a3fe-9cc14dd0989b,400,30,430
528b6ddc-db3d-4062-9302-7d11c950eba4,05345af9-f758-4bca-bb47-3233aedbf543,2022-06-03 12:50:00,059136e5-beb1-43f4-a3fe-9cc14dd0989b,400,30,430
51acae14-8cd6-416e-9da2-5d3f3a81fa6a,3161ca22-7e0d-46c4-bfb0-c93e62c46ea8,2022-06-03 07:59:00,059136e5-beb1-43f4-a3fe-9cc14dd0989b,600,44,644
80e92f9e-7bec-4efd-9b4b-44c4621e6940,82f6eacc-b18b-4dec-b170-5510d706e698,2022-06-03 07:00:00,059136e5-beb1-43f4-a3fe-9cc14dd0989b,600,44,644
e5d2bd86-9b05-4c69-adf7-308943a5f91d,f3f341b2-c96e-47ce-85ed-17b514090f1f,2022-06-03 09:21:00,059136e5-beb1-43f4-a3fe-9cc14dd0989b,1200,89,1289
ae437997-5580-4096-8976-c0619522d93b,e1ae5473-912b-494f-b4e4-c4323ccb5509,2022-06-03 07:54:00,059136e5-beb1-43f4-a3fe-9cc14dd0989b,700,52,752
e1d5743d-c36d-4078-bd84-dfd5186ce31f,335ffb1e-5b15-4ad8-bee9-60b00b39f402,2022-06-03 08:15:00,059136e5-beb1-43f4-a3fe-9cc14dd0989b,700,52,752
69463f93-7bdf-452c-ac25-b63715df69d2,3186b251-cfbc-4073-883d-2d622bb79b96,2022-06-03 08:05:00,059136e5-beb1-43f4-a3fe-9cc14dd0989b,700,52,752
f7df8f0d-ed82-40fe-b5ec-287553fd4722,0f5a922a-5641-4941-b276-2b3448dd706f,2022-06-03 07:33:00,059136e5-beb1-43f4-a3fe-9cc14dd0989b,500,37,537
a8bef3fa-0767-41e4-bf82-7b9e63b57e76,d40f4cac-3dde-4451-ae26-8817fa0ac508,2022-06-03 07:49:00,059136e5-beb1-43f4-a3fe-9cc14dd0989b,400,30,430
5b1dd686-f0f3-4b9e-82fc-b4a353d43566,a685acd1-4a20-43ad-b355-36cf38348906,2022-06-03 14:46:00,059136e5-beb1-43f4-a3fe-9cc14dd0989b,1800,135,1935
30138dbb-ab54-4421-bca9-7fea75b310ce,3ddc09e5-5df2-48d6-8451-ab82ed8489e2,2022-06-03 07:13:00,059136e5-beb1-43f4-a3fe-9cc14dd0989b,2000,150,2150
899db50b-3595-4df4-ba6b-271543179d22,1ceec0f9-a0bb-40ff-a5cb-2bc97c25fdab,2022-06-03 13:32:00,059136e5-beb1-43f4-a3fe-9cc14dd0989b,500,37,537
ae01a056-4c79-4857-9ccb-e3254ffd0372,ba528372-7be1-417a-8bd9-8b0cfc73b7a3,2022-06-03 09:50:00,059136e5-beb1-43f4-a3fe-9cc14dd0989b,3700,277,3977
13bb2c00-454a-43ae-b97c-03e967133577,da5cd671-cf27-4151-8076-5b2369981a8a,2022-06-03 07:55:00,059136e5-beb1-43f4-a3fe-9cc14dd0989b,600,44,644
78574e3a-b941-4893-9b78-aa3b253b573f,cf2886d3-4bb9-425f-9842-f6ab89f29851,2022-06-03 07:42:00,059136e5-beb1-43f4-a3fe-9cc14dd0989b,400,30,430
8326159a-4336-499c-8657-b555b8beec6a,8afd022f-4b28-4638-856c-b2eb7da37530,2022-06-03 11:24:00,059136e5-beb1-43f4-a3fe-9cc14dd0989b,400,30,430
5120c5f7-8c28-4603-915b-3b6349477777,f2ea92ed-0bee-479f-80a4-d186c2c16020,2022-06-03 15:00:00,059136e5-beb1-43f4-a3fe-9cc14dd0989b,600,44,644
49d8744b-3556-43d6-8a80-beeedc9a06ae,99cd74d7-57ce-4af8-b7ce-2b0f74150ded,2022-06-03 13:54:00,059136e5-beb1-43f4-a3fe-9cc14dd0989b,1200,89,1289
0eb13f8a-ba11-4954-91bb-3cf4e41834ac,f5b542da-7d69-4d0d-93d2-004996d805d9,2022-06-03 17:41:00,059136e5-beb1-43f4-a3fe-9cc14dd0989b,1500,112,1612
be608d10-c1e2-474a-b101-99faa59ef7b4,9929ce1c-11c1-48d6-936f-562518640d5c,2022-06-03 11:07:00,059136e5-beb1-43f4-a3fe-9cc14dd0989b,700,52,752
20b65b5b-95d1-4ba2-b80e-4408e834e9b2,537f56af-b73f-4cd3-90e9-5901fb0cf6e1,2022-06-03 08:15:00,059136e5-beb1-43f4-a3fe-9cc14dd0989b,600,44,644
11fc9dff-57b6-4f6c-8427-47cf3f2209ef,deca356d-a271-49eb-a57e-cefebda03b0d,2022-06-03 08:34:00,059136e5-beb1-43f4-a3fe-9cc14dd0989b,500,37,537
f37cbc93-3e45-42ea-a580-5620a1ab8fa3,cb93f4d2-85c6-416a-9d28-2ebba8219fc2,2022-06-03 08:22:00,059136e5-beb1-43f4-a3fe-9cc14dd0989b,400,30,430
1257338f-87e5-4a4a-bd17-93e0d36714dc,b6a07bfc-cfe5-4301-acf5-599ec671ed33,2022-06-03 16:48:00,059136e5-beb1-43f4-a3fe-9cc14dd0989b,1700,127,1827
c1662f1f-2f84-4070-9818-6ed8e207e1b3,5893c78f-be68-4535-87e4-b9e0a3100d8a,2022-06-03 19:26:00,059136e5-beb1-43f4-a3fe-9cc14dd0989b,1800,135,1935
2abc8529-b7f5-4c39-b1a5-dee354121b35,5a85894e-8877-4fe8-abc7-25ee8d4f3683,2022-06-03 07:37:00,059136e5-beb1-43f4-a3fe-9cc14dd0989b,500,37,537
e45f7f9a-5ac7-4588-a21f-5c1d9c58452c,145a1598-5bd8-4864-b1bc-7daefb193a28,2022-06-03 07:00:00,059136e5-beb1-43f4-a3fe-9cc14dd0989b,400,30,430
0cf154e0-04fe-441f-9a63-606a07bb8d21,ff167039-ce55-49a9-a653-d00a88d17fc9,2022-06-03 16:16:00,059136e5-beb1-43f4-a3fe-9cc14dd0989b,400,30,430
faadab57-c4fb-4661-aebd-b5b927c8015d,3cd5fd88-7f74-4f00-bf62-641e6d5c8743,2022-06-03 08:32:00,059136e5-beb1-43f4-a3fe-9cc14dd0989b,600,44,644
7262ee71-0a05-438e-b4ab-2c3164e6cde4,525b7cde-507b-42ab-9ca4-f010a9e8de28,2022-06-03 08:38:00,059136e5-beb1-43f4-a3fe-9cc14dd0989b,400,30,430
96bc5d73-37b5-49bf-8309-770e11b09d77,44224fd5-b92c-4619-9508-d36631045e8a,2022-06-03 10:21:00,059136e5-beb1-43f4-a3fe-9cc14dd0989b,2500,187,2687
d3776e07-1438-4e97-8fc2-83a10de9a486,f2d3b7b6-cb0d-4ad8-ab6d-d428c7f48c29,2022-06-03 13:10:00,059136e5-beb1-43f4-a3fe-9cc14dd0989b,500,37,537
278fe223-5231-41a6-b819-3090581275d0,35b4c9ee-b015-4921-8fb3-e18d94ba2acf,2022-06-03 08:08:00,059136e5-beb1-43f4-a3fe-9cc14dd0989b,600,44,644
d4b36dea-ae2d-40a5-8000-3614272f4d7d,429f4082-8e25-42a4-8b71-03eb45a90da2,2022-06-03 15:46:00,059136e5-beb1-43f4-a3fe-9cc14dd0989b,500,37,537
fa8a1eae-11ee-4418-8b85-c54d5fde5353,c1acbc40-5acf-4438-a21b-2b260df6a4bb,2022-06-03 07:16:00,059136e5-beb1-43f4-a3fe-9cc14dd0989b,700,52,752
de112ebe-0f18-476a-bdbd-ae27377d5d8c,29272c1d-470c-4452-b97c-2666adaaa2f1,2022-06-03 18:44:00,059136e5-beb1-43f4-a3fe-9cc14dd0989b,400,30,430
f254701e-ea59-47dd-924d-194f5a2f34de,eb946b01-b4e4-4e83-921f-8bdfa6bf8779,2022-06-03 08:43:00,059136e5-beb1-43f4-a3fe-9cc14dd0989b,700,52,752
787ff54f-f844-46cb-b13f-9a27a57d4371,081fc5fe-a7fa-4c01-91bc-e6a535fc566e,2022-06-03 11:50:00,059136e5-beb1-43f4-a3fe-9cc14dd0989b,2400,179,2579
61f5e1c7-0647-453c-9982-a47be0ea1cf9,179447a8-7285-4bb4-a34a-03071446d270,2022-06-03 08:07:00,059136e5-beb1-43f4-a3fe-9cc14dd0989b,600,44,644
bda49d26-0bfb-458c-b0a4-d6fb22ee793e,3cd1d06f-f125-41ef-9dc7-06e1953a097b,2022-06-03 13:01:00,059136e5-beb1-43f4-a3fe-9cc14dd0989b,600,44,644
a88ef023-3e64-4248-bdc8-dfd1c118c514,508ad1fb-30cb-4403-a945-efca555fc603,2022-06-03 10:46:00,059136e5-beb1-43f4-a3fe-9cc14dd0989b,1300,97,1397
c5f43a1d-1faa-42c7-afa7-4400b3b662f8,c67e5298-2e23-483d-9271-f3a407d60b98,2022-06-03 07:46:00,059136e5-beb1-43f4-a3fe-9cc14dd0989b,400,30,430
55a1b346-b2fb-419b-bf74-f9f905a79cbd,cc0e1091-f21f-4062-a932-82374bcee4ac,2022-06-03 15:11:00,059136e5-beb1-43f4-a3fe-9cc14dd0989b,2800,210,3010
0dfe8a5d-8c95-413c-b4cd-286b992a20dd,7881f065-465b-4e32-a7e5-688fb2bbb84e,2022-06-03 08:34:00,059136e5-beb1-43f4-a3fe-9cc14dd0989b,400,30,430
dde719ae-53ee-46c4-adab-0fbdce7b170a,7bdf9ccb-e86a-457c-a8d0-b3064be99f48,2022-06-03 10:18:00,059136e5-beb1-43f4-a3fe-9cc14dd0989b,0,0,0
ca300c94-e04e-4cb5-81cb-e736a9163b67,ec70abb1-0f2b-4f84-8df9-c07a3d01ce2d,2022-06-03 08:32:00,059136e5-beb1-43f4-a3fe-9cc14dd0989b,500,37,537
7734734f-1520-4444-874d-1ce4a509a189,4bc8d1b3-b47e-4bb4-8531-37a7694b301a,2022-06-03 08:02:00,059136e5-beb1-43f4-a3fe-9cc14dd0989b,600,44,644
4701218a-2887-4326-b924-0393792c77b0,cfbb01a6-b92f-49e8-b0ad-73c464ec17b0,2022-06-03 08:07:00,059136e5-beb1-43f4-a3fe-9cc14dd0989b,600,44,644
9cdfbf32-7c84-4e45-8d99-2716edc05629,3e0a9ecf-66f7-42c2-8ff6-28dbe97fadce,2022-06-03 16:05:00,059136e5-beb1-43f4-a3fe-9cc14dd0989b,600,44,644
1a97d258-8149-4fbc-a1b9-f2633fa191ec,458069c2-357c-48d5-838d-618b3c991344,2022-06-03 08:01:00,059136e5-beb1-43f4-a3fe-9cc14dd0989b,500,37,537
261e0c39-361a-4adc-a5c1-8f324abd70c5,b933b8d1-2777-4f0a-a2da-d98923e7b020,2022-06-03 11:21:00,059136e5-beb1-43f4-a3fe-9cc14dd0989b,500,37,537
9f816d53-03cc-4843-b1b7-3a48ec77637d,c94f282d-c27f-43b3-9a37-89551f87c760,2022-06-03 07:53:00,059136e5-beb1-43f4-a3fe-9cc14dd0989b,600,44,644
9403b20b-190f-4b3d-8b1e-d1695fa99159,223b2d25-636a-4e2e-af36-e18af1f6ede8,2022-06-03 11:16:00,059136e5-beb1-43f4-a3fe-9cc14dd0989b,1800,135,1935
00905e7f-97a1-45f8-8d20-7bc37881cec6,8031e143-2b42-4f78-ab00-4368a3dd4e0f,2022-06-03 12:31:00,059136e5-beb1-43f4-a3fe-9cc14dd0989b,400,30,430
cf2cd201-8723-4d07-a673-8ab6b2c941cc,01ebacae-f8e9-436f-8ae1-8a621be9f5e5,2022-06-03 12:01:00,059136e5-beb1-43f4-a3fe-9cc14dd0989b,1000,75,1075
13f2cf1e-5654-4f67-b48e-7a1b02c718aa,3096fdce-e3a2-4362-9436-618b55f584e1,2022-06-03 13:20:00,059136e5-beb1-43f4-a3fe-9cc14dd0989b,1800,135,1935
41cd7271-38ee-4bce-a76b-b108c2761260,c99be7e2-14e8-4887-a6a1-c3840ca440e4,2022-06-03 16:54:00,059136e5-beb1-43f4-a3fe-9cc14dd0989b,600,44,644
fb29bdd6-b807-4c6e-ba17-4766bc6453ec,1ead5dd0-3b9e-404d-80f2-7861e930f91c,2022-06-03 14:13:00,059136e5-beb1-43f4-a3fe-9cc14dd0989b,1800,135,1935
35fd9298-e944-4242-9e7e-e02ac3ad1957,aeffa343-3fd6-48bd-96c4-f0d427f3e16d,2022-06-03 13:43:00,059136e5-beb1-43f4-a3fe-9cc14dd0989b,500,37,537
edb3e192-41d1-4fee-bb71-683a900c1253,48a627c0-ee76-49ed-a973-831b71164cf6,2022-06-03 07:37:00,059136e5-beb1-43f4-a3fe-9cc14dd0989b,600,44,644
00893058-9f4e-4a88-9c64-54f7418a8d97,8437dbcc-d837-403b-93dd-6b6b89046f67,2022-06-03 07:12:00,059136e5-beb1-43f4-a3fe-9cc14dd0989b,600,44,644
d3600cdb-4853-4238-a224-a4b020c6e04f,b6b3e2f5-352e-401a-967f-e80b22835181,2022-06-03 08:22:00,059136e5-beb1-43f4-a3fe-9cc14dd0989b,500,37,537
2a2970be-38ac-40a5-8ccb-3f9a68c39f09,be772447-4e61-4f84-aaf4-1631d43476f6,2022-06-03 15:25:00,059136e5-beb1-43f4-a3fe-9cc14dd0989b,1900,142,2042
e48578f2-9a8b-465c-88b4-f2334ecae9ae,529aeb1a-d311-4a43-884e-e717d5e3cad0,2022-06-03 14:53:00,059136e5-beb1-43f4-a3fe-9cc14dd0989b,1800,135,1935
aa428b21-9fae-472b-a8cf-832813e7f8f2,1ec8de53-5406-46b5-b3c3-76641dbe8e17,2022-06-03 10:57:00,059136e5-beb1-43f4-a3fe-9cc14dd0989b,1600,120,1720
44eea2c9-d189-4b96-9efe-51387374d9d7,f7250eed-7b37-49f8-ad82-3b0b965d0120,2022-06-03 14:10:00,059136e5-beb1-43f4-a3fe-9cc14dd0989b,1600,120,1720
78d936dc-7d44-49b1-ad99-2339f4d233bf,9ed84a6c-24d1-4a91-91d7-7e3b9667fb75,2022-06-03 14:57:00,059136e5-beb1-43f4-a3fe-9cc14dd0989b,600,44,644
2243adba-9d6a-434c-b8e8-d4da95e65ef9,5c367221-1359-47c9-87cb-44b94201fe2d,2022-06-03 15:27:00,059136e5-beb1-43f4-a3fe-9cc14dd0989b,2000,150,2150
ad119d96-4491-4385-91f1-b9c527c82636,a733246c-0410-466a-bd38-18b2581844f8,2022-06-03 16:39:00,059136e5-beb1-43f4-a3fe-9cc14dd0989b,700,52,752
b85a6d80-00a0-43fa-a35c-ebd8fd04fcdc,96ebbc87-f9c3-4880-b19d-6b115c1d06a9,2022-06-03 13:17:00,059136e5-beb1-43f4-a3fe-9cc14dd0989b,1900,142,2042
c23c396f-a6dd-4876-ac56-408cb276f70e,95d94379-7e44-44b8-869c-b0c1a76573f9,2022-06-03 07:50:00,059136e5-beb1-43f4-a3fe-9cc14dd0989b,600,44,644
572e78f2-41dd-47f9-bfbf-81211f870d05,0a79873f-dfaf-4351-b871-82923dc405c3,2022-06-03 14:13:00,059136e5-beb1-43f4-a3fe-9cc14dd0989b,600,44,644
7d5e6c06-9a4d-4308-b215-76b4d4af6669,2753b71d-8872-4b48-8234-a6fc8ba92d23,2022-06-03 13:09:00,059136e5-beb1-43f4-a3fe-9cc14dd0989b,600,44,644
cbf0c903-78f8-4313-9302-9693fdca24d9,bf526f3f-3326-4dee-a147-afdb0b21f9d0,2022-06-03 07:32:00,059136e5-beb1-43f4-a3fe-9cc14dd0989b,600,44,644
daf71c82-e6c1-4a02-84d7-3b07be1d7a30,980904e6-1f3f-4d1c-9941-bf341f315e6e,2022-06-03 07:57:00,059136e5-beb1-43f4-a3fe-9cc14dd0989b,500,37,537
45deeb9c-99c3-42aa-a19b-f5e0552a32c1,61658487-1dbc-4dfc-bb5e-cc6862adf39a,2022-06-03 08:13:00,059136e5-beb1-43f4-a3fe-9cc14dd0989b,600,44,644
59b362fb-b263-4e1f-8272-9b8207daa178,35b0a6b4-27a7-4ce4-99e7-e6a4e3bc0deb,2022-06-03 13:12:00,059136e5-beb1-43f4-a3fe-9cc14dd0989b,0,0,0
4fe35f22-cca0-41ab-ab53-76dc3bc6d8b6,71febbc1-2d32-460b-adee-3fe28d05d862,2022-06-03 07:42:00,059136e5-beb1-43f4-a3fe-9cc14dd0989b,500,37,537
c9a7ee81-c713-4db7-9807-44ad0d7d15bd,1983b588-cc8c-4486-9324-15dde1e28b95,2022-06-03 07:12:00,059136e5-beb1-43f4-a3fe-9cc14dd0989b,600,44,644
10b298cf-40e5-4674-8d1d-84c1a5c35474,f9235efd-9086-44e7-9a3e-6690eacebd47,2022-06-03 08:09:00,059136e5-beb1-43f4-a3fe-9cc14dd0989b,600,44,644
d59d4dbe-fffa-4602-9826-776c34727294,b5cb4ced-80b0-42b7-aa05-6b3107491038,2022-06-03 08:45:00,059136e5-beb1-43f4-a3fe-9cc14dd0989b,500,37,537
5eb62d17-29e3-444c-baf5-f6bc3627bd7d,a3f5c8d9-09af-4512-a5a5-a334d3fba9f3,2022-06-03 18:43:00,059136e5-beb1-43f4-a3fe-9cc14dd0989b,400,30,430
9ae71359-dc6d-4a02-80b3-5e724bedf4a1,9f0a6984-4240-496d-89c0-001579285282,2022-06-03 09:03:00,059136e5-beb1-43f4-a3fe-9cc14dd0989b,2500,187,2687
bff669e2-ddac-43d7-a0ce-1323fb546839,9975d2cb-8b6a-4d55-9cd7-65b71f75b675,2022-06-03 08:04:00,059136e5-beb1-43f4-a3fe-9cc14dd0989b,600,44,644
9bcdc661-9b27-4fb0-ad1d-d805fa7787c0,1e93548e-a310-47d0-bb52-0b660deefca6,2022-06-03 12:20:00,059136e5-beb1-43f4-a3fe-9cc14dd0989b,2600,195,2795
56340045-c298-4655-a0a4-adcaf5ef857c,a3087371-9834-41e5-b616-5906186f66e7,2022-06-03 09:48:00,059136e5-beb1-43f4-a3fe-9cc14dd0989b,2800,210,3010
f15a1fcb-e0ca-4ebf-9341-24b58265b092,bc968d3f-f335-49c5-b7d1-a1c1b2c0df9d,2022-06-03 13:44:00,059136e5-beb1-43f4-a3fe-9cc14dd0989b,1800,135,1935
f8d13215-30a6-4f83-bcca-b172ea7bf7e2,1e221d26-6807-4370-b901-a5ac94702440,2022-06-03 13:48:00,059136e5-beb1-43f4-a3fe-9cc14dd0989b,800,60,860
27d4a0b3-ce84-4e90-9425-33370645c344,239b8d39-765a-472e-8b88-611bdc0e7812,2022-06-03 08:16:00,059136e5-beb1-43f4-a3fe-9cc14dd0989b,700,52,752
58e56ad2-64f0-49cb-b56c-c8f27ab2e587,6fcb3e33-b407-4fad-a95e-92178dcd8a34,2022-06-03 08:01:00,059136e5-beb1-43f4-a3fe-9cc14dd0989b,500,37,537
827be161-1aec-48bf-bbca-c7ef2474ba01,abd171a5-cb8f-42c7-9582-d8c49e9efa3c,2022-06-03 14:30:00,059136e5-beb1-43f4-a3fe-9cc14dd0989b,2600,195,2795
e7d406f8-f8c2-49e7-a0a9-4d9d169f65d1,8164d8c7-ed86-48e2-ba04-4b693a90a81a,2022-06-03 14:17:00,059136e5-beb1-43f4-a3fe-9cc14dd0989b,600,44,644
b2189891-68b2-49fc-adef-f1409ed7293b,ecb3a8a1-642b-4103-a093-12773210926e,2022-06-03 18:07:00,059136e5-beb1-43f4-a3fe-9cc14dd0989b,1800,135,1935
aa820058-04af-4c07-ad63-874272b72df4,04c195d4-4dc6-47ab-8951-45427e72b536,2022-06-03 08:30:00,059136e5-beb1-43f4-a3fe-9cc14dd0989b,400,30,430
760c2ee5-1c01-477e-9b20-428a36670bf8,3888e62f-5ebe-49cf-93e8-70e8eb32a0de,2022-06-03 09:02:00,059136e5-beb1-43f4-a3fe-9cc14dd0989b,500,37,537
6166711f-552c-4454-89a8-41b35c6e34fe,c085eeee-229f-4875-866c-4edc1617d158,2022-06-03 08:48:00,059136e5-beb1-43f4-a3fe-9cc14dd0989b,700,52,752
32883a35-ec1a-4467-a034-557dc70adc49,b99f585b-4ca3-44d8-ad60-fba8444d6a54,2022-06-03 15:07:00,b5941a70-cf63-407e-8c24-c979e7f61e45,400,16,416
9297207b-3796-4895-a369-789f1e9cf360,34e3fa3a-3e73-4d2a-bd8f-4aeb7d8b2231,2022-06-03 17:47:00,b5941a70-cf63-407e-8c24-c979e7f61e45,400,16,416
86e407de-7e89-4347-a77e-0f25704f86b1,07802969-246c-489b-9096-7642f0c1b45d,2022-06-03 15:16:00,b5941a70-cf63-407e-8c24-c979e7f61e45,600,24,624
9391834c-b8d5-49e7-a172-cc4d490fa74a,c1204cb7-2364-40d5-8a6b-d3c001faae6f,2022-06-03 07:42:00,b5941a70-cf63-407e-8c24-c979e7f61e45,700,28,728
ed6d4f0e-7973-416b-8948-abe68c9c0dd4,def6a9d5-036b-4315-998b-47908bc1c8ad,2022-06-03 09:34:00,b5941a70-cf63-407e-8c24-c979e7f61e45,400,16,416
38a4bb5c-c053-4eb8-9bb2-1774fd70b38c,b348e89f-677a-4d48-a58b-b4c9448f50a1,2022-06-03 07:42:00,b5941a70-cf63-407e-8c24-c979e7f61e45,500,20,520
0d2a96bb-50ed-4af7-8539-9a761a875a36,cfe678c2-234b-4b62-809d-8caee64e6323,2022-06-03 08:05:00,b5941a70-cf63-407e-8c24-c979e7f61e45,400,16,416
9a526b6c-4c2a-4d01-b0c3-19ecb3bad213,c736210a-434f-4b33-955c-6fdf5e35768c,2022-06-03 14:32:00,b5941a70-cf63-407e-8c24-c979e7f61e45,1500,60,1560
8a678463-eeea-4a2c-8186-1b27eb7a74cb,e4d7d41d-35a6-4e84-89d9-d475369a8b15,2022-06-03 10:43:00,b5941a70-cf63-407e-8c24-c979e7f61e45,1900,76,1976
6b0b5d67-87b2-4353-95ea-f87dd487ac27,af2bf82c-ea3d-4e9b-be5d-f79cf8707704,2022-06-03 13:34:00,b5941a70-cf63-407e-8c24-c979e7f61e45,3200,128,3328
ad110879-e486-4462-b097-6632f6683646,863da1ea-a81b-4946-b9d9-3194617e23d8,2022-06-03 13:04:00,b5941a70-cf63-407e-8c24-c979e7f61e45,2500,100,2600
9ed2e8d1-3dbf-494f-a464-90c27362652a,d3c03d2b-e214-4128-b959-7cbb00080b81,2022-06-03 09:04:00,b5941a70-cf63-407e-8c24-c979e7f61e45,500,20,520
178d971b-b234-498f-923e-c7a4a2c81bf8,e835ed2d-f124-4491-ac98-63c5d43f5b22,2022-06-03 08:04:00,b5941a70-cf63-407e-8c24-c979e7f61e45,600,24,624
73b7f074-102d-47b6-9b72-0597ca7326f9,84446a2a-0a45-4348-9c17-8317f660ad1d,2022-06-03 07:55:00,b5941a70-cf63-407e-8c24-c979e7f61e45,700,28,728
cb9e75aa-a4b0-4b4c-ab2a-009a1890077f,855ad166-da80-4dee-8c53-b239e364b074,2022-06-03 07:34:00,b5941a70-cf63-407e-8c24-c979e7f61e45,500,20,520
5b312312-c86e-4513-b66b-693e40797dc9,9f09c473-3854-4d8e-8123-09976c23a1b9,2022-06-03 08:00:00,b5941a70-cf63-407e-8c24-c979e7f61e45,700,28,728
e1a81e88-5a78-4e29-8290-85596dc8e16f,665a35f4-221f-4277-8334-627eacce41fd,2022-06-03 13:40:00,b5941a70-cf63-407e-8c24-c979e7f61e45,400,16,416
41c4b9d8-68d4-4101-972b-95a8bac1c7e0,bf200f85-febd-42c5-be55-f8285e5f92c1,2022-06-03 08:05:00,b5941a70-cf63-407e-8c24-c979e7f61e45,500,20,520
ee8fc715-8830-4337-b9b0-8100896cdbbe,783d638a-a73b-4d58-a792-5b07857366ef,2022-06-03 11:32:00,b5941a70-cf63-407e-8c24-c979e7f61e45,700,28,728
d522b929-f757-4abe-a612-5b46e3321586,9bc4dd2a-a233-4f6a-a56d-5855cf3ba908,2022-06-03 14:24:00,b5941a70-cf63-407e-8c24-c979e7f61e45,1500,60,1560
e69379be-0ab8-4e3a-a0ad-7144dfba6038,38e487ca-cf63-4a0a-a0ea-4eb06aa1c914,2022-06-03 12:04:00,b5941a70-cf63-407e-8c24-c979e7f61e45,1200,48,1248
0fd2581a-c110-4d24-90e0-8f94910dca95,1dc81d14-661d-4552-afc5-3ac554af03a8,2022-06-03 17:26:00,b5941a70-cf63-407e-8c24-c979e7f61e45,700,28,728
fe4b3cb2-1a38-46b1-a734-2f2bae687e62,3026827e-4594-4e12-9104-4393294a37c1,2022-06-03 09:09:00,b5941a70-cf63-407e-8c24-c979e7f61e45,700,28,728
34f6963f-5f7f-443e-aca6-51f26eea10f9,a52016eb-4b27-48c0-b3a0-f34fb0fc0ca8,2022-06-03 08:00:00,b5941a70-cf63-407e-8c24-c979e7f61e45,600,24,624
4b7b2574-3499-43c9-a672-b8fca776c4ba,49eeffff-dad6-4307-984c-99e7add468e3,2022-06-03 18:29:00,b5941a70-cf63-407e-8c24-c979e7f61e45,1700,68,1768
074f326a-f9c6-4605-9d77-5857799d5c83,b634ac19-b773-47fa-9bea-3e85ba225eab,2022-06-03 14:01:00,b5941a70-cf63-407e-8c24-c979e7f61e45,700,28,728
e6eca39d-7034-4051-9c7f-53bfd4a3cabb,5f9d6e13-18b2-47d0-8f5d-6acc5cdf4a27,2022-06-03 08:08:00,b5941a70-cf63-407e-8c24-c979e7f61e45,400,16,416
52d60d13-926f-4315-b8a8-8f2975867115,6555ae72-a22c-4480-a4e6-26cee8a445be,2022-06-03 12:12:00,b5941a70-cf63-407e-8c24-c979e7f61e45,700,28,728
c4ec55f8-a606-4b03-9d9e-bba987953790,89bb868a-8886-49a5-aa72-5e3a25626304,2022-06-03 09:31:00,b5941a70-cf63-407e-8c24-c979e7f61e45,400,16,416
6003e2fb-c9bf-46e7-ad60-783108dfd44e,d77e9950-184e-411c-b78a-a5d36b2bdd7b,2022-06-03 11:46:00,b5941a70-cf63-407e-8c24-c979e7f61e45,600,24,624
401ff260-c3d2-4f1b-b712-97f53d4d9b63,5bdef59a-94a7-4f55-a527-34a14a8ddcd4,2022-06-03 10:50:00,b5941a70-cf63-407e-8c24-c979e7f61e45,400,16,416
d24b3593-b66b-4b88-81ae-5cbb9c42585a,7ce0aab9-aea5-4b2d-9d51-2bb242a7386b,2022-06-03 16:48:00,b5941a70-cf63-407e-8c24-c979e7f61e45,500,20,520
c4870175-b94c-404a-bcbf-1b8c2953510b,810f2190-c36f-4061-be67-f071ea5b49f9,2022-06-03 07:38:00,b5941a70-cf63-407e-8c24-c979e7f61e45,700,28,728
3eeba828-db35-4827-94a9-aa29dac91296,13bed8da-2e02-4e0b-8258-df34a7c2d850,2022-06-03 14:53:00,b5941a70-cf63-407e-8c24-c979e7f61e45,2400,96,2496
354b0144-1c7e-42cc-b23d-a637d6c4866f,a9a9ae60-fe0f-401e-ba74-89076abb8301,2022-06-03 07:04:00,b5941a70-cf63-407e-8c24-c979e7f61e45,1700,68,1768
c90bc5a7-621e-4237-9cd3-16925f3c4246,58661011-90b9-46de-a9c1-8e1f17803683,2022-06-03 08:22:00,b5941a70-cf63-407e-8c24-c979e7f61e45,600,24,624
4ffffb60-3c17-4ee2-bcef-0e3c7e8cca92,0cc54e37-2408-4b86-9b5e-307919784f57,2022-06-03 18:28:00,b5941a70-cf63-407e-8c24-c979e7f61e45,1600,64,1664
f861ab1a-7441-41b0-9824-97bde401c6c4,82c401a8-0323-4d08-ac5c-94d255bbf98f,2022-06-03 08:10:00,b5941a70-cf63-407e-8c24-c979e7f61e45,600,24,624
ed63c12f-0fc1-4240-9511-6d60400f4810,57542780-7d0d-4011-a4c6-2130ee9171eb,2022-06-03 17:57:00,b5941a70-cf63-407e-8c24-c979e7f61e45,500,20,520
7f7d5300-d1bc-410f-94b8-28fb1e1174e7,59c58e4f-9f02-4032-8725-a11f99244dd1,2022-06-03 13:03:00,b5941a70-cf63-407e-8c24-c979e7f61e45,1200,48,1248
d38f8826-fe71-4edc-8dcb-fff7a2bcbbcc,3edc512f-6a6e-47a4-8b78-d15efb3b5e04,2022-06-03 08:14:00,b5941a70-cf63-407e-8c24-c979e7f61e45,600,24,624
63220e87-3000-4772-9668-b4a55dfcef12,c7c559d5-03ff-4091-8ad8-9a0334051778,2022-06-03 13:09:00,b5941a70-cf63-407e-8c24-c979e7f61e45,400,16,416
6721616e-f57a-4fa9-bb30-c2c3af9ea5fe,8c5fa099-c06b-40f4-89d4-8cf99468b397,2022-06-03 08:01:00,b5941a70-cf63-407e-8c24-c979e7f61e45,600,24,624
42979332-631a-45fa-9a51-0e18b87cbeb2,cf9d7199-1173-46cf-9a15-c3bbca414e26,2022-06-03 17:48:00,b5941a70-cf63-407e-8c24-c979e7f61e45,1700,68,1768
128fafaf-9ecd-4556-93ec-c4d0e8affe7e,e16637ca-b05a-4c31-a176-d2419ec2e18a,2022-06-03 17:58:00,b5941a70-cf63-407e-8c24-c979e7f61e45,1700,68,1768
822aa155-e14f-4cef-aec9-f0f3fe9fab1d,2babb6b1-3132-4f19-9f73-1ffc0feb4354,2022-06-03 09:13:00,b5941a70-cf63-407e-8c24-c979e7f61e45,4300,172,4472
7de70f24-6cb9-48f1-8e6b-7161cd9df8f3,596caac8-7411-4225-9b52-3a11d72f2653,2022-06-03 08:09:00,b5941a70-cf63-407e-8c24-c979e7f61e45,400,16,416
3b020e8d-d8fb-4982-b462-fb794b8f3120,20d3c912-c56f-4e52-81f5-0270797ca85a,2022-06-03 11:24:00,b5941a70-cf63-407e-8c24-c979e7f61e45,600,24,624
255e7adf-5bbf-4bbc-a8e3-09ffb6a97034,a539224e-6827-4978-a90a-98965dc8bf1a,2022-06-03 15:14:00,b5941a70-cf63-407e-8c24-c979e7f61e45,500,20,520
d03768e9-e3bc-4984-b53f-5abeee3f532e,b5e4f088-535a-4d1a-9dfc-1f0f1a5bbb31,2022-06-03 16:31:00,b5941a70-cf63-407e-8c24-c979e7f61e45,600,24,624
3545f638-6379-4dc3-905c-2f1c7cf25027,612ba113-a667-4f6c-88ff-4719d9b8bd6d,2022-06-03 07:25:00,b5941a70-cf63-407e-8c24-c979e7f61e45,400,16,416
8adf25b5-d180-457c-9d5a-f87fd074baa4,d2e1ff33-c440-48ba-bdf6-644644ae2ec5,2022-06-03 16:39:00,b5941a70-cf63-407e-8c24-c979e7f61e45,1000,40,1040
317b3f0d-f129-4134-9e85-fedbd908af60,2e5a7c29-d023-4b29-bd40-b25b4959d544,2022-06-03 11:00:00,b5941a70-cf63-407e-8c24-c979e7f61e45,1200,48,1248
be053114-7080-4cf2-bf51-ca6c51ee9445,4eb25e8b-f2da-4daf-89c8-26ee5427b154,2022-06-03 11:23:00,b5941a70-cf63-407e-8c24-c979e7f61e45,1100,44,1144
d7d31328-ed74-4bd3-9430-60fbff773892,d2506204-6b5b-4bef-bae3-9c5a699459d4,2022-06-03 14:26:00,b5941a70-cf63-407e-8c24-c979e7f61e45,700,28,728
dbfd3a06-44f2-48f2-9967-f01454ea0b41,bf8dfc01-63c1-4fad-bc87-f235d190076e,2022-06-03 07:54:00,b5941a70-cf63-407e-8c24-c979e7f61e45,400,16,416
f5fc6104-aa40-4f1d-8c82-708109cb902a,d67db81a-4d2e-4a5a-a1e1-70e3b973dad8,2022-06-03 08:03:00,b5941a70-cf63-407e-8c24-c979e7f61e45,500,20,520
8e8006cd-747c-41b7-8b5f-ea5474c4ee1d,99b17443-411b-490a-a48e-a04b3366df95,2022-06-03 07:00:00,b5941a70-cf63-407e-8c24-c979e7f61e45,600,24,624
1f925496-79ff-4e5f-9387-3b06e2ba944f,0dbe6d07-7913-408a-94b4-8f22812b02b7,2022-06-03 18:49:00,b5941a70-cf63-407e-8c24-c979e7f61e45,1600,64,1664
475e9de8-6b54-46fc-977c-f58033397e8b,92426ac9-fb06-489a-b934-4d0a34e875a2,2022-06-03 19:21:00,b5941a70-cf63-407e-8c24-c979e7f61e45,2000,80,2080
6dfa4536-e984-43f1-bbf3-91f341420b5f,99b32ca4-6c29-4f95-86a4-210f753a423e,2022-06-03 08:36:00,b5941a70-cf63-407e-8c24-c979e7f61e45,600,24,624
87dca6b7-b096-47c4-ac3b-8ffdd62b5f64,67a854b8-54c7-40ee-b9f9-e7b0f261bbb1,2022-06-03 10:10:00,b5941a70-cf63-407e-8c24-c979e7f61e45,600,24,624
a7eac7c2-cc37-46ed-a4bb-81b4eefe8a5f,c3faf033-87ae-476c-972d-033dc9c309b3,2022-06-03 08:18:00,b5941a70-cf63-407e-8c24-c979e7f61e45,400,16,416
488553fd-2fae-439f-8a29-da98527eee51,5e14a984-de53-4d21-b00c-905bad5e3292,2022-06-03 09:56:00,b5941a70-cf63-407e-8c24-c979e7f61e45,1800,72,1872
e55b90ad-e026-48c8-aada-8abf4b3ec801,a5aa723a-1b47-4aad-9428-6a1375022eef,2022-06-03 16:04:00,b5941a70-cf63-407e-8c24-c979e7f61e45,400,16,416
ce9cbe3f-1012-46dc-8754-e3279365719f,c95036c7-b205-4c9e-b14f-2d009d5d0c76,2022-06-03 16:59:00,b5941a70-cf63-407e-8c24-c979e7f61e45,1000,40,1040
c197fef3-a998-4451-82eb-6d2b94e50e38,cf5542a6-e935-4ac0-83e2-0c9ff00c5ed6,2022-06-03 08:16:00,b5941a70-cf63-407e-8c24-c979e7f61e45,700,28,728
f125a9a7-c801-49f7-a6fc-538bd06a8794,d63b84b0-56cb-4bde-839a-9678e773fa7c,2022-06-03 17:07:00,b5941a70-cf63-407e-8c24-c979e7f61e45,600,24,624
c10d186f-b0d2-42bd-9814-375a2300f6f7,34cb0169-3ac1-4245-9231-04033d687345,2022-06-03 14:25:00,b5941a70-cf63-407e-8c24-c979e7f61e45,1600,64,1664
e6745c70-ba61-4a91-a392-32c4a5bcce5a,ac8f873e-ffa7-42bf-9f3a-11d00e4c98e1,2022-06-03 12:45:00,b5941a70-cf63-407e-8c24-c979e7f61e45,600,24,624
4776acfb-5cda-4d14-8df6-dd0b93553411,dd84de96-1d22-4cc4-a92d-64c9cd3e7d1d,2022-06-03 08:26:00,b5941a70-cf63-407e-8c24-c979e7f61e45,500,20,520
6c917915-0a8b-482a-af6c-3106523764d8,dc2823ec-0bc9-4530-9ff3-eccb8e52587a,2022-06-03 07:44:00,b5941a70-cf63-407e-8c24-c979e7f61e45,600,24,624
1bed18c1-dd06-45d4-9891-20be45c39ce3,1bb7c24c-4831-468b-bef3-93d9c1ac3849,2022-06-03 15:41:00,b5941a70-cf63-407e-8c24-c979e7f61e45,700,28,728
112592c7-e7c9-4909-a4f6-422cbac71cbc,a493497f-f0cb-4f9d-84b6-4a09288e870d,2022-06-03 17:17:00,b5941a70-cf63-407e-8c24-c979e7f61e45,1500,60,1560
418e1d47-dcb3-4625-b11c-047a8c8c3ba6,74b71a0a-315f-4552-9f83-00256329c614,2022-06-03 15:20:00,b5941a70-cf63-407e-8c24-c979e7f61e45,1000,40,1040
3c5686a4-ac20-405b-82e6-5dd0bf08021b,c32286df-cafb-4e3d-b0b6-bf0fff1f4f0f,2022-06-03 08:26:00,b5941a70-cf63-407e-8c24-c979e7f61e45,600,24,624
b6e706d7-92cf-4d51-a552-f2134eb1e4f4,475da3ae-e2eb-4a82-899f-a4d48f805e0e,2022-06-03 07:12:00,b5941a70-cf63-407e-8c24-c979e7f61e45,400,16,416
058639fd-ef90-48f7-aabe-bc942ae1494f,c797a15c-8e33-48e1-a362-afd706f8cbaa,2022-06-03 14:08:00,b5941a70-cf63-407e-8c24-c979e7f61e45,500,20,520
0c4f0289-c3ff-4d56-a50a-cbf0f7aaf243,dea4bee6-4b99-475c-98f3-d45fa666d228,2022-06-03 08:23:00,b5941a70-cf63-407e-8c24-c979e7f61e45,500,20,520
073c74f8-83cd-4022-a76a-da7b122570e8,a443515b-c5ea-4400-a9b4-1618a5764390,2022-06-03 13:59:00,b5941a70-cf63-407e-8c24-c979e7f61e45,600,24,624
befb5209-450c-4ded-a75d-104ea425e4e4,fb19d959-ff98-44ce-9265-c57eb1f19b1b,2022-06-03 08:08:00,b5941a70-cf63-407e-8c24-c979e7f61e45,600,24,624
945e9ad3-b8f3-4c16-bcb6-d8176dda711d,5014751e-3349-4a92-8345-60743b1f057f,2022-06-03 09:03:00,b5941a70-cf63-407e-8c24-c979e7f61e45,600,24,624
5a03d025-ff74-491a-a277-7e7e6649b573,a2a1225b-f682-44c7-a2fe-66bf11875462,2022-06-03 14:39:00,b5941a70-cf63-407e-8c24-c979e7f61e45,500,20,520
0e75dc69-9ad4-4155-918c-d2763fa1a7f0,18f2f19f-5893-49ed-94d6-e0ff3e31fdbc,2022-06-03 15:49:00,b5941a70-cf63-407e-8c24-c979e7f61e45,500,20,520
e6377daf-dfd5-45d3-ad3b-1a67b8a57bb6,64ab2edd-3638-4512-8637-f5b092e70b12,2022-06-03 10:16:00,b5941a70-cf63-407e-8c24-c979e7f61e45,1300,52,1352
c56eb30c-f18c-40ed-9e40-37c1d359e5bf,2a0619ff-f171-4f1c-ae52-f1154c40b924,2022-06-03 10:08:00,b5941a70-cf63-407e-8c24-c979e7f61e45,1400,56,1456
c57d0ea5-d631-4553-8e10-3cc99e5dbe1d,eea76b70-f6e9-4d1d-8969-112cf1bede15,2022-06-03 07:59:00,b5941a70-cf63-407e-8c24-c979e7f61e45,700,28,728
e1010ee9-fe21-424f-a275-b3a94deb1126,de2c905c-62ed-4d9f-bf34-2d7c90034c4c,2022-06-03 13:56:00,b5941a70-cf63-407e-8c24-c979e7f61e45,400,16,416
88fb4b4c-aedc-4f3e-8d28-bd29983afbb1,78f8bb3f-1498-4095-b11b-a9c643056197,2022-06-03 08:05:00,b5941a70-cf63-407e-8c24-c979e7f61e45,400,16,416
35293f34-4eb9-4f52-a650-91b9362f9bfe,ade7a602-ff8c-44e4-a906-b65fa89e2cf9,2022-06-03 13:58:00,b5941a70-cf63-407e-8c24-c979e7f61e45,600,24,624
e1565fe3-1450-446c-bb8c-efd69e8b350c,45772ecd-ec76-4928-9f56-9853b21d12fd,2022-06-03 16:39:00,b5941a70-cf63-407e-8c24-c979e7f61e45,700,28,728
966df5fb-39ee-4f20-a1d2-d9278a9f615d,3ac82e2d-4337-43f2-852f-933842baca7a,2022-06-03 12:51:00,b5941a70-cf63-407e-8c24-c979e7f61e45,600,24,624
f9f18e4f-950d-4289-95b2-ab8ef339adfd,2de13ec9-859e-41d0-bda4-b848cf153f54,2022-06-03 16:41:00,b5941a70-cf63-407e-8c24-c979e7f61e45,400,16,416
cf43aea6-dab1-4f44-a53f-536cc58351a2,64ae60bd-9702-4342-8766-2996c32f2161,2022-06-03 08:13:00,b5941a70-cf63-407e-8c24-c979e7f61e45,700,28,728
ad537577-d2a3-4bcd-8f54-72c334f46554,dab67da9-65e8-4fde-ab3d-3370cdb5a9a3,2022-06-03 07:18:00,b5941a70-cf63-407e-8c24-c979e7f61e45,600,24,624
9eee5b06-f183-409f-8b29-031e9da720e1,33f1d392-7275-48b2-a60d-cdff021d282e,2022-06-03 15:01:00,b5941a70-cf63-407e-8c24-c979e7f61e45,700,28,728
0c8ddf0d-0184-4357-979d-833fe4b14b3a,0d412b28-b5a1-4cea-a1f5-869ea07f821d,2022-06-03 08:09:00,b5941a70-cf63-407e-8c24-c979e7f61e45,600,24,624
bb96683f-c2c9-4785-9f1e-64f936dddfe7,a2d5c680-5dfa-4c55-8a64-5f2353ac92e9,2022-06-03 07:42:00,b5941a70-cf63-407e-8c24-c979e7f61e45,600,24,624
a5519d84-ba08-4906-ba36-7cf0a8890870,96a0e34a-c91b-43c3-a6b7-c87030bc1171,2022-06-03 19:44:00,b5941a70-cf63-407e-8c24-c979e7f61e45,700,28,728
50bf923d-4928-42bd-9fcf-8a20b5ce49f7,bb93c5a0-2544-4151-b8e0-8d22fb4b6c8d,2022-06-03 07:56:00,b5941a70-cf63-407e-8c24-c979e7f61e45,700,28,728
0c2f61e8-7253-4bc0-8912-c1dad59c43bb,1623a070-caac-4de1-be52-23974b2f1806,2022-06-03 08:12:00,b5941a70-cf63-407e-8c24-c979e7f61e45,700,28,728
cd172f8f-d528-4a99-b2dd-a70628a0d6db,c2cff44b-8573-42be-b3e3-d2deb524c228,2022-06-03 08:18:00,b5941a70-cf63-407e-8c24-c979e7f61e45,700,28,728
cdf8371f-38ca-4e7e-be33-f4fd318a1bd8,9b5611f7-2998-4617-a471-2a797e4403d5,2022-06-03 07:59:00,b5941a70-cf63-407e-8c24-c979e7f61e45,500,20,520
9d3f95f4-ed0e-495d-aa65-c87b6c712842,425df887-0eb3-4c9d-bc2d-7f0a38912f14,2022-06-03 16:50:00,b5941a70-cf63-407e-8c24-c979e7f61e45,700,28,728
edc54254-1b91-4d8d-a981-1373f713cc6f,aab76d2f-7bb6-40df-9caf-5bb0239d9be0,2022-06-03 15:03:00,b5941a70-cf63-407e-8c24-c979e7f61e45,500,20,520
c0178a61-b097-426c-9696-dae99054f326,56f5e8d6-f6fa-42d4-b15c-284e8707dbce,2022-06-03 16:17:00,b5941a70-cf63-407e-8c24-c979e7f61e45,1800,72,1872
f183e057-cdb1-4a60-a80c-f03719cdb024,936d1ff6-3e00-4b99-8b1b-239b29bdf6a7,2022-06-03 13:22:00,b5941a70-cf63-407e-8c24-c979e7f61e45,700,28,728
2b1b969a-7911-42d3-bb03-a29e9082974d,d7fb7e89-b4b9-4504-ba2a-2e421619e418,2022-06-03 19:36:00,b5941a70-cf63-407e-8c24-c979e7f61e45,1600,64,1664
573c818b-ed86-46e3-9a08-2e7e4cf9ea29,a82943c5-b4ac-4c71-9f38-f62a5fe68928,2022-06-03 10:19:00,b5941a70-cf63-407e-8c24-c979e7f61e45,3000,120,3120
c0072c4f-2407-430f-afbc-e287450659ad,9ecb6f7d-bfec-4f50-b3d6-0f49ead22191,2022-06-03 12:02:00,b5941a70-cf63-407e-8c24-c979e7f61e45,600,24,624
eb270047-bea8-424e-8dbf-9a52111f99f8,3f442476-f77e-4e32-b935-aec1f3c4f788,2022-06-03 12:15:00,b5941a70-cf63-407e-8c24-c979e7f61e45,600,24,624
bf7e5d0f-6366-4a94-90c1-bcc46ea5b3d6,347aaca0-4db6-4e60-ad89-2b61a4032cd6,2022-06-03 07:42:00,b5941a70-cf63-407e-8c24-c979e7f61e45,400,16,416
a5fcbe64-b47b-4b29-8e35-17d0b1a7a31f,8d1bb153-3cbc-4d4c-8bb1-542dea3e3ac7,2022-06-03 14:40:00,b5941a70-cf63-407e-8c24-c979e7f61e45,1900,76,1976
d2d75cae-8155-4b4b-aa5c-4b51d57bae67,4e60a0e2-e696-4be5-ad3c-a536ff945f36,2022-06-03 13:37:00,b5941a70-cf63-407e-8c24-c979e7f61e45,4700,188,4888
431220df-f57f-4aa6-b83f-ae4ed014bace,84dfa460-b42f-4d62-86a7-14fc86267d3f,2022-06-03 08:23:00,b5941a70-cf63-407e-8c24-c979e7f61e45,600,24,624
5658f061-99b1-4683-8839-2d5f09950a64,7a63a3e0-4487-4e17-9764-5d10e4b61b1d,2022-06-03 17:24:00,b5941a70-cf63-407e-8c24-c979e7f61e45,600,24,624
7e0ab145-bc76-4471-8a28-7e5269253b51,cee21671-06de-4819-8862-21cc56c74858,2022-06-03 13:01:00,b5941a70-cf63-407e-8c24-c979e7f61e45,700,28,728
f272852e-85b8-424b-848b-34ee3e9412de,deb2aaa1-a28d-4c98-aa82-8908b5c5704a,2022-06-03 07:56:00,b5941a70-cf63-407e-8c24-c979e7f61e45,600,24,624
8ebb9508-1ca4-40c7-bdf6-c29a44ffd8f4,c1f1aec3-4baa-4122-85ab-2e030e48d90b,2022-06-03 11:11:00,b5941a70-cf63-407e-8c24-c979e7f61e45,700,28,728
bc31d0a9-c3d1-401a-9680-a5ad618340a3,c2ad7787-dfe9-4b11-b2ce-bf30b5f3687d,2022-06-03 09:21:00,b5941a70-cf63-407e-8c24-c979e7f61e45,500,20,520
7fa89a1e-a03c-4c02-a695-7f493743602e,dc5e8e7f-8d11-4bdc-91f5-9e0a2d3c9ad3,2022-06-03 07:16:00,b5941a70-cf63-407e-8c24-c979e7f61e45,400,16,416
5dba2a4c-fb2f-4554-998b-6520266382c8,5c652666-a538-4cba-8ced-42f0076f90f2,2022-06-03 08:34:00,b5941a70-cf63-407e-8c24-c979e7f61e45,600,24,624
b4e20c21-65e1-42de-9eb3-d0a23638637c,b1319ef3-0643-4d00-acbd-def7acaa1d88,2022-06-03 14:44:00,b5941a70-cf63-407e-8c24-c979e7f61e45,1900,76,1976
83a2e41c-c932-4c47-8360-09718a0b1806,d780399f-ddd5-43dd-9016-4b8fde6102f6,2022-06-03 08:35:00,b5941a70-cf63-407e-8c24-c979e7f61e45,700,28,728
799adbb8-2c15-4df8-8e10-c4fe32109001,4fcc3308-9e40-4b9c-ba8b-1dd327c6d92b,2022-06-03 09:06:00,b5941a70-cf63-407e-8c24-c979e7f61e45,600,24,624
8805622d-c98b-4596-834f-36ce931564bc,d48775a5-8b7b-44fb-8c0f-dbbee9df0097,2022-06-03 08:30:00,b5941a70-cf63-407e-8c24-c979e7f61e45,500,20,520
edf3b0d8-8383-409d-aeba-f5b238f8c48a,dfa74ab3-c15a-4bbd-97b8-ed1ae9e4567f,2022-06-03 17:04:00,b5941a70-cf63-407e-8c24-c979e7f61e45,500,20,520
591a0aa7-af73-41fa-a84c-fef12f5fad4b,2f6af405-d569-4a59-bb5c-4a6e120317d8,2022-06-03 08:35:00,b5941a70-cf63-407e-8c24-c979e7f61e45,600,24,624
9da236af-145a-4fc7-a053-b749b3db61f9,09ff8664-87e2-4157-9c0e-8ce35842860d,2022-06-03 08:31:00,b5941a70-cf63-407e-8c24-c979e7f61e45,400,16,416
3bd4a196-7ebd-4dc7-98fa-26a126a37c71,52dae94e-c555-46f4-90ce-330eef13c0f9,2022-06-03 07:00:00,b5941a70-cf63-407e-8c24-c979e7f61e45,700,28,728
15eca074-828e-4a7b-a7b9-20add13bc552,57c6c2b0-e2f9-402c-bcf4-0d3c52cd16c8,2022-06-03 07:18:00,b5941a70-cf63-407e-8c24-c979e7f61e45,700,28,728
9bb9eb37-894f-4fbe-be55-896af0d05fb3,157e3e8b-d51a-47bc-a86d-07a1fd743c84,2022-06-03 08:37:00,b5941a70-cf63-407e-8c24-c979e7f61e45,500,20,520
fb1aef96-63e4-47d9-994e-4557c0f91dca,570253ab-523e-4653-ab6e-34ece733b11c,2022-06-03 12:46:00,b5941a70-cf63-407e-8c24-c979e7f61e45,700,28,728
385e9e9d-932f-477d-8cfb-9142317a97ac,220ce8d0-aa81-4e3e-ab19-72030bbc4861,2022-06-03 17:57:00,b5941a70-cf63-407e-8c24-c979e7f61e45,1800,72,1872
16d99b0e-a063-4fb2-84c5-8e396f8cfa6f,e05f0150-7ec1-4c59-8a6a-d2d29675b858,2022-06-03 12:15:00,b5941a70-cf63-407e-8c24-c979e7f61e45,700,28,728
213981d9-a2df-4bd3-8528-f18bc0aa8716,96644abe-2cf5-4106-9ac1-bdfb88e3fa95,2022-06-03 15:28:00,b5941a70-cf63-407e-8c24-c979e7f61e45,900,36,936
c7fee8fe-55d6-4a65-b8e8-6a96bb789e11,567dfb44-437c-405b-b2ef-0d1f10f47c9d,2022-06-03 08:12:00,b5941a70-cf63-407e-8c24-c979e7f61e45,600,24,624
610e5933-f55f-4e1b-a18e-508363691669,4c2dc37a-9410-478a-a21d-475514057fac,2022-06-03 09:48:00,b5941a70-cf63-407e-8c24-c979e7f61e45,0,0,0
e7086551-57c2-4db3-a7d7-b852f6bb1f86,0036c498-6d2c-40fb-af0f-92432b8718bf,2022-06-03 08:05:00,b5941a70-cf63-407e-8c24-c979e7f61e45,500,20,520
7024ba9c-c917-40b0-b5d7-07df99484cdf,4fa84c10-1eeb-4d1e-a0eb-a9cad5d3857a,2022-06-03 12:58:00,b5941a70-cf63-407e-8c24-c979e7f61e45,1600,64,1664
a1fc0375-3d11-45a3-b31f-79de17409b08,85ebb880-ebb4-472b-ab66-1dabc11c201a,2022-06-03 09:54:00,b5941a70-cf63-407e-8c24-c979e7f61e45,500,20,520
eeb14d94-3004-4ade-a1cb-89a3cccb829e,13984d5f-4868-4031-8a3b-7240b963cd41,2022-06-03 08:21:00,b5941a70-cf63-407e-8c24-c979e7f61e45,600,24,624
50cbff8e-2814-497c-abc5-56c4aa785037,c75adf32-8908-4fab-a877-132b9cb25d69,2022-06-03 12:08:00,b5941a70-cf63-407e-8c24-c979e7f61e45,400,16,416
d172af35-b2ff-448b-9ca5-8e916cf0cf5a,cb93d5ec-4d83-458a-9601-f3b8982e5faa,2022-06-03 08:38:00,b5941a70-cf63-407e-8c24-c979e7f61e45,700,28,728
ddb7d18d-fda6-43ee-a930-d7b98be3a451,b96c7b5b-b61d-4e7e-94b9-4532a2eaabd2,2022-06-03 13:34:00,b5941a70-cf63-407e-8c24-c979e7f61e45,400,16,416
ff7b0421-ecdf-40cc-ab09-de09bc629269,5df63f2e-723a-455f-83d3-d3918002449b,2022-06-03 08:45:00,b5941a70-cf63-407e-8c24-c979e7f61e45,600,24,624
8da15f57-3f4c-4f4d-9643-5ded9d26c900,1123f62c-d5c5-4236-a758-c04dd3d967b9,2022-06-03 14:16:00,b5941a70-cf63-407e-8c24-c979e7f61e45,600,24,624
17ca783f-f7c5-4f92-bec0-4e3eeb0ca903,88ccbcfa-ed30-47c5-bbf4-0bef6725123b,2022-06-03 10:28:00,b5941a70-cf63-407e-8c24-c979e7f61e45,700,28,728
cde509a7-ae24-4d60-bcdf-5fbf06bcab23,186a4f42-32f6-456d-922d-b2d8c2a9d0bd,2022-06-03 10:08:00,b5941a70-cf63-407e-8c24-c979e7f61e45,600,24,624
5423a40b-ea81-4356-b4e8-f64f56a6dc3f,bcfc514d-c182-42a0-b84e-de154eac94c1,2022-06-03 08:22:00,b5941a70-cf63-407e-8c24-c979e7f61e45,600,24,624
2d765b90-02b4-4d39-ae4c-d2bc8d6fb5bd,8c28837e-8305-429a-be35-17afd80d2dff,2022-06-03 12:08:00,b5941a70-cf63-407e-8c24-c979e7f61e45,2800,112,2912
72859d25-4a16-418b-83ee-6567f3ab2e6d,4674f5f5-c650-47e0-9055-f8e8b304dd58,2022-06-03 14:26:00,b5941a70-cf63-407e-8c24-c979e7f61e45,1200,48,1248
2e039e62-48e4-4f53-8cc4-89c595ad4012,3f396eff-3b67-454d-a783-e6306bf440e8,2022-06-03 14:52:00,b5941a70-cf63-407e-8c24-c979e7f61e45,1700,68,1768
cc0ab940-445b-47ec-9f63-9e2470586c97,5809f003-2708-420f-bcea-034ef0c1ca3c,2022-06-03 13:32:00,b5941a70-cf63-407e-8c24-c979e7f61e45,1900,76,1976
b336c914-8e69-40ce-a54e-71a46e9832a2,0127f387-2025-4b20-95b4-c7fdfdc08887,2022-06-03 13:42:00,b5941a70-cf63-407e-8c24-c979e7f61e45,900,36,936
1e7d185f-cca1-4aff-ad49-3adfc88e8740,c9193ac6-0dbf-45a7-ab09-d2dbcb8e3cbf,2022-06-03 13:31:00,b5941a70-cf63-407e-8c24-c979e7f61e45,400,16,416
4863fc44-73d2-41c7-9a20-0b0d827e5822,a38f7258-c871-49d4-89e1-f535dcb60dc3,2022-06-03 14:20:00,b5941a70-cf63-407e-8c24-c979e7f61e45,700,28,728
d4703280-7a4c-478b-9671-276f97a4abe8,ef6ca526-c8a8-4f4f-ba8c-9cf1bd514d0e,2022-06-03 07:48:00,b5941a70-cf63-407e-8c24-c979e7f61e45,0,0,0
27c3191b-675b-47fa-93f4-a3bdf55c26b9,e972e2ef-2344-47cb-91fc-b6e1b2f82ac9,2022-06-03 13:24:00,b5941a70-cf63-407e-8c24-c979e7f61e45,500,20,520
0b0840af-76e2-47e5-bbe1-42e09de5e907,310540d1-8503-4470-8f4b-81ccd6135a4a,2022-06-03 08:03:00,b5941a70-cf63-407e-8c24-c979e7f61e45,600,24,624
1dc29858-c268-4380-a314-437e7de0dabd,9331e60b-99c8-461f-90eb-9ddf96020fa5,2022-06-03 11:14:00,b5941a70-cf63-407e-8c24-c979e7f61e45,500,20,520
d38221bb-6a82-456c-b0a8-e6dfca91fe8d,9cabb6de-db70-4794-a40c-57d0be0c639c,2022-06-03 07:58:00,b5941a70-cf63-407e-8c24-c979e7f61e45,600,24,624
964b3697-863f-4a94-8d68-ca0ccd9476ac,23b40fa9-2c00-4076-beb3-52cc40ebecb9,2022-06-03 07:40:00,b5941a70-cf63-407e-8c24-c979e7f61e45,500,20,520
9577a68e-19a6-47a4-8630-e78d3895b991,afe8270b-5329-4218-a4c8-e6832a92afd8,2022-06-03 09:21:00,b5941a70-cf63-407e-8c24-c979e7f61e45,600,24,624
f2ecc08a-2694-4a3e-b59f-1a07272c57a0,125ca5d7-df9a-4025-91b8-e0f428d43068,2022-06-03 14:08:00,b5941a70-cf63-407e-8c24-c979e7f61e45,700,28,728
db574695-4033-49e6-a5c2-e51d960a790d,49b9328f-15ce-4610-b926-f7455687982f,2022-06-03 08:23:00,b5941a70-cf63-407e-8c24-c979e7f61e45,500,20,520
a04907c9-964c-4af4-a73b-4e80cb4645df,01b06b2c-1ad5-4112-a37a-61ebdeb7236d,2022-06-03 08:15:00,b5941a70-cf63-407e-8c24-c979e7f61e45,600,24,624
16695384-5ae4-449d-b4c9-05d0f4ae1c35,0f4b96f1-0b6f-45ab-929b-98c3e847436f,2022-06-03 12:02:00,b5941a70-cf63-407e-8c24-c979e7f61e45,700,28,728
f151e7c7-921c-4bdf-9d70-d835cbe5ccd1,afcec46d-e1b4-4419-bf05-9316e3dde336,2022-06-03 08:06:00,b5941a70-cf63-407e-8c24-c979e7f61e45,700,28,728
318745fe-c4a4-4a86-9544-840abca5ac78,58251ac9-f1f8-459a-afc2-e12577112356,2022-06-03 07:56:00,b5941a70-cf63-407e-8c24-c979e7f61e45,600,24,624
6f6dd31f-72f7-40af-836e-6b6080c93f82,06fb745a-ae90-4cba-a02e-f293ee607c51,2022-06-03 15:54:00,b5941a70-cf63-407e-8c24-c979e7f61e45,500,20,520
b444bf84-cbad-44ff-b85d-93dc8e8a96cf,3a9926ef-6401-4560-8b6f-e379a863961c,2022-06-03 08:25:00,b5941a70-cf63-407e-8c24-c979e7f61e45,500,20,520
eac98a45-f2f6-4070-99b3-652d9000448e,35ef9a20-373b-49a0-94e7-a652a49ad546,2022-06-03 14:44:00,b5941a70-cf63-407e-8c24-c979e7f61e45,500,20,520
fd0509a5-d167-448e-acbd-8eedf07770a8,1d0db805-775f-4a21-93a9-685c78ded448,2022-06-03 08:51:00,b5941a70-cf63-407e-8c24-c979e7f61e45,600,24,624
e4d09f76-61ef-4d19-8443-21728a65c1fb,30fba204-135e-4e71-a1a8-1c94ddb2c0da,2022-06-03 08:38:00,b5941a70-cf63-407e-8c24-c979e7f61e45,600,24,624
64f086db-7d71-4e71-a5c7-895138911b61,fb398617-4d10-4ba7-a36e-b66cd127c45d,2022-06-03 07:29:00,b5941a70-cf63-407e-8c24-c979e7f61e45,500,20,520
7ca3fcf2-554c-4734-adbe-fd38e65d0915,37c34e7b-e45c-47db-9e3b-264d25b1933c,2022-06-03 10:40:00,b5941a70-cf63-407e-8c24-c979e7f61e45,400,16,416
783ad70f-1faf-4db3-8024-f00b89c97e38,3b3487d9-712c-4d93-9cd6-2c8d7e759c76,2022-06-03 08:07:00,b5941a70-cf63-407e-8c24-c979e7f61e45,600,24,624
153d12f8-66de-44bc-9e67-1ddb3233049a,8143b925-a728-45dc-90e2-770dc299a5d0,2022-06-03 07:49:00,b5941a70-cf63-407e-8c24-c979e7f61e45,500,20,520
66f99ef3-e15b-4ccd-88eb-7f9a968770c8,c7ba7c0b-dcbd-432b-a25d-5f19f08ee302,2022-06-03 12:39:00,b5941a70-cf63-407e-8c24-c979e7f61e45,700,28,728
6eaef01e-9a3a-4a4e-bc1d-022d00a436bd,a233190a-52a9-4cf7-9a10-17472b86c1d9,2022-06-03 07:55:00,b5941a70-cf63-407e-8c24-c979e7f61e45,400,16,416
e2028ccc-cd4c-4540-8507-fc502af63c40,0e36bc6f-6b9f-4c73-bf81-4de9c05bd1f7,2022-06-03 08:24:00,b5941a70-cf63-407e-8c24-c979e7f61e45,600,24,624
1efc6cbc-36c9-46f7-bec3-b1ee47208394,1a675d7b-a1eb-4f6f-95dc-3e742f3773c9,2022-06-03 15:56:00,b5941a70-cf63-407e-8c24-c979e7f61e45,1700,68,1768
15221e97-8ca8-4373-bc4e-0cc5f79d884f,c1582622-5de3-4f41-846c-28d3d78fedaa,2022-06-03 14:41:00,b5941a70-cf63-407e-8c24-c979e7f61e45,600,24,624
151c1a7d-0750-4eb9-b4e2-19bc7fefad42,b0f4cef9-ee4a-4cdb-97fc-9f091c007881,2022-06-03 16:26:00,b5941a70-cf63-407e-8c24-c979e7f61e45,2400,96,2496
2cac4760-4b12-4b02-a63e-efb6da8f1e28,4818cfac-6545-4c77-b041-6f063a63ddf4,2022-06-03 07:57:00,b5941a70-cf63-407e-8c24-c979e7f61e45,600,24,624
c41fff12-ec4c-4794-a66b-edec22b4cb4c,dc125238-3664-4f03-9895-5003bb3abd49,2022-06-03 13:01:00,b5941a70-cf63-407e-8c24-c979e7f61e45,1400,56,1456
ab8f9ecc-7eb5-472f-b5dd-4fc02c64b4f3,5729d739-8c7e-469d-9fc7-fb95612fc92e,2022-06-03 14:20:00,b5941a70-cf63-407e-8c24-c979e7f61e45,3600,144,3744
3cc0c830-527d-474f-93d3-0622d53e9e05,81175ca9-2369-4e1b-823e-472ff9cb0241,2022-06-03 15:49:00,b5941a70-cf63-407e-8c24-c979e7f61e45,1800,72,1872
7454912f-9639-470d-8a96-392932e2fc83,735200b4-2828-4349-96cd-860b863fb154,2022-06-03 08:48:00,b5941a70-cf63-407e-8c24-c979e7f61e45,400,16,416
a2d780d7-eece-43a9-9f6c-eb727b39c239,143486b6-dcbd-45d1-9d83-490582574c81,2022-06-03 11:15:00,b5941a70-cf63-407e-8c24-c979e7f61e45,600,24,624
02c19169-fe4e-4799-972f-0600b1ed3d85,8ecaec4c-7372-4d3c-9e1a-067e0f658cde,2022-06-03 18:16:00,b5941a70-cf63-407e-8c24-c979e7f61e45,400,16,416
9f44a23d-4028-455b-872d-03bfa5c53463,d835a1eb-6636-4c11-a778-5321e636c7e3,2022-06-03 15:43:00,b5941a70-cf63-407e-8c24-c979e7f61e45,1800,72,1872
e0928e2e-5b0b-4357-b6ca-3d4e1e283c54,77312b67-634b-44fa-afff-84cd492294dd,2022-06-03 08:21:00,b5941a70-cf63-407e-8c24-c979e7f61e45,500,20,520
6217ef23-7a5a-40b4-91f7-64c75ca5afb4,157f19e9-dabb-402d-a24a-1a3daad4390a,2022-06-03 08:24:00,b5941a70-cf63-407e-8c24-c979e7f61e45,600,24,624
bdabc50d-d2cf-47c7-94e6-33ccdf2f4258,057d6adc-0a93-4e10-a0ad-eecde498a471,2022-06-03 12:37:00,b5941a70-cf63-407e-8c24-c979e7f61e45,600,24,624
2df56689-ed35-4d4c-819f-586e930a5d65,c1cfdf53-a54d-4650-b94f-c186d4ef6a33,2022-06-03 07:00:00,b5941a70-cf63-407e-8c24-c979e7f61e45,600,24,624
eb7477af-8d30-49e9-ac25-2cec8fab7bad,6adaa027-c693-435e-89eb-a9bbb5e44b8a,2022-06-03 07:58:00,b5941a70-cf63-407e-8c24-c979e7f61e45,600,24,624
4d03477b-c58e-48d3-916f-2c12ba2cd8fa,3e137f30-9049-4d26-b807-213d23a47ff4,2022-06-03 07:54:00,b5941a70-cf63-407e-8c24-c979e7f61e45,600,24,624
ae2e3aa0-9d4d-4150-94a0-34c37df6a72a,12bb6504-a73d-4841-9f4b-f77ff5056ebb,2022-06-03 17:08:00,b5941a70-cf63-407e-8c24-c979e7f61e45,700,28,728
d7a946a0-4967-456d-baa8-d6b36fe6748c,8310a031-3027-4e50-9668-13752414d69d,2022-06-03 07:04:00,b5941a70-cf63-407e-8c24-c979e7f61e45,500,20,520
24c21684-7787-4f29-8ab9-e8a026b0fc23,11898c7e-ea4f-465e-8729-e6aadfbb23da,2022-06-03 14:23:00,b5941a70-cf63-407e-8c24-c979e7f61e45,600,24,624
d288aa54-3d37-4262-a577-1205a874d518,fd116e0a-17ff-4891-b76a-87564104c894,2022-06-03 13:34:00,b5941a70-cf63-407e-8c24-c979e7f61e45,500,20,520
1a3d1213-c966-479f-80d8-ffd42d7aae59,4476c00f-aa7a-469a-b999-2d09393919f0,2022-06-03 07:00:00,b5941a70-cf63-407e-8c24-c979e7f61e45,600,24,624
3f7fd6c5-06c3-48f3-8e5c-e04b88c454f5,5e2f8308-17ff-4a1b-aaf0-7ee5789d624f,2022-06-03 07:49:00,b5941a70-cf63-407e-8c24-c979e7f61e45,600,24,624
20f23034-cf21-42a1-abd7-12840ac3718d,965ad9dd-b607-4df4-aeb6-2484cd649486,2022-06-03 12:18:00,b5941a70-cf63-407e-8c24-c979e7f61e45,600,24,624
c4102cab-c957-458f-ba25-5e4424278459,330cb663-b876-4a71-aad8-b579d5c68a41,2022-06-03 13:57:00,b5941a70-cf63-407e-8c24-c979e7f61e45,500,20,520
c3a3dbfb-b160-4bec-9393-057ef5638794,8a56193e-7740-40eb-84fc-cfbed31c5b23,2022-06-03 07:28:00,b5941a70-cf63-407e-8c24-c979e7f61e45,600,24,624
0dd953b3-e3ac-4beb-9e61-c7cc279e1482,4bacdb26-77a5-499d-8369-54f7bc613311,2022-06-03 09:45:00,b5941a70-cf63-407e-8c24-c979e7f61e45,2900,115,3015
04db4bdb-f0c3-46ff-bd84-599d68406095,94eed14f-8001-4b43-8f44-165f49fd933d,2022-06-03 15:33:00,b5941a70-cf63-407e-8c24-c979e7f61e45,600,24,624
a906d4dd-869e-4d13-afd8-cf11fa40da8c,711f6709-f3ba-47b2-a1b8-64c4ee16d2f8,2022-06-03 13:51:00,b5941a70-cf63-407e-8c24-c979e7f61e45,1800,72,1872
a0959004-d9c9-4562-8e0b-ba5b5ccadb8f,32d287f3-b003-4c28-925c-26ffc6847227,2022-06-03 11:30:00,b5941a70-cf63-407e-8c24-c979e7f61e45,600,24,624
bd9ae9f4-75b4-4449-b606-819fe58e0ba6,b4831ea7-1598-4d5a-8e8f-8f7a3fc9fd2a,2022-06-03 07:13:00,b5941a70-cf63-407e-8c24-c979e7f61e45,600,24,624
e9b1417d-3f63-40ff-8c36-6189f7881d1a,96c03846-9246-4cae-b040-d57ef33aaff7,2022-06-03 14:15:00,b5941a70-cf63-407e-8c24-c979e7f61e45,500,20,520
56014e44-9d9d-4080-8107-2e7dac4fd7af,e1381e43-7e52-4fde-bb54-70721c780d75,2022-06-03 07:53:00,b5941a70-cf63-407e-8c24-c979e7f61e45,600,24,624
7f0ec5af-e03e-4aa2-98a2-d7939241af98,ef92459f-9ed1-44f8-bc84-2af20287f25e,2022-06-03 07:52:00,b5941a70-cf63-407e-8c24-c979e7f61e45,500,20,520
16ef6273-9330-4b54-836f-c24652d55c8e,aca4d865-17e7-4668-be18-d81a17da3466,2022-06-03 16:20:00,b5941a70-cf63-407e-8c24-c979e7f61e45,1900,76,1976
0bf5dfe4-e714-4038-90d1-65e8d4defaa5,9f66b951-f268-4c8b-956b-2e2f46f067ed,2022-06-03 14:42:00,b5941a70-cf63-407e-8c24-c979e7f61e45,1800,72,1872
adb76d6b-5b12-4b79-a913-29a3fda37b3f,413bce01-ac7a-4af0-8c49-23cd68b4aab5,2022-06-03 14:05:00,b5941a70-cf63-407e-8c24-c979e7f61e45,1000,40,1040
1dd6490c-ab20-47b0-8520-ded4615e53e1,64141f13-bf43-4c2a-86ae-1f78687ace7b,2022-06-03 11:44:00,b5941a70-cf63-407e-8c24-c979e7f61e45,400,16,416
4f993eb2-9ad3-4f6d-9848-f8a7a94cb839,4c002b7f-15e5-4722-80a2-e29fdacffe4c,2022-06-03 08:31:00,b5941a70-cf63-407e-8c24-c979e7f61e45,400,16,416
5a25e656-36bd-44bc-b0ad-9518e1a17b89,ddcd9df3-9f22-42b9-9ebd-d43096c21260,2022-06-03 14:15:00,b5941a70-cf63-407e-8c24-c979e7f61e45,400,16,416
cc7600e2-2541-48fa-8bee-5337f35cf53f,7e8c137a-15e2-4556-887f-03064ee78ac4,2022-06-03 09:53:00,b5941a70-cf63-407e-8c24-c979e7f61e45,700,28,728
cb4494e0-256b-4d91-b844-ef501fe58ff1,6e64cd75-e932-49b0-b502-2525f0d050d0,2022-06-03 17:28:00,b5941a70-cf63-407e-8c24-c979e7f61e45,1700,68,1768
5d9bff78-c7db-45f7-aa09-d433cb476560,2a13d116-9ce5-4898-8b8d-af7d504361a1,2022-06-03 17:22:00,b5941a70-cf63-407e-8c24-c979e7f61e45,1500,60,1560
00060375-74b3-41ea-b850-14edf13be0b5,2c53805a-8a5d-4835-a8a5-363ded197da1,2022-06-03 08:02:00,b5941a70-cf63-407e-8c24-c979e7f61e45,400,16,416
fbcc7d28-89e2-45d9-80a1-20ae56113c9e,4824e242-620a-44a3-b4aa-6d34b7342b87,2022-06-03 07:41:00,b5941a70-cf63-407e-8c24-c979e7f61e45,600,24,624
a0437b87-dac4-447c-945c-27658b86443b,e33acab5-9a67-4a77-9171-e8674a44c7c9,2022-06-03 12:11:00,b5941a70-cf63-407e-8c24-c979e7f61e45,900,36,936
768e8562-00b0-4dd8-89fe-335757780ef4,ddbfab2a-b55c-4cf6-92d0-62446994c2e0,2022-06-03 18:24:00,b5941a70-cf63-407e-8c24-c979e7f61e45,600,24,624
8da6f703-be79-4599-ade6-d85dab72dccd,f27dbbe4-c022-49a0-978f-6e63a21a1f18,2022-06-03 15:10:00,b5941a70-cf63-407e-8c24-c979e7f61e45,2100,84,2184
b41e4f74-1a40-4415-a473-a39382dec815,31841c6e-3c17-459f-825f-4fe37783068f,2022-06-03 16:19:00,b5941a70-cf63-407e-8c24-c979e7f61e45,1600,64,1664
299a248f-6a01-4fd4-9aa6-41e6e500f82f,e54b719a-48b9-4990-b26b-ac3103c62963,2022-06-03 07:02:00,b5941a70-cf63-407e-8c24-c979e7f61e45,600,24,624
8d241594-fe44-4b70-9e3f-d7ab8e4eaa90,9d6095f7-a9a5-4fb9-aff0-d3e1ac17e3f4,2022-06-03 07:07:00,b5941a70-cf63-407e-8c24-c979e7f61e45,400,16,416
83f628b2-4296-436e-8d76-34910e408e37,b9da3cdd-baf0-43c8-af24-bef0191aa626,2022-06-03 12:21:00,b5941a70-cf63-407e-8c24-c979e7f61e45,600,24,624
e5ee599e-70b7-4f40-913c-1681874c475d,fb448b08-7725-42e0-9ab1-296312325b35,2022-06-03 09:12:00,b5941a70-cf63-407e-8c24-c979e7f61e45,1400,56,1456
6138dc4a-ebb9-4716-af60-7f27c212b2cc,8015a6ee-2cb8-4023-bd73-83f79ca11c40,2022-06-03 07:56:00,b5941a70-cf63-407e-8c24-c979e7f61e45,700,28,728
bb5969d2-d55c-4c8b-9088-ec4ff3f4983c,f6f7cd36-ad87-48b5-86a4-69c72ffedaf5,2022-06-03 07:35:00,b5941a70-cf63-407e-8c24-c979e7f61e45,700,28,728
940cb63e-3955-4ae7-9829-dfba5d91c7f7,2dbbf653-fb89-431e-9ce5-5be640628514,2022-06-03 08:46:00,b5941a70-cf63-407e-8c24-c979e7f61e45,400,16,416
884eb92b-945b-4b70-bbaf-1f09f21cf470,d495194b-5412-4a94-963f-a575a3c050a4,2022-06-03 07:19:00,b5941a70-cf63-407e-8c24-c979e7f61e45,400,16,416
d77c2598-be20-48fb-849e-93f52eb0c7fe,c8be7249-034b-44a3-b015-48a629b09aa0,2022-06-03 14:15:00,b3406af8-c4a9-4d2d-9e30-e06f3da01c15,1900,152,2052
f04b6c0c-1779-41f7-9330-36966c883316,e43c8ecb-3f23-452b-9898-1b0dc684312f,2022-06-03 08:14:00,b3406af8-c4a9-4d2d-9e30-e06f3da01c15,700,56,756
c15ad8e1-b1dc-4a6f-ace8-b5a812a01bff,c44fedb1-0107-4b01-ad43-16483dd8baed,2022-06-03 07:09:00,b3406af8-c4a9-4d2d-9e30-e06f3da01c15,600,48,648
4071ab61-882b-40e8-8998-d3a5cf6b3ba3,72da3aec-c83f-4145-a832-15352c7930af,2022-06-03 16:35:00,b3406af8-c4a9-4d2d-9e30-e06f3da01c15,600,48,648
a9ad3e6f-63a9-46bd-950d-33cc701e07f8,b25edaa5-c388-4731-911b-13dec1c9f0f4,2022-06-03 17:21:00,b3406af8-c4a9-4d2d-9e30-e06f3da01c15,1600,128,1728
1f7b952d-f5bb-4c72-b7b2-244d61471596,9486bb2e-4b6e-4d11-b2c7-68422ce31dc8,2022-06-03 08:28:00,b3406af8-c4a9-4d2d-9e30-e06f3da01c15,600,48,648
3c12fab2-370c-4ad1-87ca-e4d186b22c96,46ee62e2-9de2-4a65-9acb-9324605c196d,2022-06-03 10:17:00,b3406af8-c4a9-4d2d-9e30-e06f3da01c15,400,32,432
a8f2faf8-a5a8-4e48-9a60-5d227a6af75c,e57fd1ce-9431-4eb9-a57e-c7f220b460a0,2022-06-03 14:05:00,b3406af8-c4a9-4d2d-9e30-e06f3da01c15,700,56,756
9b41ff55-cc28-492b-8c1b-44acae807236,74f2776c-daf7-46e8-a7dd-53b610532bc4,2022-06-03 15:31:00,b3406af8-c4a9-4d2d-9e30-e06f3da01c15,500,40,540
76ab842d-bcc1-45d7-a7e4-4cdea6b4a103,121b8b14-7638-471c-8d3e-84ba6c7ae179,2022-06-03 19:03:00,b3406af8-c4a9-4d2d-9e30-e06f3da01c15,1300,104,1404
0a50b689-d818-406b-958c-5afe9cdc4ebf,575b1246-f573-4082-863e-3db2825636be,2022-06-03 19:41:00,b3406af8-c4a9-4d2d-9e30-e06f3da01c15,600,48,648
2d4f6c26-17cd-4136-adde-023a966af949,275e94da-aa8e-4a58-a71a-2ed78ee42b09,2022-06-03 16:13:00,b3406af8-c4a9-4d2d-9e30-e06f3da01c15,600,48,648
82cc1711-d41c-4e6a-9b85-c50eb4a8326c,4e118a6e-8d00-4fbf-b3a7-1c2dd411d8f0,2022-06-03 08:22:00,b3406af8-c4a9-4d2d-9e30-e06f3da01c15,400,32,432
328b6704-a7df-4cd1-b0be-af84a4f2e650,22fac9d3-80e8-4460-a840-888ca04de01c,2022-06-03 07:55:00,b3406af8-c4a9-4d2d-9e30-e06f3da01c15,400,32,432
2375a63f-56dd-4072-ab1c-0b3f56419695,8358cc3a-5993-44f8-aa25-4fb0dcbbad6e,2022-06-03 16:29:00,b3406af8-c4a9-4d2d-9e30-e06f3da01c15,1600,128,1728
17dbaf31-0c23-4fc6-bf0d-f15d0299ab05,88ceab79-75e6-4db6-a2bc-acd9ba60dbf3,2022-06-03 07:32:00,b3406af8-c4a9-4d2d-9e30-e06f3da01c15,700,56,756
073b6d20-e487-423e-b0b4-d8c8d6b1a3ca,abf424d5-d0e8-4868-8cc4-ec6715b3ff90,2022-06-03 11:48:00,b3406af8-c4a9-4d2d-9e30-e06f3da01c15,1100,88,1188
1fa01182-ab6f-425b-be79-8c850cd3e7a6,8a2408e6-00a5-46d4-924f-b41ebe3d654c,2022-06-03 13:36:00,b3406af8-c4a9-4d2d-9e30-e06f3da01c15,600,48,648
b41cc40b-09f5-4962-8bde-bc42be134c1a,3b2e6b11-b740-4416-989f-d333d59d01e3,2022-06-03 19:28:00,b3406af8-c4a9-4d2d-9e30-e06f3da01c15,400,32,432
f0131618-a01a-45c6-9257-7861ee77b8a3,4302cbf3-971a-478c-b463-eb3284027248,2022-06-03 07:34:00,b3406af8-c4a9-4d2d-9e30-e06f3da01c15,700,56,756
125dfdeb-652d-4c87-b3e0-da5325ab6e3d,57af21e0-6171-4029-a116-f9a48606f197,2022-06-03 11:12:00,b3406af8-c4a9-4d2d-9e30-e06f3da01c15,600,48,648
8c83cbff-8a4c-4564-a2cc-5c7fbbd69eb1,51b16cf1-5300-4593-9472-80ede31dc299,2022-06-03 13:53:00,b3406af8-c4a9-4d2d-9e30-e06f3da01c15,400,32,432
7408cabc-27e4-4b15-9f18-36d46cdc1463,3b957f8f-558e-4c9c-b7be-6dd661554b79,2022-06-03 08:21:00,b3406af8-c4a9-4d2d-9e30-e06f3da01c15,600,48,648
7e969d8d-6377-429f-9a7a-4503855deedd,064cf927-4d76-4a1c-96e2-0e2849fe3247,2022-06-03 12:58:00,b3406af8-c4a9-4d2d-9e30-e06f3da01c15,500,40,540
dd87f785-ebf3-4e96-92de-986b0634f002,e7557980-b703-4b75-9726-ca57793ec2f7,2022-06-03 08:51:00,b3406af8-c4a9-4d2d-9e30-e06f3da01c15,500,40,540
cd4d6e66-621a-48e0-9169-0ea0c22c0808,868bf638-2fcc-4fad-b6a8-ddf22051c14e,2022-06-03 12:57:00,b3406af8-c4a9-4d2d-9e30-e06f3da01c15,1700,136,1836
15596b55-0561-4487-a121-edbf1d359b55,d7538bff-54f1-40cf-b3e0-cf3244e312de,2022-06-03 17:04:00,b3406af8-c4a9-4d2d-9e30-e06f3da01c15,800,64,864
f546293d-0cc5-4810-ad2a-90a41f8cbba0,2232f985-677f-4201-a2ef-b9936516db2a,2022-06-03 15:25:00,b3406af8-c4a9-4d2d-9e30-e06f3da01c15,2100,168,2268
9e621b6e-4063-4091-a644-65795d9946d2,84246c00-52db-4135-ac94-c99469e4864f,2022-06-03 17:07:00,b3406af8-c4a9-4d2d-9e30-e06f3da01c15,2300,184,2484
6d62097e-22cf-41ac-bb03-d56b485eefcb,8de39f64-531f-4acd-af32-84ff0317bbd6,2022-06-03 17:24:00,b3406af8-c4a9-4d2d-9e30-e06f3da01c15,1500,120,1620
14856714-77a6-419a-a194-510821a74df9,253c99a5-b969-491d-8525-0b736e9ffc7f,2022-06-03 09:21:00,b3406af8-c4a9-4d2d-9e30-e06f3da01c15,400,32,432
5adb54b2-3f9f-42db-b9fc-4acf48b66fcb,b6a5a2fe-4d99-493c-8308-800f7aa53561,2022-06-03 11:19:00,b3406af8-c4a9-4d2d-9e30-e06f3da01c15,700,56,756
b75a9a61-0761-4759-b2a1-c93a54550e6a,a2091e93-b175-4a4d-a1ad-22e65dd882e2,2022-06-03 07:00:00,b3406af8-c4a9-4d2d-9e30-e06f3da01c15,700,56,756
f2bc1d44-88ff-4c1f-bcad-acc931060729,b46178ba-13a1-4725-9580-4c50678971fd,2022-06-03 15:45:00,b3406af8-c4a9-4d2d-9e30-e06f3da01c15,600,48,648
fd0f20e1-2825-4c80-8bab-a587ef8301ed,fe61d173-a5a0-4639-9464-a1f7719807fa,2022-06-03 08:04:00,b3406af8-c4a9-4d2d-9e30-e06f3da01c15,400,32,432
7df05840-1431-4a08-9285-6e52a18a2178,feeba5b2-ee35-494f-bf9a-fc5317519eca,2022-06-03 08:49:00,b3406af8-c4a9-4d2d-9e30-e06f3da01c15,700,56,756
a67de769-aa89-4c51-a4cc-af73e6efd875,53dad1bc-76f9-4977-806f-e5433e273d58,2022-06-03 17:49:00,b3406af8-c4a9-4d2d-9e30-e06f3da01c15,1800,144,1944
0395ce04-054c-4d5a-8aad-611084cd0ac6,856e13e3-732e-4d27-b681-554c8d89d267,2022-06-03 16:28:00,b3406af8-c4a9-4d2d-9e30-e06f3da01c15,1600,128,1728
baf1b3a6-049b-48ed-bb39-4b4176ff65ff,3dcda216-30ce-47c1-b61e-64e7f3fd38dc,2022-06-03 07:51:00,b3406af8-c4a9-4d2d-9e30-e06f3da01c15,600,48,648
24c24bb1-ca44-49b7-9038-b8aabed648ba,f27a3372-0d29-4d6a-b883-f6e124a1f046,2022-06-03 17:57:00,b3406af8-c4a9-4d2d-9e30-e06f3da01c15,600,48,648
10bfe73b-1a4c-4527-9d25-401e470f9450,4c14b657-2a3c-4ea5-9948-df7e1566baba,2022-06-03 08:00:00,b3406af8-c4a9-4d2d-9e30-e06f3da01c15,600,48,648
7fe9ba1b-c18b-449a-b5be-a62e8f96d80a,44835168-a3c6-4c3a-afd2-f6c657bb8ed0,2022-06-03 07:18:00,b3406af8-c4a9-4d2d-9e30-e06f3da01c15,400,32,432
5b6a27ec-7440-4f65-832f-fc4ac35059e8,1b67a578-3e3a-496f-b2db-2e233b75a057,2022-06-03 07:22:00,b3406af8-c4a9-4d2d-9e30-e06f3da01c15,600,48,648
3f8b9b0c-d0b0-4b4b-9a28-9720dafcd87e,05617299-025b-4e35-82e6-3129af08b43b,2022-06-03 07:52:00,b3406af8-c4a9-4d2d-9e30-e06f3da01c15,700,56,756
1a846560-944f-4287-82b9-61b248a76eb8,1e4d3a76-718d-4aaa-ab5c-e0ddba35223d,2022-06-03 17:41:00,b3406af8-c4a9-4d2d-9e30-e06f3da01c15,600,48,648
3dc40b49-4ab3-4b90-b66e-312d7bf3c50f,03530b0b-2cc6-45c8-9658-efd1cdcb84b1,2022-06-03 12:02:00,b3406af8-c4a9-4d2d-9e30-e06f3da01c15,1800,144,1944
04bd4185-51b3-4f6c-ad3e-c3cb4f405d44,9ad4d7d0-7c6e-4062-b82a-6c1a852fedae,2022-06-03 07:54:00,b3406af8-c4a9-4d2d-9e30-e06f3da01c15,600,48,648
d2ac4d34-74a9-4951-bc4e-789357153023,c42b0f6f-93ab-4eca-8dc6-c5bbece44b0b,2022-06-03 17:28:00,b3406af8-c4a9-4d2d-9e30-e06f3da01c15,1200,96,1296
4c4f5484-c37b-4247-b63f-3367ceaa6b7e,c4d9214e-1a8a-4572-ab3c-d4d92c02af28,2022-06-03 07:37:00,b3406af8-c4a9-4d2d-9e30-e06f3da01c15,600,48,648
488f8103-ff81-48ca-ba8b-de96047a66e3,96926c2b-1043-47ff-8850-51e5bf2f14d8,2022-06-03 08:15:00,b3406af8-c4a9-4d2d-9e30-e06f3da01c15,600,48,648
e4a722df-f47b-4296-bf62-33a480a02b9f,4a9277ea-471b-44e3-91d1-812ae38ee0af,2022-06-03 07:30:00,b3406af8-c4a9-4d2d-9e30-e06f3da01c15,600,48,648
21bed4a9-edc8-4a56-bb42-131ede1a59a5,c363df3a-cefa-46da-aab7-940b980cae89,2022-06-03 07:15:00,b3406af8-c4a9-4d2d-9e30-e06f3da01c15,400,32,432
fab35b39-3beb-492f-92c9-e23c2f94d569,8618519d-5857-46b6-aa82-bab2e311d7b8,2022-06-03 13:33:00,b3406af8-c4a9-4d2d-9e30-e06f3da01c15,400,32,432
30ad5d37-e986-4e6e-9945-05ef54eb59e2,da1d52ce-844e-47b9-aeb1-873344c86ed5,2022-06-03 11:13:00,b3406af8-c4a9-4d2d-9e30-e06f3da01c15,400,32,432
8761a350-abc4-415b-8c31-ec1e4681b077,06747680-9930-4877-b467-a5cb4396185d,2022-06-03 14:44:00,b3406af8-c4a9-4d2d-9e30-e06f3da01c15,400,32,432
d84a3a84-f24d-4835-93f8-b70c8a2a6df7,5779e275-8994-4267-9474-f3a509802221,2022-06-03 18:09:00,b3406af8-c4a9-4d2d-9e30-e06f3da01c15,800,64,864
70922e31-253d-4996-9030-e35ee4081f64,88128252-2a15-43e6-9f6b-d087b22720a9,2022-06-03 08:15:00,b3406af8-c4a9-4d2d-9e30-e06f3da01c15,400,32,432
63ab9291-d59c-47a1-a3cd-0a5ab92fb4e9,b8a0bca5-a3fe-47b5-b54c-f11d3b3566b3,2022-06-03 11:16:00,b3406af8-c4a9-4d2d-9e30-e06f3da01c15,500,40,540
377fe981-2fe0-46c3-a354-607d59ddd55c,27aa2e5e-189e-4554-bd68-cdc6769ac85e,2022-06-03 08:11:00,b3406af8-c4a9-4d2d-9e30-e06f3da01c15,400,32,432
c8ae0b09-3746-4758-ad0e-de6be1f1d5c2,d038e662-59d6-4144-86f3-341b3ffade9a,2022-06-03 11:53:00,b3406af8-c4a9-4d2d-9e30-e06f3da01c15,3000,240,3240
e16b8830-0985-4308-b97d-d62e4bffe784,935f8df0-9ed4-421f-a330-c022fd690f49,2022-06-03 08:07:00,b3406af8-c4a9-4d2d-9e30-e06f3da01c15,500,40,540
65d0530d-d9d6-4f1d-bb4a-c55538513ee9,a0adc3c2-77d8-4e4b-a254-525252d95ff2,2022-06-03 15:38:00,b3406af8-c4a9-4d2d-9e30-e06f3da01c15,500,40,540
89ff261e-2970-4bd3-b33d-f53bd56ae389,1f746910-e416-4cef-9813-e3065cae4fcd,2022-06-03 13:37:00,b3406af8-c4a9-4d2d-9e30-e06f3da01c15,3700,296,3996
646c7b37-3c50-4c53-a39c-d33ebcd111a8,bf98777f-16f7-465d-a17c-31e1ae97506b,2022-06-03 12:00:00,b3406af8-c4a9-4d2d-9e30-e06f3da01c15,600,48,648
ae453178-95b5-46e3-b113-c77edc013b46,4dc43541-9eb4-418a-af40-7b08737d3c43,2022-06-03 09:00:00,b3406af8-c4a9-4d2d-9e30-e06f3da01c15,700,56,756
c1d162f4-c3d4-492f-bd4a-575a2758800d,23c89686-b6e1-4cb4-8afe-527a20aeede9,2022-06-03 08:01:00,b3406af8-c4a9-4d2d-9e30-e06f3da01c15,400,32,432
849b9076-4f38-4906-b9a5-c092e0555c5d,095bf03a-d1cd-4d20-abd1-3f4739172cf4,2022-06-03 12:02:00,b3406af8-c4a9-4d2d-9e30-e06f3da01c15,1100,88,1188
feb2db38-8368-4d88-ac1f-c6173081f95f,066117d4-b907-47c1-94c3-7f3e19284e7e,2022-06-03 12:34:00,b3406af8-c4a9-4d2d-9e30-e06f3da01c15,2700,216,2916
423be9e1-5152-4d2f-a057-bb3fe4b6c98b,c7758618-5de9-4f71-ae03-b51042e88f76,2022-06-03 18:17:00,b3406af8-c4a9-4d2d-9e30-e06f3da01c15,1700,136,1836
b88c245f-3c6f-4a9c-84d6-fdf7dc96cf4a,80beca59-cd9e-4ff3-9d94-e1c6879c1316,2022-06-03 07:50:00,b3406af8-c4a9-4d2d-9e30-e06f3da01c15,600,48,648
ef60b8b3-e4ea-4e7d-b381-0c610612000b,2efd88fb-9b50-48f6-817a-ca2c8541cfd1,2022-06-03 07:45:00,b3406af8-c4a9-4d2d-9e30-e06f3da01c15,600,48,648
76eb020a-fab6-40eb-8574-4774a78f4671,268cd69b-28ea-4af8-9538-9fa9498732b9,2022-06-03 16:33:00,b3406af8-c4a9-4d2d-9e30-e06f3da01c15,1900,152,2052
d182b884-2b44-4b0b-be53-a04aeeb4cdea,39138df5-0ee9-413c-9571-c4df064cba64,2022-06-03 08:05:00,b3406af8-c4a9-4d2d-9e30-e06f3da01c15,500,40,540
0338725a-cdc3-4abe-92ea-b4bbdf2761b3,f851a187-0388-4c20-9b76-18bdd3c92dec,2022-06-03 17:23:00,b3406af8-c4a9-4d2d-9e30-e06f3da01c15,2200,176,2376
f68dbf3a-a770-4e18-a5b2-1fe7cba5c738,ecb26b3c-a58f-4237-90c2-d5f78efb30db,2022-06-03 15:24:00,b3406af8-c4a9-4d2d-9e30-e06f3da01c15,1700,136,1836
5257889b-d93d-498e-aeaf-9d99eff47434,76c7924f-d1ef-4af5-b145-514191a0d17f,2022-06-03 19:46:00,b3406af8-c4a9-4d2d-9e30-e06f3da01c15,600,48,648
2b3fc343-db27-45d7-bdfa-ccf88bbeb6c2,37a5d7eb-a9ee-47c9-930f-e557d51483d1,2022-06-03 12:54:00,b3406af8-c4a9-4d2d-9e30-e06f3da01c15,1200,96,1296
de2eb6f5-2c2e-417b-9ff8-211da180aa80,4cc1e57b-b471-4656-987b-ef25a03ca42e,2022-06-03 17:31:00,b3406af8-c4a9-4d2d-9e30-e06f3da01c15,1400,112,1512
6f129cc8-d376-4476-b041-d5e9340719b6,5e48221c-cae5-43ec-97c4-8c92051a16a4,2022-06-03 11:38:00,b3406af8-c4a9-4d2d-9e30-e06f3da01c15,600,48,648
16d10ce1-7ca8-41ae-9ff3-6f795f309c12,e153b65e-f6c1-4043-932d-e1357a7d50e7,2022-06-03 08:50:00,b3406af8-c4a9-4d2d-9e30-e06f3da01c15,600,48,648
8681f681-19c2-4783-8fa6-80dbc26be0f3,13a7703d-03d1-4063-84ca-b89d789a1738,2022-06-03 08:30:00,b3406af8-c4a9-4d2d-9e30-e06f3da01c15,600,48,648
ebe7e3f4-9557-454e-964a-64db4ff10a1f,13f6fed2-fd76-4b9a-afe2-38d310642ae3,2022-06-03 17:44:00,b3406af8-c4a9-4d2d-9e30-e06f3da01c15,600,48,648
8ba441db-3318-4d85-8606-7ea945eba153,47bdc2f3-2221-45ba-87aa-957ae3eca21b,2022-06-03 14:24:00,b3406af8-c4a9-4d2d-9e30-e06f3da01c15,700,56,756
97006a49-4eab-40f7-8d72-b83275da079b,d8b32b5c-b453-46b3-972f-a82740c80425,2022-06-03 07:00:00,b3406af8-c4a9-4d2d-9e30-e06f3da01c15,1100,88,1188
8dec99ff-de10-4d88-ade4-130ae3251ff2,1b4695e3-474d-4a57-8330-b29e2b1e34a4,2022-06-03 07:50:00,b3406af8-c4a9-4d2d-9e30-e06f3da01c15,700,56,756
467a44b1-fafd-4c3f-9a18-00eb524979fa,5baa0737-66e1-4769-a9bd-d3f5136cfb42,2022-06-03 18:16:00,b3406af8-c4a9-4d2d-9e30-e06f3da01c15,1700,136,1836
683f9bbb-de09-42a0-b11a-ca8ead766e1d,80a49a51-3aad-4ab0-a876-84ac983a1ecb,2022-06-03 07:35:00,b3406af8-c4a9-4d2d-9e30-e06f3da01c15,700,56,756
1164cd27-4068-4167-99cd-093e0c31f904,7b930b65-6a9e-4445-8ae1-1503b76ac988,2022-06-03 08:28:00,b3406af8-c4a9-4d2d-9e30-e06f3da01c15,600,48,648
f6341538-6161-4229-b613-e77a3098baee,d6d9d62c-9cb2-454b-8d33-46481d62557b,2022-06-03 11:47:00,b3406af8-c4a9-4d2d-9e30-e06f3da01c15,400,32,432
e3a94f38-ae5c-46a1-abeb-d3f41b1d0c1a,ea9d5fbe-aa7d-4e34-9eac-a2d38103cf4d,2022-06-03 13:12:00,b3406af8-c4a9-4d2d-9e30-e06f3da01c15,700,56,756
e2a6fb30-07a3-4325-849c-0e9878c8584a,9f3d6f04-8cfa-44c8-9be8-f6257a05765d,2022-06-03 09:37:00,b3406af8-c4a9-4d2d-9e30-e06f3da01c15,500,40,540
01a4b1e0-90e2-42e9-a922-f5df751a4e9a,e58fb269-c11c-4066-a830-f52499508f2a,2022-06-03 14:14:00,b3406af8-c4a9-4d2d-9e30-e06f3da01c15,2300,184,2484
49dc6765-ba5b-409a-9d78-d8468869aadb,361f6a4e-0eaa-4595-9086-b3ad40e8a618,2022-06-03 07:24:00,b3406af8-c4a9-4d2d-9e30-e06f3da01c15,700,56,756
a963419f-2fc5-4eb6-a895-9ea53c5d4a17,6b6847b1-c79c-4831-969c-e1b95141232c,2022-06-03 08:47:00,b3406af8-c4a9-4d2d-9e30-e06f3da01c15,600,48,648
867e60d8-49e7-4285-95b2-9fa81c2f6bd1,c05af6ca-529b-48e3-9cbf-d11a290da116,2022-06-03 15:26:00,b3406af8-c4a9-4d2d-9e30-e06f3da01c15,1800,144,1944
b4dfeef2-bfd3-46fa-b5cc-d897297a8682,c14a5811-3017-4d1f-bd5b-9ccd885f4dee,2022-06-03 12:26:00,b3406af8-c4a9-4d2d-9e30-e06f3da01c15,1700,136,1836
64a9ebba-014d-4335-84da-fd25cbac635f,6f778558-31ec-4f18-a44e-cc3c6ae30cfb,2022-06-03 11:49:00,b3406af8-c4a9-4d2d-9e30-e06f3da01c15,0,0,0
812f8ba2-ab36-42dc-b3a9-1646d6c71d27,1dbd8c01-5471-4c5a-b2e4-db6418673cb3,2022-06-03 15:31:00,b3406af8-c4a9-4d2d-9e30-e06f3da01c15,600,48,648
3772dfde-7dde-4a64-8cba-56ff3e6a36e9,310b49e2-458d-4fc5-8c04-f4ab394152fe,2022-06-03 13:30:00,b3406af8-c4a9-4d2d-9e30-e06f3da01c15,1800,144,1944
78bf92f2-8503-4b5b-8f1a-7b8c9c6a4be1,d1632fc8-d982-4a8a-8ef9-53a6c238f72c,2022-06-03 08:23:00,b3406af8-c4a9-4d2d-9e30-e06f3da01c15,600,48,648
5a1e9100-53cb-4753-9e50-f68543dc8d96,fce60606-1c32-4073-abab-5e73f36b3302,2022-06-03 07:19:00,b3406af8-c4a9-4d2d-9e30-e06f3da01c15,500,40,540
8b8fc58b-7b8f-41f2-9429-0a3a0d1db329,cbcda1f0-7b97-4053-ad4b-cc4b5a76e903,2022-06-03 07:56:00,b3406af8-c4a9-4d2d-9e30-e06f3da01c15,400,32,432
002ebce3-bd42-4985-be28-3c6e7872b71c,52b280cc-66a1-4aff-a315-65a3e08ba082,2022-06-03 08:02:00,b3406af8-c4a9-4d2d-9e30-e06f3da01c15,500,40,540
1e9fc97c-25c0-4607-b465-aaf8deb7838c,db206fbc-6df6-47aa-9f6c-7d3bdce9e3c5,2022-06-03 07:41:00,b3406af8-c4a9-4d2d-9e30-e06f3da01c15,600,48,648
3e2635b4-afe2-4177-8258-746e3cdb7c82,c2085572-8827-4de1-ac06-5f3d40324313,2022-06-03 07:09:00,b3406af8-c4a9-4d2d-9e30-e06f3da01c15,400,32,432
713e2655-2733-4e87-bf6f-d96269630b69,d4954aec-b60d-426c-9058-f2d3d61ecf7f,2022-06-03 15:32:00,b3406af8-c4a9-4d2d-9e30-e06f3da01c15,400,32,432
53cca845-eb57-4b48-82e4-8feac38292a8,663ea5e3-7ce6-4aad-b8d2-4125e48ff362,2022-06-03 11:39:00,b3406af8-c4a9-4d2d-9e30-e06f3da01c15,1300,104,1404
e6448d0d-1028-4cf3-9397-0bd724bcefdb,ff6249e1-3d4b-4910-8cf5-7539649d5959,2022-06-03 16:55:00,b3406af8-c4a9-4d2d-9e30-e06f3da01c15,1900,152,2052
dbce2db5-9af3-4204-940c-3380ed7b376e,3254d2fb-f762-4502-ad4f-6f57b4a21620,2022-06-03 08:03:00,b3406af8-c4a9-4d2d-9e30-e06f3da01c15,700,56,756
42a755cc-5a37-4a11-8ec3-adedb0605df2,794398f0-d003-410e-81b9-97cfb53b31d1,2022-06-03 11:11:00,b3406af8-c4a9-4d2d-9e30-e06f3da01c15,700,56,756
86334848-8573-4d09-afcc-15400d2427a1,39fb828a-b832-4f0a-8967-0e343ba7c360,2022-06-03 12:54:00,b3406af8-c4a9-4d2d-9e30-e06f3da01c15,600,48,648
dd8408f2-fa9c-4ea1-8e5c-d3871a796547,37fb0e02-a1ba-418d-90f7-2bd67e71feb0,2022-06-03 17:05:00,b3406af8-c4a9-4d2d-9e30-e06f3da01c15,1700,136,1836
66c99a0b-d920-452a-8a2e-b840498b0518,e84bffdc-b85d-42a5-900a-67979727373d,2022-06-03 08:30:00,b3406af8-c4a9-4d2d-9e30-e06f3da01c15,400,32,432
83e63159-1c6d-48d2-b734-aba1412e83a7,25ac8d3c-f20d-445c-98a5-92ba07716d01,2022-06-03 07:46:00,b3406af8-c4a9-4d2d-9e30-e06f3da01c15,400,32,432
244b1a97-6164-4eb6-9584-d844d7863524,1892dd7a-8ba7-4839-891c-a1faa3c38b01,2022-06-03 11:35:00,b3406af8-c4a9-4d2d-9e30-e06f3da01c15,700,56,756
b304b01d-5ba0-4d25-a72f-c79376727ed7,423631a6-92ea-471b-88bc-c47f120439ff,2022-06-03 12:49:00,b3406af8-c4a9-4d2d-9e30-e06f3da01c15,1800,144,1944
388eab32-99ab-4940-9f6b-cfb06d6dcf9f,1d402c5f-2fac-4f95-9d30-6ef180da3feb,2022-06-03 12:38:00,b3406af8-c4a9-4d2d-9e30-e06f3da01c15,1200,96,1296
a6045003-eeed-41eb-9fce-d3b4cc923920,881b46ba-02e1-4cbb-8806-031dc3bbeca7,2022-06-03 15:27:00,b3406af8-c4a9-4d2d-9e30-e06f3da01c15,600,48,648
3e4c46c4-d22b-4e24-972a-ce3615959d78,235014d2-591b-47a1-bbff-aeb890034fd3,2022-06-03 17:34:00,b3406af8-c4a9-4d2d-9e30-e06f3da01c15,400,32,432
ee33ad68-1d1f-491c-abc4-90b59081dc45,d3873be4-b64c-42ee-84b6-5bb82cfc5320,2022-06-03 14:51:00,b3406af8-c4a9-4d2d-9e30-e06f3da01c15,2100,168,2268
efc53f5a-a398-42ce-a8b0-ceaa402c21e7,f2f7747d-afbe-47b0-b53b-b1befdd2248f,2022-06-03 08:24:00,b3406af8-c4a9-4d2d-9e30-e06f3da01c15,400,32,432
50e587de-2f99-4703-957a-f77ed4019135,9218401a-a3fe-4361-b974-75ab3912ede2,2022-06-03 07:51:00,b3406af8-c4a9-4d2d-9e30-e06f3da01c15,500,40,540
85c2205e-2ad9-444a-942c-83c3827e411e,8d65ca70-f409-4ca5-8358-00184b8ca792,2022-06-03 08:42:00,b3406af8-c4a9-4d2d-9e30-e06f3da01c15,400,32,432
8d5d3206-2707-4be3-8c13-f940604b0c01,a458afe9-c65f-409f-8219-b305bca5a3cf,2022-06-03 08:02:00,b3406af8-c4a9-4d2d-9e30-e06f3da01c15,400,32,432
da88a0df-cc4e-46a7-86fc-36ca994d5e5d,86b0709f-3cb4-4745-a48f-d886fb407676,2022-06-03 07:39:00,b3406af8-c4a9-4d2d-9e30-e06f3da01c15,700,56,756
9cabdcda-c78e-4e41-be94-8b0577c4ff60,a007d2c8-f005-484a-9bba-492bde02b53a,2022-06-03 07:41:00,b3406af8-c4a9-4d2d-9e30-e06f3da01c15,700,56,756
c82b3775-53d2-422f-aa65-7ecdd565e8aa,e16a6ba6-9dd7-494f-8317-85068747c218,2022-06-03 07:00:00,b3406af8-c4a9-4d2d-9e30-e06f3da01c15,600,48,648
6dc06e28-e1e5-4308-b839-ecf389133702,0a99f923-70d6-40f5-8870-92a09715bce2,2022-06-03 08:10:00,b3406af8-c4a9-4d2d-9e30-e06f3da01c15,500,40,540
c3f3287c-0f0b-49c1-a388-e03e8dd53e47,c7ae24da-fb5c-469e-b470-e2aea0050b1b,2022-06-03 12:00:00,b3406af8-c4a9-4d2d-9e30-e06f3da01c15,500,40,540
903bb8bd-c9b9-4e5b-997c-547ee5f7d2d9,31934ece-77ac-425f-a29c-8c5460f3ab19,2022-06-03 13:30:00,b3406af8-c4a9-4d2d-9e30-e06f3da01c15,600,48,648
c3c2484b-34ca-4a70-802a-5dc0e17afa0f,ed5ab19d-1777-4342-ab81-aa1bc6f6b498,2022-06-03 18:34:00,b3406af8-c4a9-4d2d-9e30-e06f3da01c15,400,32,432
4b25c5c9-c452-48be-9808-52f064a65711,27007e99-75c0-4708-bd7c-7d588972a823,2022-06-03 07:47:00,b3406af8-c4a9-4d2d-9e30-e06f3da01c15,700,56,756
ce89cdff-add1-4765-93c5-adf397d0ebe1,5c34ed01-e5d5-4589-b968-4286a6b2c3cf,2022-06-03 07:28:00,b3406af8-c4a9-4d2d-9e30-e06f3da01c15,500,40,540
03699627-67f9-4b6a-8157-5a72a44c3ded,c91e5309-b793-4fd2-9600-73bcf71a5d1b,2022-06-03 15:00:00,b3406af8-c4a9-4d2d-9e30-e06f3da01c15,2500,200,2700
2d143150-cdf4-40b7-a066-24e5ca72b252,f986eceb-8694-41cf-ae4c-2be2024e8781,2022-06-03 08:09:00,b3406af8-c4a9-4d2d-9e30-e06f3da01c15,700,56,756
f1161b44-d91a-4602-b7e9-8e416b4f8241,0e12aa9f-f4e0-4e16-93b6-10b7083ca873,2022-06-03 12:14:00,b3406af8-c4a9-4d2d-9e30-e06f3da01c15,1700,136,1836
7ba1803b-6524-45f3-ab19-275e4f9ff1ef,bc469ed6-7fb7-46b7-b20f-e9d5e5b220c3,2022-06-03 12:24:00,b3406af8-c4a9-4d2d-9e30-e06f3da01c15,2400,192,2592
e648d057-5aad-4512-b264-89e6fb128264,b4d7bbaf-cc87-47f2-a964-1a64d7d18e19,2022-06-03 08:13:00,b3406af8-c4a9-4d2d-9e30-e06f3da01c15,700,56,756
f50dcb2a-6b9b-47f5-8364-38db15703a59,6e33e101-a26d-4b95-b7a0-e5a77ebc64dd,2022-06-03 08:14:00,b3406af8-c4a9-4d2d-9e30-e06f3da01c15,700,56,756
01976625-476b-4d86-998d-e11afe68e9c8,e1850c0e-781b-4ab6-9df3-0574ffb34203,2022-06-03 08:07:00,b3406af8-c4a9-4d2d-9e30-e06f3da01c15,700,56,756
8fb7e127-b2d3-4016-8b8b-cdf57a8fa0cf,ec153219-abcb-4073-8ea0-61706b75c2d4,2022-06-03 12:44:00,b3406af8-c4a9-4d2d-9e30-e06f3da01c15,1800,144,1944
7b5ac14a-a139-49f2-a31d-2bb6c28b998c,f487f45c-143d-4d73-9d45-d6d9a100bafa,2022-06-03 08:25:00,b3406af8-c4a9-4d2d-9e30-e06f3da01c15,600,48,648
1e19cd41-74e5-4648-ac77-655cf34a0cc5,abb9bca3-59ae-4a9f-b115-16c1c3bf57ef,2022-06-03 07:52:00,b3406af8-c4a9-4d2d-9e30-e06f3da01c15,500,40,540
364ff592-2e7c-4a13-8c94-9f9c78c8d8af,7888c346-c8ec-4ebb-b146-16f44590b12f,2022-06-03 09:58:00,b3406af8-c4a9-4d2d-9e30-e06f3da01c15,2400,192,2592
6a98e09a-7a18-4008-9223-8ad47d35f9db,2bd22f13-76a5-4011-bef8-686940d3ba2d,2022-06-03 10:17:00,b3406af8-c4a9-4d2d-9e30-e06f3da01c15,3700,296,3996
b7ab8ada-497a-4a70-b396-2331ac20358d,a1932494-1e79-4f11-90d6-2c3d14b17ff9,2022-06-03 07:18:00,b3406af8-c4a9-4d2d-9e30-e06f3da01c15,600,48,648
ae1403ab-72d6-479b-915d-6b1af80b7558,0a996dc6-ec23-473c-964f-78456fbcf5da,2022-06-03 07:44:00,b3406af8-c4a9-4d2d-9e30-e06f3da01c15,500,40,540
c4edf756-f912-4d15-b7ee-58c7a76dd6f1,ff396751-b162-46df-8c81-61f6062eab97,2022-06-03 15:28:00,b3406af8-c4a9-4d2d-9e30-e06f3da01c15,600,48,648
e7d6f428-796c-4787-930f-ac0e9df873a9,598e831c-2388-4cb6-9cf0-22e14fee9400,2022-06-03 13:07:00,b3406af8-c4a9-4d2d-9e30-e06f3da01c15,1200,96,1296
95b28f84-02dc-472d-9e87-32370493d8fe,09afb464-d131-423d-a7a7-10d3f6093399,2022-06-03 08:12:00,b3406af8-c4a9-4d2d-9e30-e06f3da01c15,700,56,756
0e946151-1edd-451a-ac1c-81ea38e96bb1,43f6fd00-d1a6-4a98-91d2-7c8ed5145dff,2022-06-03 15:06:00,b3406af8-c4a9-4d2d-9e30-e06f3da01c15,500,40,540
886e092d-edcf-4d1d-88c3-6bec6f6fc220,aa665be8-f1e3-4044-9620-f83b294f8b69,2022-06-03 16:50:00,b3406af8-c4a9-4d2d-9e30-e06f3da01c15,600,48,648
ed788137-52f8-49cd-8cd9-c6b3df98fdb8,0bafee08-21f3-43d6-9aee-ab1d60a7d7ec,2022-06-03 15:21:00,b3406af8-c4a9-4d2d-9e30-e06f3da01c15,1600,128,1728
4e994a99-1a8f-4c05-8948-e32105d6f105,30bb7b4b-20a7-4691-a3fc-4b196f282c03,2022-06-03 14:39:00,b3406af8-c4a9-4d2d-9e30-e06f3da01c15,1800,144,1944
3956752f-0941-44fd-b259-86a01abcf2a7,96a08a67-3a4f-4c5f-a78b-79cc00ce235c,2022-06-03 07:55:00,b3406af8-c4a9-4d2d-9e30-e06f3da01c15,400,32,432
46ab452c-d83f-41f6-83a1-630605c9c0e1,ef1fba28-a42f-40cf-8279-cc78382e4a4d,2022-06-03 09:01:00,b3406af8-c4a9-4d2d-9e30-e06f3da01c15,500,40,540
feacf5ca-b713-4d55-925c-90f308621cab,a1ad81da-9458-4b70-a0ef-c189af7d837c,2022-06-03 10:05:00,b3406af8-c4a9-4d2d-9e30-e06f3da01c15,700,56,756
fce3bb66-3bf9-45d8-97bc-689216475b38,318d3c38-cc45-4e02-bc63-99141525c4f3,2022-06-03 08:00:00,b3406af8-c4a9-4d2d-9e30-e06f3da01c15,700,56,756
f9d4e3e1-e38b-4e82-bfbb-d5b62e34431b,0a0e52b6-cde9-4602-8769-b9c061d710b3,2022-06-03 11:14:00,b3406af8-c4a9-4d2d-9e30-e06f3da01c15,1700,136,1836
4e5b7eb1-4a41-4c6e-8d8c-c490e48a4938,6f84ddb9-2ff6-47b8-a17c-3768afb7c1de,2022-06-03 15:07:00,b3406af8-c4a9-4d2d-9e30-e06f3da01c15,500,40,540
3396d61a-e6c1-4c4b-a6e2-79c857e5439d,03e63491-df23-46b5-aa4e-70612e0286c3,2022-06-03 07:56:00,b3406af8-c4a9-4d2d-9e30-e06f3da01c15,500,40,540
74242404-90c6-4e62-811d-5ff4529cf14b,d475196e-cc63-4478-9e57-54e7709a0ca6,2022-06-03 14:50:00,b3406af8-c4a9-4d2d-9e30-e06f3da01c15,500,40,540
5cc85c61-c55d-4593-8ea1-0d9b27843974,f84d9433-99fb-4dc1-a7b4-ed28df01589c,2022-06-03 07:24:00,b3406af8-c4a9-4d2d-9e30-e06f3da01c15,600,48,648
6b1fe0d2-06d2-487c-b7fb-22bb563343ea,89f23a88-e155-403c-81b7-74624a2a8b7c,2022-06-03 07:37:00,b3406af8-c4a9-4d2d-9e30-e06f3da01c15,700,56,756
44fb19c3-fcd3-4eed-b6df-73d895e68547,6955924f-52b4-4a14-8a1a-4141c64f990f,2022-06-03 07:51:00,b3406af8-c4a9-4d2d-9e30-e06f3da01c15,600,48,648
75cb766b-d07b-4a18-85d8-1a4a89ad95c0,3a34f173-2b77-44ba-92da-28e10ad98f0f,2022-06-03 12:06:00,b3406af8-c4a9-4d2d-9e30-e06f3da01c15,1800,144,1944
2ada92c6-8b96-4c5f-9327-4091444e1856,528277e8-4ab5-4238-8977-eef05607a07b,2022-06-03 16:33:00,b3406af8-c4a9-4d2d-9e30-e06f3da01c15,1800,144,1944
faf0bb64-fcac-4ad4-982d-2ca1e383fa60,3ced9be5-34a5-4ecb-b0c6-0914d923f289,2022-06-03 07:01:00,b3406af8-c4a9-4d2d-9e30-e06f3da01c15,700,56,756
34c58fff-fe15-4887-b927-63b747b34546,0f3e973c-42e0-4b6d-8940-db51a4fbdfaf,2022-06-03 08:07:00,b3406af8-c4a9-4d2d-9e30-e06f3da01c15,600,48,648
4fa37c5b-31b5-406b-92c7-6784ba0a3f0f,4a5e57dc-e244-4e0d-8e41-6c0deca10336,2022-06-03 08:05:00,b3406af8-c4a9-4d2d-9e30-e06f3da01c15,700,56,756
b9808f44-c15a-4e47-85d6-9b51ad333695,31a4ccea-3d90-4e67-a6f8-8d990cfffd1a,2022-06-03 07:15:00,b3406af8-c4a9-4d2d-9e30-e06f3da01c15,600,48,648
9983a270-8a45-442a-a7ce-cd115dd56da4,86faf3a1-bcd6-4bd4-8900-ba8ed0ffe0f2,2022-06-03 08:24:00,b3406af8-c4a9-4d2d-9e30-e06f3da01c15,500,40,540
0dc72d72-a361-4ee5-b29e-252a1593bc06,a709f29f-6f8e-4f51-b1b6-0d7e99fe176a,2022-06-03 11:34:00,b3406af8-c4a9-4d2d-9e30-e06f3da01c15,2200,176,2376
d33e866e-58ba-42cb-b9b3-9e428976f5a4,177823f1-7955-4fbe-86f9-a65e856a3ca3,2022-06-03 19:49:00,b3406af8-c4a9-4d2d-9e30-e06f3da01c15,600,48,648
52a4ba1e-aecd-404a-a9d0-5eafdd253b5e,87f0edf1-082f-460b-bc4f-9e72db2598ec,2022-06-03 08:30:00,b3406af8-c4a9-4d2d-9e30-e06f3da01c15,700,56,756
1b05202a-e7e2-4304-99a5-19d380fff2b0,06a02b8b-8290-49eb-a59a-1ed359cee4d9,2022-06-03 11:52:00,b3406af8-c4a9-4d2d-9e30-e06f3da01c15,600,48,648
4715a1f4-4355-4956-b29b-792bae252197,b7af6b39-c4de-481a-95b9-872e4b399c9e,2022-06-03 12:57:00,b3406af8-c4a9-4d2d-9e30-e06f3da01c15,600,48,648
a65b1f21-a1cc-4617-8503-7ee85bf544ba,44a1345c-83cd-4105-bc81-eb61a59948bc,2022-06-03 07:34:00,b3406af8-c4a9-4d2d-9e30-e06f3da01c15,400,32,432
b5aba393-4803-4a7b-bf8c-05e55120094a,abd96f0c-1f71-4940-b799-0029d8748822,2022-06-03 07:00:00,b3406af8-c4a9-4d2d-9e30-e06f3da01c15,600,48,648
dd4a7728-625b-4849-b829-b92c72e63405,c404f93f-22ca-4704-b231-83c13bb26a63,2022-06-03 16:02:00,b3406af8-c4a9-4d2d-9e30-e06f3da01c15,1500,120,1620
244497ef-053a-4cfa-a99d-c80f4f20eb4d,c26ac399-6c40-4f9c-8b03-1ec608843dee,2022-06-03 08:13:00,b3406af8-c4a9-4d2d-9e30-e06f3da01c15,500,40,540
d97c0b20-a914-4bd2-8976-98349a62f445,4190f662-1219-4f03-803f-413f95e73ac8,2022-06-03 19:43:00,b3406af8-c4a9-4d2d-9e30-e06f3da01c15,1600,128,1728
a7b427db-10e4-4336-a3d7-f2cac90add56,e035ac52-ddc6-40b9-8ff0-323f85959735,2022-06-03 17:55:00,b3406af8-c4a9-4d2d-9e30-e06f3da01c15,500,40,540
55c0cada-9a60-449f-af87-9929ec39f675,b3592dd8-025f-42a5-94d3-2e88c5e14f97,2022-06-03 15:09:00,b3406af8-c4a9-4d2d-9e30-e06f3da01c15,3200,256,3456
04c22b7c-7151-4746-849b-ae8e6dcb1770,a8998506-bf65-496e-b0cd-f9f69e104054,2022-06-03 09:51:00,b3406af8-c4a9-4d2d-9e30-e06f3da01c15,700,56,756
2c24a0ae-e695-4744-a278-634598f4f513,8dc8937a-97f2-4c2f-a818-c3324d26e599,2022-06-03 11:20:00,b3406af8-c4a9-4d2d-9e30-e06f3da01c15,2000,160,2160
a275d595-3f5e-49d4-bfec-77bbcb5c8aaf,d95f31c5-538e-45b8-b561-b1a13cdfef1e,2022-06-03 07:23:00,b3406af8-c4a9-4d2d-9e30-e06f3da01c15,600,48,648
ea7cf5fa-9805-406a-ba2f-95142f5f767e,169eed66-bf2f-4c7b-b0ad-b2878d4ba9d2,2022-06-03 18:31:00,b3406af8-c4a9-4d2d-9e30-e06f3da01c15,2100,168,2268
ff9919c7-b522-4c70-9e8b-39beadb1b6ee,5f34c06b-36b6-4e9b-a063-e54491135063,2022-06-03 13:09:00,b3406af8-c4a9-4d2d-9e30-e06f3da01c15,1500,120,1620
adc11970-bf3b-4a79-ba91-302e7d52808c,d593cb3f-5c32-4ae8-b090-2b2d6cc364e0,2022-06-03 08:05:00,b3406af8-c4a9-4d2d-9e30-e06f3da01c15,400,32,432
c17cf197-aef3-4058-9aad-ed8efb927826,f99ecdb6-6f31-4a22-a1bb-a9151ecd5616,2022-06-03 11:22:00,b3406af8-c4a9-4d2d-9e30-e06f3da01c15,600,48,648
34bf7e32-f052-4354-ac33-4f8fd15e4e35,5096dc25-d8a1-44a1-a629-f07365c1878a,2022-06-03 18:30:00,b3406af8-c4a9-4d2d-9e30-e06f3da01c15,2000,160,2160
cee2aef5-f2a5-4db9-839b-4869ae7002ca,8db6beac-c887-48a0-a243-51364c4b54e5,2022-06-03 18:20:00,b3406af8-c4a9-4d2d-9e30-e06f3da01c15,600,48,648
c29be772-7589-48dd-a0b9-6801f85fb6a4,6acbf0ba-f1c3-49cc-963a-d0c2f7c4d8f5,2022-06-03 08:13:00,b3406af8-c4a9-4d2d-9e30-e06f3da01c15,600,48,648
5f54a4b9-dc82-4ce8-9af7-c2025dc35a08,48cd3500-f9c1-471b-9786-fc1d6b7dfb2b,2022-06-03 15:56:00,b3406af8-c4a9-4d2d-9e30-e06f3da01c15,600,48,648
03b47741-64fa-41fb-893e-403f41f3e19b,2a47cf71-066f-4856-941a-0dcedb495e25,2022-06-03 07:34:00,b3406af8-c4a9-4d2d-9e30-e06f3da01c15,600,48,648
ad17f1c4-eeed-4e59-961b-7b35c07af94a,709e1ebc-a13e-4513-af01-7be3db5969f0,2022-06-03 14:23:00,b3406af8-c4a9-4d2d-9e30-e06f3da01c15,2200,176,2376
d8e75789-1e7f-4d0b-8a2e-d6abe82b43db,dfcbcca6-3b8b-4b74-8b8a-35d542b61bea,2022-06-03 08:06:00,b3406af8-c4a9-4d2d-9e30-e06f3da01c15,600,48,648
db0e6907-475e-4ce3-bbae-dbed3f4c6c11,5169248c-0343-424f-9004-6c4898defb2e,2022-06-03 09:24:00,b3406af8-c4a9-4d2d-9e30-e06f3da01c15,1700,136,1836
fb7fbcfd-439a-4ad6-a1f3-1be84fa9ab19,3e0bfbc5-de9c-4029-9e07-9abf3ea45e78,2022-06-03 08:07:00,b3406af8-c4a9-4d2d-9e30-e06f3da01c15,400,32,432
a43a4cfe-dc85-4033-958a-a929b2a9296f,5f7050b5-70b0-4e68-87ca-3057e2b22fec,2022-06-03 08:24:00,b3406af8-c4a9-4d2d-9e30-e06f3da01c15,700,56,756
d7d7634c-58e6-4b32-b11a-9490391252be,33cfa771-7267-4b01-be99-d035630b41c7,2022-06-03 12:10:00,b3406af8-c4a9-4d2d-9e30-e06f3da01c15,1700,136,1836
af54c652-3223-46ae-9c47-a6e9b8d57766,09a85561-3dcd-44bf-b9d7-6e19a1d38ecb,2022-06-03 08:05:00,b3406af8-c4a9-4d2d-9e30-e06f3da01c15,1100,88,1188
6da7812b-5659-47c7-978b-cd73b4ebf527,cf232296-6a6b-4d24-9a71-2649bcbac8c1,2022-06-03 12:12:00,b3406af8-c4a9-4d2d-9e30-e06f3da01c15,400,32,432
37cdd602-581e-4ed7-a7bc-036d1d7d22e7,58618b9b-fd0a-4274-bbe4-0fe50a9d9a88,2022-06-03 11:02:00,b3406af8-c4a9-4d2d-9e30-e06f3da01c15,500,40,540
c54b0edb-88be-46cc-8e55-53dee08df802,a4f9127b-d74a-4f58-810f-420971b161f1,2022-06-03 07:43:00,b3406af8-c4a9-4d2d-9e30-e06f3da01c15,1700,136,1836
c89cc4dc-9f30-4347-a6fe-eb561724f33e,ad313942-5f85-4732-8271-51d684aed9b6,2022-06-03 18:08:00,b3406af8-c4a9-4d2d-9e30-e06f3da01c15,2200,176,2376
7f0382b4-b871-47e1-b9e9-de7a53d21ffd,69f7975c-4dc8-44dc-a8cd-1ada09c809f4,2022-06-03 08:02:00,b3406af8-c4a9-4d2d-9e30-e06f3da01c15,600,48,648
dcc697d6-a2b4-4b23-8907-6c19dd15c629,93437d2a-3844-4289-b40d-fddae4789e9f,2022-06-03 08:52:00,b3406af8-c4a9-4d2d-9e30-e06f3da01c15,600,48,648
50e030f4-1133-4959-8fa9-b4a9b2b7773c,96f755ed-3cd7-4c7a-a270-c8decb7e333c,2022-06-03 07:50:00,b3406af8-c4a9-4d2d-9e30-e06f3da01c15,600,48,648
d004c702-d301-4379-8234-a629a32a8030,5426db7a-b305-431e-981b-30fb5a510434,2022-06-03 08:23:00,b3406af8-c4a9-4d2d-9e30-e06f3da01c15,400,32,432
89027d62-2a00-4cd2-aa02-a66c2f8f0b68,783a4c82-83fb-4f38-8f75-4a7e4824221c,2022-06-03 17:23:00,b3406af8-c4a9-4d2d-9e30-e06f3da01c15,1900,152,2052
8174a665-6c78-46e1-bf63-5ad8b1b14a1b,679485b7-5dd6-41b6-b898-8ef7079bc93a,2022-06-03 16:56:00,b3406af8-c4a9-4d2d-9e30-e06f3da01c15,1600,128,1728
e1cccac6-b24e-46e8-9f89-be3cdcc6d0de,6abd1eaa-ddec-4830-9213-0c88cbf37819,2022-06-03 08:13:00,b3406af8-c4a9-4d2d-9e30-e06f3da01c15,500,40,540
34b856c6-01f4-474c-9f54-2e0c075d1cd6,da5f74ed-37ae-4e24-a565-e28f636b84c1,2022-06-03 07:16:00,b3406af8-c4a9-4d2d-9e30-e06f3da01c15,600,48,648
7ccebcf7-f117-4770-992b-baf9170fdd20,6541cefd-735f-4fc9-836f-dbc22255ad85,2022-06-03 17:55:00,b3406af8-c4a9-4d2d-9e30-e06f3da01c15,1900,152,2052
3fbadec4-9146-4524-ad9a-0fdd983539b4,f2c43620-2285-47a4-9419-0fb60eb8d25a,2022-06-03 08:02:00,b3406af8-c4a9-4d2d-9e30-e06f3da01c15,600,48,648
b3f9a5db-6057-4ddc-b35a-f6cbd7c5fd93,3bd451ff-c133-4697-ac9d-1dfee63011f5,2022-06-03 12:29:00,b3406af8-c4a9-4d2d-9e30-e06f3da01c15,1700,136,1836
c586aa29-6150-450a-b984-c1603c9f761c,780dac38-0863-491a-b46d-bc3cd528c1e4,2022-06-03 08:13:00,b3406af8-c4a9-4d2d-9e30-e06f3da01c15,600,48,648
ff80a5fa-7a8f-49d3-b03c-0bb621bccd83,2a2621d7-3929-4b01-ba9c-c91bc485bd78,2022-06-03 12:11:00,b3406af8-c4a9-4d2d-9e30-e06f3da01c15,2100,168,2268
22f56f61-9306-4ccf-9ee1-34bd98c60c89,4c25cfbb-7971-47e1-be1f-7a5110941d8e,2022-06-03 15:46:00,b3406af8-c4a9-4d2d-9e30-e06f3da01c15,600,48,648
9c10b7fa-cdb5-46e1-89de-94f97c1b4cb2,f0ef0634-7b1f-4088-9657-9ad991d04f64,2022-06-03 07:45:00,b3406af8-c4a9-4d2d-9e30-e06f3da01c15,500,40,540
a35a52e2-a204-4495-81ff-0f7d360c72e8,d9345814-fb89-4e3f-9b22-312557035896,2022-06-03 15:16:00,b3406af8-c4a9-4d2d-9e30-e06f3da01c15,700,56,756
eaf32b2a-0f11-4c76-9f59-81777a96e196,b5b8ba14-c913-48ca-8f53-c0634b770bc5,2022-06-03 07:56:00,b3406af8-c4a9-4d2d-9e30-e06f3da01c15,600,48,648
7b335bb8-611d-45ea-89c4-cab46eb94393,4c1b1465-1124-4da0-a845-304ff87d7b80,2022-06-03 11:36:00,b3406af8-c4a9-4d2d-9e30-e06f3da01c15,600,48,648
2c5a7694-d9a2-4140-bf14-b352a0f50cbb,df944cfd-9e28-4a8b-8d3d-71140900f498,2022-06-03 09:31:00,b3406af8-c4a9-4d2d-9e30-e06f3da01c15,3600,288,3888
5c55f5b2-0ca2-4b25-ade3-e78736197b2f,75c09e8f-8645-4c9f-ac93-1699443c14cb,2022-06-03 07:25:00,b3406af8-c4a9-4d2d-9e30-e06f3da01c15,400,32,432
52878181-5331-4525-9716-a17120b87811,dde07e03-7642-4680-83ea-1d2d9c20a749,2022-06-03 10:37:00,b3406af8-c4a9-4d2d-9e30-e06f3da01c15,600,48,648
