ID,CUSTOMER,ORDERED_AT,STORE_ID,SUBTOTAL,TAX_PAID,ORDER_TOTAL
f2f3e6c6-7918-4cf3-88c1-a38e9522263c,b63aa58f-13c3-42ec-9b06-995371bd877a,2023-09-23 11:18:00,7610d689-246f-467d-8d80-991c4eef401a,3400,204,3604
2030c61a-4834-4396-a3a1-56e5d40a60ef,d96563d3-24d4-40e6-8f4e-a6c5f015d864,2023-09-23 08:50:00,7610d689-246f-467d-8d80-991c4eef401a,500,30,530
3294dd83-57c4-45f7-9ff7-e320df461a80,eccd1acd-eac1-49d7-ad10-8883982cdf7d,2023-09-23 14:35:00,7610d689-246f-467d-8d80-991c4eef401a,1700,102,1802
1f116fee-ad9b-4667-b076-cb768c925f1d,e5a13bcc-19f9-45d8-a832-a087b4609edd,2023-09-23 11:19:00,7610d689-246f-467d-8d80-991c4eef401a,3100,186,3286
b49c1d58-c9f2-4a62-a3ce-55cd4cdb73ac,935ecf18-cf34-41be-be72-c814ef6ded61,2023-09-23 12:34:00,7610d689-246f-467d-8d80-991c4eef401a,400,24,424
97d83dc5-edb2-4844-884b-e5961e5af0cd,d656f95b-6c2e-4372-ab17-a3bbc93812c1,2023-09-23 09:29:00,7610d689-246f-467d-8d80-991c4eef401a,600,36,636
893b21ce-985e-4dee-a752-1fdf9e9b69e2,9d3a25c7-6660-41b6-b754-79957ff6a492,2023-09-23 11:47:00,7610d689-246f-467d-8d80-991c4eef401a,1800,108,1908
025b3574-2da3-4b80-8731-ba3f0ce5a2e5,de57e4f7-4879-435d-a9e1-c9a1763d4961,2023-09-23 14:21:00,7610d689-246f-467d-8d80-991c4eef401a,700,42,742
e3bf96aa-703f-4f4c-baa4-c603639eb8d7,9a65f806-8121-4335-941d-d0326c2e4675,2023-09-23 08:54:00,7610d689-246f-467d-8d80-991c4eef401a,600,36,636
2850fc87-c8e6-4361-932b-048b1a9ed39b,86c4ac2a-6715-4ef9-9c77-5d7ee2ab98c2,2023-09-23 12:14:00,7610d689-246f-467d-8d80-991c4eef401a,1600,96,1696
5b2e1dbb-c1bf-4337-97f5-81e8ecb3b78e,f77213fa-b911-48e6-becc-47ab3ca82531,2023-09-23 13:55:00,7610d689-246f-467d-8d80-991c4eef401a,9000,540,9540
36b7f51f-2e3c-4ac1-aa40-1ab5b0121d5b,8d6d38a0-38c1-46db-9015-09308fac8af1,2023-09-23 14:39:00,7610d689-246f-467d-8d80-991c4eef401a,600,36,636
b12d1d36-24a8-4d02-9392-2a20deb51929,0e0c8e84-cfbc-42b7-801d-472fcfe74005,2023-09-23 11:31:00,7610d689-246f-467d-8d80-991c4eef401a,1800,108,1908
d2464bbe-75b5-4fc3-8f1a-afead2e7fe0d,8785831c-5b13-4d33-9243-3246b8db4437,2023-09-23 13:50:00,7610d689-246f-467d-8d80-991c4eef401a,2400,144,2544
e4ad56f5-cf39-4ea7-9e98-080b8821b09f,3964d6e6-da15-4d05-bfc2-fc2846545d29,2023-09-23 14:57:00,7610d689-246f-467d-8d80-991c4eef401a,600,36,636
3c818c4e-6021-4c12-9abc-a59e0716e27c,badf96c0-ba6a-4fa3-97ee-fd6c2720e723,2023-09-23 12:46:00,7610d689-246f-467d-8d80-991c4eef401a,1800,108,1908
61cef839-7012-4aec-bb4d-e288353c4f27,fa0e12db-f609-4728-81c6-46ef4455bb0c,2023-09-23 14:02:00,7610d689-246f-467d-8d80-991c4eef401a,1900,113,2013
3cb8268d-a758-4707-b596-7a61471cd56c,bcf395ee-025e-44f8-8f73-484421f6d5fb,2023-09-23 13:46:00,7610d689-246f-467d-8d80-991c4eef401a,600,36,636
a8cd4a0d-c10e-4425-8d8e-bb6b4065d97c,0c529dfd-49aa-48cb-a325-93d6b7afd057,2023-09-23 10:36:00,7610d689-246f-467d-8d80-991c4eef401a,1700,102,1802
706310cf-a2e0-4fa7-acb4-9574b52c4b94,250b3408-c860-4797-ac34-33728bf59c99,2023-09-23 13:01:00,7610d689-246f-467d-8d80-991c4eef401a,1800,108,1908
1164f86a-3c95-4e14-862f-56c21592a89a,a6b53394-b08a-4498-b7c3-91454743d0a8,2023-09-23 11:33:00,7610d689-246f-467d-8d80-991c4eef401a,500,30,530
d7481bb1-d085-46f9-901f-63588051ed9b,4d4c7b21-8990-4720-990f-7746db61168d,2023-09-23 12:31:00,7610d689-246f-467d-8d80-991c4eef401a,700,42,742
c476d10e-43e5-4f1e-82e5-75c3772a4aba,9cde1e0d-05f3-450f-bf5a-fa46ba556e66,2023-09-23 12:55:00,7610d689-246f-467d-8d80-991c4eef401a,600,36,636
6f54360f-63b2-40c4-999a-77c734d41e93,2e85fe24-c31c-4881-81b3-ad7239cb4f5d,2023-09-23 13:38:00,7610d689-246f-467d-8d80-991c4eef401a,400,24,424
a7aff6bb-dc6e-4072-ac35-cf5b4c7e39ed,37185ad3-bd4b-4923-b4cb-d81ca7d9dcf4,2023-09-23 13:18:00,7610d689-246f-467d-8d80-991c4eef401a,1800,108,1908
5b882ab4-0889-412c-8234-2dd2a5aff786,eadecf6d-7e61-47f3-a9e1-92d5865305e0,2023-09-23 14:19:00,7610d689-246f-467d-8d80-991c4eef401a,2000,120,2120
a2dc49db-4dfc-4f16-815d-c91d9da7ab85,fd83b192-3673-4790-b1d1-967d5dc2f077,2023-09-23 14:43:00,7610d689-246f-467d-8d80-991c4eef401a,6600,396,6996
1a601bb1-adf3-498c-a22c-ee814f2a739e,17c989af-cb52-424e-8121-50c2400296c8,2023-09-23 12:06:00,7610d689-246f-467d-8d80-991c4eef401a,3300,198,3498
80f87515-9d75-4365-8537-6e0589974a8d,9d86b78b-c5a3-4c47-afde-b6f079c7571f,2023-09-23 09:20:00,7610d689-246f-467d-8d80-991c4eef401a,600,36,636
fb6bd896-129f-4cb2-b53d-a27de5a8a130,bfe35a69-b127-44c7-bbe4-57d792e4448f,2023-09-23 12:41:00,7610d689-246f-467d-8d80-991c4eef401a,5200,312,5512
dbabee8d-3dea-4535-b90c-b8fda5620629,2168d1cd-b8d0-48cc-bba5-45bde32172ca,2023-09-23 11:20:00,7610d689-246f-467d-8d80-991c4eef401a,400,24,424
61a30d59-83f6-461e-acde-ffd1f64b8994,c65c84dc-a62e-4033-b9cc-29e85a52a72b,2023-09-23 12:31:00,7610d689-246f-467d-8d80-991c4eef401a,5000,300,5300
7dce3baa-19e4-4d21-aade-36584d177c37,535833dc-00da-4d3d-89a5-24d05500e1a0,2023-09-23 09:56:00,7610d689-246f-467d-8d80-991c4eef401a,600,36,636
d4f55bcf-4403-4d60-9aa1-1d6b13f8b7ad,0f0fef3b-66fb-4716-9807-7a8a2bcec7e7,2023-09-23 08:40:00,7610d689-246f-467d-8d80-991c4eef401a,500,30,530
8f7c268b-e3d7-4bee-866b-ed0ab6d99d4d,87ab0db5-dea7-42ec-9f0c-2845b0311a5e,2023-09-23 08:31:00,7610d689-246f-467d-8d80-991c4eef401a,600,36,636
445b20c1-8090-43c5-ba25-3ec69d953cfc,1c9cfb2c-1d6e-42ea-abd2-7970d24360ec,2023-09-23 08:56:00,7610d689-246f-467d-8d80-991c4eef401a,400,24,424
d882f011-f704-441d-b6fb-ac66262fef65,a098d142-670c-47f0-9877-a90b05422050,2023-09-23 11:18:00,7610d689-246f-467d-8d80-991c4eef401a,700,42,742
f04815c5-03b7-40ba-9633-26cca78b10c6,48959ed8-08dd-4ef2-bffb-7a52f1416a29,2023-09-23 08:23:00,7610d689-246f-467d-8d80-991c4eef401a,600,36,636
9206d2e8-069f-4e66-b364-a4d720b37270,8f26c5f3-d199-4865-9cd0-d378c852edfb,2023-09-23 12:40:00,7610d689-246f-467d-8d80-991c4eef401a,8600,516,9116
7e84cc59-8e86-43ff-a981-1de76da62ecd,f823dac0-6919-4b52-bdc1-4e4e7aa07baa,2023-09-23 09:58:00,7610d689-246f-467d-8d80-991c4eef401a,0,0,0
2eb77305-abd9-46c0-90d2-bf773a9b5215,a35a2470-78bd-43fe-aca9-e82d731daecc,2023-09-23 12:39:00,7610d689-246f-467d-8d80-991c4eef401a,600,36,636
472c311e-85d7-48ef-a9cc-907f38b467fc,22fa3e88-bc50-4934-8b6d-1e16ec124ea5,2023-09-23 12:07:00,7610d689-246f-467d-8d80-991c4eef401a,1200,72,1272
db3b77c9-4985-4da8-bebe-9acbc6443af9,152e39ef-e32b-4140-8d4c-84e1f4efe4ab,2023-09-23 11:53:00,7610d689-246f-467d-8d80-991c4eef401a,600,36,636
95d11d5d-8c02-4bd4-b213-3653f50f6322,50d04cb2-9ccc-43f5-91d5-ae3876fd9541,2023-09-23 10:36:00,7610d689-246f-467d-8d80-991c4eef401a,6800,408,7208
bb9eae57-dce8-4f56-a8a8-69e2df361f6e,572afe5e-e82a-45af-aaac-35948537d83b,2023-09-23 10:11:00,7610d689-246f-467d-8d80-991c4eef401a,600,36,636
b6cee34c-adab-413f-acfc-030152230eac,e59b4e1f-ba7c-401c-8106-d4745af1b66c,2023-09-23 10:17:00,7610d689-246f-467d-8d80-991c4eef401a,600,36,636
5c72f5a7-3305-4e9c-b91c-4e52afe8117d,f695d71e-f422-4325-9add-b509be6e4bf1,2023-09-23 13:34:00,7610d689-246f-467d-8d80-991c4eef401a,700,42,742
c8fc2241-dc9c-41fc-8b25-947b7464cb98,19a5fabf-dfd8-444b-a759-fba1764e5bf1,2023-09-23 14:21:00,7610d689-246f-467d-8d80-991c4eef401a,1700,102,1802
4dd198f9-45f5-40d3-b49e-be7dbf3c6fb3,e44343af-786f-460f-afe9-276fafd4ab72,2023-09-23 12:48:00,7610d689-246f-467d-8d80-991c4eef401a,500,30,530
73079719-48cf-45bd-ae24-8108dd65e8ac,613506d3-bbbb-46a9-80a4-74136dd808d8,2023-09-23 11:59:00,7610d689-246f-467d-8d80-991c4eef401a,8900,534,9434
497ed1f6-9f78-4bc8-a85e-613beba96eef,270fc651-fdbe-43d7-b9d3-e6bc8d729c00,2023-09-23 13:54:00,7610d689-246f-467d-8d80-991c4eef401a,500,30,530
6ad3a276-b87b-4c4c-bbf4-251eb9827a62,c237445f-671d-4218-96f0-ea7398e347b5,2023-09-23 14:04:00,7610d689-246f-467d-8d80-991c4eef401a,3300,198,3498
0a04dd4d-93b2-4e2f-9900-02b66cb9895a,dfe2ecc4-6a89-42bf-809d-eb6d3b80f03c,2023-09-23 08:46:00,7610d689-246f-467d-8d80-991c4eef401a,600,36,636
e7dbec16-ee1c-46fd-8ea2-70f295988505,5dee43b9-6180-423d-aa66-0c975c7a6254,2023-09-23 10:45:00,7610d689-246f-467d-8d80-991c4eef401a,600,36,636
827bab48-96e2-4939-be92-9b64b22c583d,c15f166b-5eea-4544-95ba-c06ab6bdfd54,2023-09-23 14:11:00,7610d689-246f-467d-8d80-991c4eef401a,600,36,636
c55ffe7d-30e3-4a94-81fa-979671114ee1,7a3e0a67-3f90-4b44-ad0e-93018ee4fb40,2023-09-23 10:20:00,7610d689-246f-467d-8d80-991c4eef401a,2200,131,2331
7736649e-96b2-49e7-9c15-5f0a363cb0d8,3d3e4921-3d30-426a-872b-cc8693281fc6,2023-09-23 11:32:00,7610d689-246f-467d-8d80-991c4eef401a,2000,120,2120
643408d2-3705-4f49-ab57-924a3d8ff9d8,305850ce-ab58-486d-ade8-9d4694703ebd,2023-09-23 14:50:00,7610d689-246f-467d-8d80-991c4eef401a,3400,204,3604
f5089bb2-fae1-4d19-a0f2-e612e042e16a,eb33fc86-6f35-4862-88ff-4bf1a6932bc9,2023-09-23 13:10:00,7610d689-246f-467d-8d80-991c4eef401a,1700,102,1802
bb95d2ec-0cc9-460f-963d-c3106f7dedb9,02af6d80-129a-42e4-99b4-70b2f68dc3b9,2023-09-23 14:30:00,7610d689-246f-467d-8d80-991c4eef401a,600,36,636
c5279b4a-027d-481a-8b83-c4d155e8c2af,72e13104-7269-4435-bea8-a47235f8672c,2023-09-23 11:26:00,7610d689-246f-467d-8d80-991c4eef401a,5500,330,5830
daf006be-9369-47b3-8112-59ff945edf7d,15486b39-7a71-4495-bf11-ac981944cb2f,2023-09-23 14:05:00,7610d689-246f-467d-8d80-991c4eef401a,6900,413,7313
ceb55aea-6b0f-4235-8b91-eb17d1cbd80b,b973cfc5-c344-4b2d-8fc4-92b69286c494,2023-09-23 13:33:00,7610d689-246f-467d-8d80-991c4eef401a,500,30,530
be50e2a1-4152-4ae9-98ab-b574bd4813c5,01379543-0861-4990-9b27-e2002969a94f,2023-09-23 14:54:00,7610d689-246f-467d-8d80-991c4eef401a,3700,221,3921
a50bef34-7530-46d1-ae7d-2ce900dcbc34,cca4d2f2-7b78-4400-800f-84e9491d330d,2023-09-23 13:16:00,7610d689-246f-467d-8d80-991c4eef401a,2900,174,3074
ca627f68-62a8-4457-a19c-0825081941ce,7717cdcc-4f26-4e53-9983-5026a5640dc4,2023-09-23 12:53:00,7610d689-246f-467d-8d80-991c4eef401a,8600,516,9116
38333211-5167-4a21-a573-edf4debfa072,f4898a14-5fe5-48dc-b6bb-1f435392dede,2023-09-23 14:51:00,7610d689-246f-467d-8d80-991c4eef401a,700,42,742
70cb9364-2d64-4f13-801d-b9d1aa449b3c,72bac195-4083-485e-9081-df5b269d5f48,2023-09-23 14:50:00,7610d689-246f-467d-8d80-991c4eef401a,1600,96,1696
c335c1d0-36e6-4395-a4f2-4675a8752956,b6d3e5d5-7a33-4109-8536-d7dc379d80a8,2023-09-23 13:44:00,7610d689-246f-467d-8d80-991c4eef401a,3500,210,3710
f6e6cdb8-a904-47bb-aeaa-deb4374d82b7,b79f9939-07ce-4f15-bdca-a9e5a43ab862,2023-09-23 13:03:00,7610d689-246f-467d-8d80-991c4eef401a,700,42,742
eae4b9f4-997b-4369-a314-d60dfc4286b3,32345ea1-d6dd-445e-b775-1a2c80078c05,2023-09-23 08:00:00,7610d689-246f-467d-8d80-991c4eef401a,1900,113,2013
c96a8f70-4569-4e3c-805c-0cc9c30c3944,5cc04c18-22fc-4740-a0eb-1525efaf23ad,2023-09-23 13:03:00,7610d689-246f-467d-8d80-991c4eef401a,1300,78,1378
1d98ac33-090b-485e-b418-577280ef6851,b7fb5b2f-9636-4e7b-be18-b43d0df3c929,2023-09-23 14:01:00,7610d689-246f-467d-8d80-991c4eef401a,700,42,742
a3848b4f-bd4a-46d9-a226-339de2319cf5,26ab928d-c37b-47c3-8949-f5c62e9b8d76,2023-09-23 14:53:00,7610d689-246f-467d-8d80-991c4eef401a,600,36,636
8240628a-2b52-46bb-aaa8-2ceb7d5e7267,4ae668eb-6510-4e45-96be-bcea4185ecd2,2023-09-23 13:31:00,7610d689-246f-467d-8d80-991c4eef401a,400,24,424
88feb37b-eb4b-4981-9c38-af7579c21949,946f1cde-d4d1-4fc4-9e42-a82375962636,2023-09-23 14:57:00,7610d689-246f-467d-8d80-991c4eef401a,700,42,742
b081cd32-860d-4db9-8467-4ef9cb50822e,2bf81bda-a1ca-4b73-be11-695b1539a339,2023-09-23 14:58:00,7610d689-246f-467d-8d80-991c4eef401a,1800,108,1908
62ddf6f4-3164-4cec-b13c-7e796f47d99f,70216b97-9f6c-4474-a45e-c8e31684968c,2023-09-23 14:37:00,7610d689-246f-467d-8d80-991c4eef401a,3800,227,4027
c7bc37f1-d21a-429a-8baf-a5d86ede7574,cb929743-17c3-430c-91be-1a5d739adbb4,2023-09-23 12:06:00,7610d689-246f-467d-8d80-991c4eef401a,3000,179,3179
26744398-5e97-4762-bb50-a5d4dbbb2cb0,cec3488a-b584-4a3a-a0c8-8e8e9fe62005,2023-09-23 12:18:00,399dfec4-01ec-4e84-80b5-cb325d670571,1100,44,1144
36107529-5406-4588-82be-6284e492f2a1,2d691724-c042-4e6d-af25-3d4016fae282,2023-09-23 11:05:00,399dfec4-01ec-4e84-80b5-cb325d670571,2600,104,2704
888b9c68-eb77-4be2-8292-ff882a00666c,c1a49c63-0984-4345-b3fa-4c855c292ebb,2023-09-23 11:24:00,399dfec4-01ec-4e84-80b5-cb325d670571,3500,140,3640
8bf5cb8d-c383-41bc-b4e3-c9a3209a97a3,53ecd14e-4a0e-482b-822a-40b5dc4a44c1,2023-09-23 12:29:00,399dfec4-01ec-4e84-80b5-cb325d670571,3200,128,3328
7e8d2a5f-be4f-4c01-a6cd-3523464ea3ca,db87d877-edc8-48fa-aa05-4c0b4f588a5d,2023-09-23 12:04:00,399dfec4-01ec-4e84-80b5-cb325d670571,5500,220,5720
c287f42a-4154-4375-8141-d31d29799049,df529715-211d-4d44-bce5-8c04f8447eeb,2023-09-23 12:43:00,399dfec4-01ec-4e84-80b5-cb325d670571,1100,44,1144
34cc1f8e-e370-458a-bc31-8be6c4255276,6473da95-ec67-40b5-9a54-1fbf8c7e1aae,2023-09-23 12:27:00,399dfec4-01ec-4e84-80b5-cb325d670571,5300,212,5512
2da34bf0-6e88-4f50-afa0-78e034da9879,d6af4950-fefc-44bb-8701-d252bd522f00,2023-09-23 08:54:00,399dfec4-01ec-4e84-80b5-cb325d670571,500,20,520
078a65ae-8f95-4d88-a167-9337314e15fb,3f9ce19d-dc65-49bd-81d5-de27d736b5bf,2023-09-23 13:33:00,399dfec4-01ec-4e84-80b5-cb325d670571,400,16,416
fa6b468d-e41c-4e7d-978f-32f11ab6a041,337e472c-b132-404f-b734-2693796b2745,2023-09-23 11:56:00,399dfec4-01ec-4e84-80b5-cb325d670571,0,0,0
a5b8b8b7-2d70-400a-8cb5-11759faa8636,711044e1-8bdf-47ab-b9ab-3d108e5590d9,2023-09-23 14:08:00,399dfec4-01ec-4e84-80b5-cb325d670571,2400,96,2496
626c8086-8ecf-4a74-8a3c-3b338ccc1e26,56d6314c-e71c-4755-a3c1-d6c428548b7a,2023-09-23 11:43:00,399dfec4-01ec-4e84-80b5-cb325d670571,0,0,0
d72c7b44-b580-4d5d-b811-519e0db4647b,3d7cdfc9-1821-4c17-9452-dbd3c6aff80a,2023-09-23 14:55:00,399dfec4-01ec-4e84-80b5-cb325d670571,6400,256,6656
bca48ce4-0c74-4f64-8e45-40b6d5b37deb,50580cce-0003-489b-ac75-1e865cae783d,2023-09-23 13:46:00,399dfec4-01ec-4e84-80b5-cb325d670571,600,24,624
b2fb86e0-c666-4788-a817-cb118d230890,b132d7fb-457b-400a-a86e-27a184517bc5,2023-09-23 14:44:00,399dfec4-01ec-4e84-80b5-cb325d670571,600,24,624
7d30872e-d70b-4b6a-8ef8-c0c2f7a2dbdb,0e8e5ba3-41fa-49ca-97f4-c447a239e83f,2023-09-23 12:53:00,399dfec4-01ec-4e84-80b5-cb325d670571,2100,84,2184
725a8f77-ee60-4799-8a6c-9bd0b6bcc097,8d3da390-2ca0-4b6b-9ede-107ac967da0f,2023-09-23 14:19:00,399dfec4-01ec-4e84-80b5-cb325d670571,1200,48,1248
f08a959c-b58c-4eae-b635-b13ad2b98210,52a20272-6bdc-4d6e-abb9-dabf740d6785,2023-09-23 12:28:00,399dfec4-01ec-4e84-80b5-cb325d670571,2000,80,2080
2067108f-d15f-4a4d-8c82-81d458a28cbb,663d6f2d-b261-41f8-9bd0-720ac381ffa2,2023-09-23 11:31:00,399dfec4-01ec-4e84-80b5-cb325d670571,3400,136,3536
ba90d4a9-44e2-42a1-b846-6d3e1e1eb21e,a2e3fd26-2816-46d6-ae54-36f0fbc88f9b,2023-09-23 13:58:00,399dfec4-01ec-4e84-80b5-cb325d670571,8500,340,8840
453c23d5-8776-48ca-bfc8-6577f14dc9d7,af32d332-5348-4db7-b85e-10e8c869b09b,2023-09-23 11:09:00,399dfec4-01ec-4e84-80b5-cb325d670571,400,16,416
62d8380d-3ca2-4c1d-bc5f-d0af1f984aa3,837b4aa0-c89e-4bd4-bb7b-eb47bb546bea,2023-09-23 13:21:00,399dfec4-01ec-4e84-80b5-cb325d670571,500,20,520
c0d067bd-8d67-420d-8b00-e173258b02dd,96e76e0f-05a8-4b35-8c59-a93df15f3359,2023-09-23 10:37:00,399dfec4-01ec-4e84-80b5-cb325d670571,1300,52,1352
622b1ddb-8e3c-49b8-85fa-dad3ef9115f3,72d7d14a-ebf1-4fd0-8392-dc880839a2da,2023-09-23 12:57:00,399dfec4-01ec-4e84-80b5-cb325d670571,1800,72,1872
e1294d6f-5274-4b32-8b93-c635cdbe34a7,6d4c7874-f396-4603-9f6b-243c1b2f5249,2023-09-23 08:43:00,399dfec4-01ec-4e84-80b5-cb325d670571,700,28,728
c44e87ad-3cbd-4574-9abb-760887da0d91,1fd4af81-2e12-4ed4-8893-dd4eaee5ae1a,2023-09-23 12:34:00,399dfec4-01ec-4e84-80b5-cb325d670571,400,16,416
d4c7c875-e5a9-4cb7-a828-d267e317a1c9,b19ade62-28e0-4316-9ad0-505bd4086678,2023-09-23 11:11:00,399dfec4-01ec-4e84-80b5-cb325d670571,2900,115,3015
7adb5066-f3b0-4eda-8ad0-3cb6b86e6511,fd59c062-af23-4f13-964f-d33abe7a9d2a,2023-09-23 13:40:00,399dfec4-01ec-4e84-80b5-cb325d670571,2500,100,2600
b830c9fe-1057-4bf0-b3b3-e973d31fd383,09e696b6-7012-4e6d-8c75-c9cee3a1b483,2023-09-23 11:24:00,399dfec4-01ec-4e84-80b5-cb325d670571,3700,148,3848
bc4902a4-31c3-45de-8a29-2ecdd7e7ba9c,f4c58163-72ff-4bb0-bb23-a96e150c760b,2023-09-23 12:30:00,399dfec4-01ec-4e84-80b5-cb325d670571,600,24,624
b14be34a-1bb9-400f-80ab-18270164f8e9,34841c77-0ef1-4182-a690-bf7189924a9d,2023-09-23 13:34:00,399dfec4-01ec-4e84-80b5-cb325d670571,0,0,0
a83421a4-236c-449e-91f9-9ada88da1e7a,9dadd28f-ff99-47e5-acc2-1853d367765c,2023-09-23 12:54:00,399dfec4-01ec-4e84-80b5-cb325d670571,5100,204,5304
0b0b9cd1-ff62-4d12-9e79-2bc17821d7b7,bb23bd8f-2dbd-42e5-93dd-0ec45e5fecdf,2023-09-23 14:20:00,399dfec4-01ec-4e84-80b5-cb325d670571,3200,128,3328
bdd405c2-a51a-44f2-ab63-11592ae06efd,c2e46f89-14b1-43c3-ac54-bfa75042db0e,2023-09-23 14:28:00,399dfec4-01ec-4e84-80b5-cb325d670571,700,28,728
4b0edd36-ec9f-4635-bed2-886aa8bea524,446b3f9c-d290-4c3b-a93c-b329d64e2995,2023-09-23 13:42:00,399dfec4-01ec-4e84-80b5-cb325d670571,400,16,416
b8be964d-8d84-4a97-8e27-097734381624,629bb157-c4df-452d-a729-0111736034e2,2023-09-23 13:23:00,399dfec4-01ec-4e84-80b5-cb325d670571,3500,140,3640
3e8285f6-10f6-45c4-b024-3ba8aac6d125,8c84dcd6-b688-4626-9015-e867dc2f3b84,2023-09-23 12:17:00,399dfec4-01ec-4e84-80b5-cb325d670571,400,16,416
34cdec09-1ba2-4fbd-abd8-6e23aeed135b,04118228-dc07-47b3-aa7d-8af1dd2612fc,2023-09-23 09:45:00,399dfec4-01ec-4e84-80b5-cb325d670571,700,28,728
995881a8-f93e-4b8b-b446-61eb2859e01c,c80f7422-fd62-4bf9-aa1f-e01de5afd158,2023-09-23 12:36:00,399dfec4-01ec-4e84-80b5-cb325d670571,600,24,624
6c2b8748-1174-41f5-80ed-370b44ad7e02,62ffd2c6-fb04-45b8-9953-aeaf4dc0e21b,2023-09-23 09:23:00,399dfec4-01ec-4e84-80b5-cb325d670571,700,28,728
5c62918c-d95f-45cb-9b7b-3399b0f70ca4,62535265-3e0d-4546-bd87-83f41ff4ab86,2023-09-23 13:50:00,399dfec4-01ec-4e84-80b5-cb325d670571,3000,120,3120
7aa114ee-d23a-40a4-b33d-7d353be47303,5c39c7e9-ba41-475b-98fa-b33e52498c90,2023-09-23 13:38:00,399dfec4-01ec-4e84-80b5-cb325d670571,9200,368,9568
cf12e10c-4383-48b4-b5a6-6a7e9cf2a490,79510d33-bbdc-453f-99c6-d8152f32a866,2023-09-23 10:55:00,399dfec4-01ec-4e84-80b5-cb325d670571,3500,140,3640
ff3fb02e-ee2a-4463-b0bf-aa242f1718e8,b531b498-2a6e-4860-986c-f8afddc6cdae,2023-09-23 12:02:00,399dfec4-01ec-4e84-80b5-cb325d670571,2900,115,3015
50362370-6b51-4923-ae2a-18f204ad0489,abb767ed-1de9-41de-92e4-140ee3246209,2023-09-23 11:05:00,399dfec4-01ec-4e84-80b5-cb325d670571,5200,208,5408
c6587767-6a5b-4bea-a564-887307277ed8,113856d3-99ee-41a6-b3f6-e3a0f903c8ab,2023-09-23 14:36:00,399dfec4-01ec-4e84-80b5-cb325d670571,500,20,520
68800a86-b51e-4b00-83b0-7457a7b1fbe1,88e57846-c8cb-4193-8d2c-3838dfb36233,2023-09-23 12:22:00,399dfec4-01ec-4e84-80b5-cb325d670571,1900,76,1976
7de95835-981c-40b4-be1b-0e03fb49f474,bd71fb03-b338-4c1f-a560-f9b491c9b18b,2023-09-23 08:00:00,399dfec4-01ec-4e84-80b5-cb325d670571,500,20,520
d03c8999-b264-4141-b4aa-713b6852e0d5,36d8f661-8eac-4e1f-98cf-39fff66ce3a8,2023-09-23 14:54:00,399dfec4-01ec-4e84-80b5-cb325d670571,8900,356,9256
9518aaff-c683-4ca8-bc95-c7f83c9ad147,32493412-a54d-44b7-be0f-be74f4848984,2023-09-23 14:49:00,399dfec4-01ec-4e84-80b5-cb325d670571,500,20,520
40507315-a4c8-4257-bc42-4046b5be2e42,386340af-6088-4f1f-ae02-2c9b5354c3a8,2023-09-23 13:22:00,399dfec4-01ec-4e84-80b5-cb325d670571,5000,200,5200
9136f3ea-2414-4f6a-8995-62c47b9d1a2f,9d5d41c1-38c8-4da6-9be9-23487ec0ea78,2023-09-23 09:22:00,399dfec4-01ec-4e84-80b5-cb325d670571,400,16,416
c3f482fb-1280-4cfe-bac1-22b36c8adfe7,8ca41c27-cf82-46d7-a704-e9548ff9b94d,2023-09-23 13:59:00,399dfec4-01ec-4e84-80b5-cb325d670571,1900,76,1976
5c714ce9-1468-48ca-9d70-82618067b044,874fbe8c-bcde-420d-a9c7-67c24c1a8497,2023-09-23 10:34:00,399dfec4-01ec-4e84-80b5-cb325d670571,1900,76,1976
ab237b9c-66be-41aa-b063-9eb25097a6d7,326a2b73-6cc2-4f9b-af87-2bb1b3b8eb24,2023-09-23 10:52:00,399dfec4-01ec-4e84-80b5-cb325d670571,3900,156,4056
67114b8b-6bce-4f48-b373-b1928f9f342f,4c7de6c4-7bb8-4a14-a7e5-7073faf72cfe,2023-09-23 14:17:00,399dfec4-01ec-4e84-80b5-cb325d670571,400,16,416
4f742b61-e34f-44af-b451-baf8f47fd6da,4c902353-eb78-41c4-bdea-e19c5de3d638,2023-09-23 14:22:00,399dfec4-01ec-4e84-80b5-cb325d670571,400,16,416
b57f8474-4dee-4b1c-a257-91558a4bb813,a027cde1-ec2d-4458-847a-97019eb00598,2023-09-23 14:20:00,399dfec4-01ec-4e84-80b5-cb325d670571,1300,52,1352
3c6b8ae3-36e9-4fbd-a73d-03fd0706da2e,17b1a7d9-2651-4eee-9121-2e7fd2acb293,2023-09-23 14:02:00,399dfec4-01ec-4e84-80b5-cb325d670571,6800,272,7072
daf0af47-853e-4455-b204-87bc4b5a7acd,5a7695c2-a2b0-4fa9-b900-f13d94db2390,2023-09-23 12:14:00,399dfec4-01ec-4e84-80b5-cb325d670571,600,24,624
796fa90b-7212-4cce-b737-642ebcc2b9b4,d2f473ee-74dd-4e74-aa50-96154104b78e,2023-09-23 10:17:00,399dfec4-01ec-4e84-80b5-cb325d670571,7000,280,7280
e45235d5-fa05-41e7-8642-30979f62456c,191e694f-4bc9-4786-b0b6-1198fbb81cf2,2023-09-23 13:49:00,399dfec4-01ec-4e84-80b5-cb325d670571,600,24,624
38f19515-d766-4ec1-ba81-f33573db6de0,e9a08355-9bf4-4d1e-8360-23a480b06bd9,2023-09-23 14:27:00,399dfec4-01ec-4e84-80b5-cb325d670571,1500,60,1560
f85b6d16-cd72-48b0-8c39-cb39cf0022b9,10bc48fd-188c-4186-bd31-1e725010e285,2023-09-23 14:53:00,399dfec4-01ec-4e84-80b5-cb325d670571,600,24,624
d4a381f8-dc4d-4d34-8035-4c6012e61312,ae2fbb8f-0ed4-4a44-9b72-66606afefc2a,2023-09-23 10:54:00,399dfec4-01ec-4e84-80b5-cb325d670571,2300,92,2392
a60127d9-d11a-4128-9d4b-bd3ea841b317,80d03c18-5d4d-4389-b427-61522fb1fd63,2023-09-23 12:10:00,399dfec4-01ec-4e84-80b5-cb325d670571,5300,212,5512
1081c103-1c4b-4ce2-9d18-54a618cd7392,fab0de85-1e9d-4a30-abed-e99da282f7a9,2023-09-23 13:37:00,399dfec4-01ec-4e84-80b5-cb325d670571,3300,132,3432
3e6ca5ed-5aa2-4adc-b5d0-f55b3632295f,4820e533-6ef9-474a-93c4-7d85c2f425a1,2023-09-23 13:04:00,399dfec4-01ec-4e84-80b5-cb325d670571,400,16,416
04ddffba-27f3-4e89-8307-80ba92cfe4a5,c1aa660d-8170-481b-b06b-b8fd060c8140,2023-09-23 12:22:00,399dfec4-01ec-4e84-80b5-cb325d670571,1200,48,1248
1d34e83b-f32d-42dd-a159-94250e22df69,e1e9b8c7-d134-4c0b-bcaa-e9fe90851348,2023-09-23 12:10:00,399dfec4-01ec-4e84-80b5-cb325d670571,2600,104,2704
00dce495-f79f-46db-915b-8706ec4f16c0,d6115923-276e-4dde-abe7-a6b5198bbc7a,2023-09-23 14:12:00,399dfec4-01ec-4e84-80b5-cb325d670571,8400,336,8736
979b684d-25e6-4853-8eee-0360fcdfd97c,175b56d1-f0a1-4312-80d4-933a026c0757,2023-09-23 09:20:00,399dfec4-01ec-4e84-80b5-cb325d670571,500,20,520
7b953274-7f96-43ef-8763-264765841cad,f191ab3a-8231-4801-81bb-066e8a8d27f5,2023-09-23 12:15:00,399dfec4-01ec-4e84-80b5-cb325d670571,1800,72,1872
02a0f563-f2ab-4314-90b3-32cbc8d8879e,c60b2684-3387-4c5b-9304-ce101427a10e,2023-09-23 09:44:00,399dfec4-01ec-4e84-80b5-cb325d670571,600,24,624
6171cae4-51b0-49e0-8246-14e213ed581e,bbd4a2a1-6d78-49be-847b-042067ac5461,2023-09-23 11:23:00,399dfec4-01ec-4e84-80b5-cb325d670571,400,16,416
62f076df-2e91-4f16-81af-af86feae2526,db1d43be-204c-41d6-a1fa-b33775789518,2023-09-23 13:45:00,399dfec4-01ec-4e84-80b5-cb325d670571,7000,280,7280
2a4b4b4b-d5e1-4ddd-8abe-e201cd4fabcf,1ab88a46-882c-4b36-afc9-ddeb8d516303,2023-09-23 12:02:00,399dfec4-01ec-4e84-80b5-cb325d670571,5400,216,5616
8ef58af7-cc86-4c82-92c1-8e5262b12018,88d26bb5-95e4-419a-802c-6557447e978d,2023-09-23 08:00:00,399dfec4-01ec-4e84-80b5-cb325d670571,1700,68,1768
fcdf2786-2a90-40e1-8d55-b16c6ae2138d,a25ae8e4-e175-4dfb-ba91-c16e75397b40,2023-09-23 08:48:00,399dfec4-01ec-4e84-80b5-cb325d670571,5200,208,5408
e46e08a4-ee2f-4be7-8069-7013ba06adfb,d4b10640-7bc3-4058-80e9-f6ec9935faa6,2023-09-23 09:33:00,399dfec4-01ec-4e84-80b5-cb325d670571,700,28,728
c562f708-b547-4163-a4d9-840d12e2b420,7b4451d7-07ec-4286-8bfa-d625ce343ee2,2023-09-23 14:18:00,399dfec4-01ec-4e84-80b5-cb325d670571,2600,104,2704
4b585d91-6d63-4ac9-a261-4472e651da59,47712520-fdeb-4483-bc9c-cbd3d715ddd0,2023-09-23 09:39:00,399dfec4-01ec-4e84-80b5-cb325d670571,600,24,624
2de0504b-8be7-44e9-877d-84c572f07ee4,a357ce93-5d89-46aa-a14e-af795d356c1f,2023-09-23 13:48:00,399dfec4-01ec-4e84-80b5-cb325d670571,1100,44,1144
a11d0003-e8bc-4d8c-9096-b16a4cd4907d,79a52461-0c06-42fc-8370-e6847c63aee6,2023-09-23 11:05:00,399dfec4-01ec-4e84-80b5-cb325d670571,5400,216,5616
030e5760-fc06-4779-8b40-06604f2be432,1cf7c15b-9c7e-4885-9240-b1459da8b9d3,2023-09-23 14:54:00,399dfec4-01ec-4e84-80b5-cb325d670571,600,24,624
7fe6f7c1-63bc-4857-ba42-be6986e06c38,74a6f9c9-02c1-4a67-9371-34ceb33c6518,2023-09-23 11:32:00,399dfec4-01ec-4e84-80b5-cb325d670571,6800,272,7072
8360a975-7f8e-4b5e-8e18-2cfaaad97eda,b259e63d-c998-4f0c-ab7f-8d3a22fd7aa7,2023-09-23 14:36:00,399dfec4-01ec-4e84-80b5-cb325d670571,2000,80,2080
04e3b579-8da8-4494-81be-684d1b477c76,1a01469a-0b40-4f83-b3f5-bfe9a0c8e2b2,2023-09-23 13:44:00,399dfec4-01ec-4e84-80b5-cb325d670571,5600,224,5824
ab49c659-7d3c-4284-98ad-0cbba4b57ea3,6fadd350-0f6a-4d1d-bedc-1227fa69f959,2023-09-23 14:35:00,399dfec4-01ec-4e84-80b5-cb325d670571,400,16,416
854e4278-ba61-4b0a-8ac5-010a31d4d22d,733bc17a-6b25-4b2f-9d45-bfe808dc93c0,2023-09-23 12:54:00,399dfec4-01ec-4e84-80b5-cb325d670571,600,24,624
996f68b6-86f2-4545-80b8-4ea8902dc2a2,21b796ce-f7e3-447f-b2fc-b7ab9e3f0d85,2023-09-23 13:43:00,399dfec4-01ec-4e84-80b5-cb325d670571,400,16,416
a8d9d7e0-6199-4a7e-a618-04e4e75238d6,e4c49a66-027e-4b84-b22c-e8d611b19dc2,2023-09-23 11:47:00,399dfec4-01ec-4e84-80b5-cb325d670571,700,28,728
e6b9bd79-818f-4e77-a75c-788481894448,422fefa1-9b72-4fdf-a2f6-6d5936e922d3,2023-09-23 12:22:00,399dfec4-01ec-4e84-80b5-cb325d670571,600,24,624
56c12639-a6ba-451a-8522-813e3d77ce62,d5fbd31a-52ec-4888-a8e9-72d82db651a8,2023-09-23 09:27:00,399dfec4-01ec-4e84-80b5-cb325d670571,600,24,624
ac0d708c-ff8d-447e-86f2-08b18b4e05fd,7fc87d1d-64fc-43a6-a3f4-85eeaf8e1886,2023-09-23 09:34:00,399dfec4-01ec-4e84-80b5-cb325d670571,1300,52,1352
e2d24a57-7210-4c26-a675-ef203fa3da2c,7f2a8c3f-8349-47e6-8663-0c0b71b4e56c,2023-09-23 11:54:00,399dfec4-01ec-4e84-80b5-cb325d670571,3500,140,3640
8caec8e2-3ebd-412f-a0db-4ba9a73e034b,52db6864-a6b2-4f3b-bdaf-9f153168f4ca,2023-09-23 12:10:00,399dfec4-01ec-4e84-80b5-cb325d670571,5300,212,5512
64595f96-33ec-42c2-a887-489f658377a5,4a978bbf-ec93-4243-a912-2cba9861aefc,2023-09-23 11:02:00,399dfec4-01ec-4e84-80b5-cb325d670571,1800,72,1872
033f201c-4f35-4911-8a63-69f1eab1163f,00fe0742-ca1a-462a-ab05-2297bc4cded9,2023-09-23 08:01:00,399dfec4-01ec-4e84-80b5-cb325d670571,400,16,416
b1fd8962-cdb9-4165-8513-b5f638105917,a1c6677f-446b-4940-8c40-8e018a7ca815,2023-09-23 10:06:00,399dfec4-01ec-4e84-80b5-cb325d670571,700,28,728
e7ebdb7d-3cf3-49cf-8e8b-8cba044c391b,c7a05487-ec6d-4cef-ae2f-eb45fb5695f9,2023-09-23 11:51:00,399dfec4-01ec-4e84-80b5-cb325d670571,3400,136,3536
c6b4db5f-3175-4068-b3af-5c9d13e69045,f4ad4e1b-cb6c-4d4b-8292-765d32912398,2023-09-23 14:17:00,399dfec4-01ec-4e84-80b5-cb325d670571,600,24,624
c59e66de-d96a-42b2-bc20-994a3be3537b,e1b1bfdd-31de-442a-b9b4-d9afc8a9b68a,2023-09-23 14:45:00,399dfec4-01ec-4e84-80b5-cb325d670571,1300,52,1352
c62c8cf5-3431-40b5-8783-74d22a23b3f6,a6e4c77d-ae40-471c-b988-be8629ecfe5b,2023-09-23 10:52:00,399dfec4-01ec-4e84-80b5-cb325d670571,4900,196,5096
c7d1861f-00e3-454d-a7c6-049189793d27,12220357-8d75-48b4-b8a9-c1a80e3d52fa,2023-09-23 11:03:00,399dfec4-01ec-4e84-80b5-cb325d670571,5700,228,5928
871d19d1-80e1-49d5-a492-cc7c4371fc78,38b6a9c4-770d-4115-b10f-b873e2e606a2,2023-09-23 13:52:00,399dfec4-01ec-4e84-80b5-cb325d670571,1700,68,1768
9e516637-15a3-44f1-9b7c-1e4bec2512bb,b17ea815-1160-488e-9080-583b70820874,2023-09-23 11:58:00,399dfec4-01ec-4e84-80b5-cb325d670571,1200,48,1248
a91c550b-6f2d-4336-9a74-37519e1cf0db,345ab43c-0e79-4592-8712-3f49fb90c37e,2023-09-23 08:53:00,399dfec4-01ec-4e84-80b5-cb325d670571,1600,64,1664
f35e8962-6315-4420-85ad-73d50c751be6,cd4b0a79-ccd3-4169-91ff-e56bddc8c450,2023-09-23 13:30:00,399dfec4-01ec-4e84-80b5-cb325d670571,600,24,624
a186e1bc-38ac-45b3-8f01-a0a62114f2d8,54fb1328-7f54-4305-b9a2-fa73cb71d0aa,2023-09-23 13:55:00,399dfec4-01ec-4e84-80b5-cb325d670571,5300,212,5512
8e0f108d-90d2-4148-bb95-075a795bf052,dc638163-fb06-4d37-a613-8803a234a3b2,2023-09-23 14:02:00,399dfec4-01ec-4e84-80b5-cb325d670571,600,24,624
b36cbc2b-9207-4d12-b1ca-a277362738c6,53c8f348-1cd0-4f74-8e94-6b422413f739,2023-09-23 13:30:00,399dfec4-01ec-4e84-80b5-cb325d670571,4800,192,4992
92b222e7-6f86-450a-89f1-eb5345ae792b,808f03f7-848d-4973-a507-d9a87a3a6dba,2023-09-23 14:53:00,399dfec4-01ec-4e84-80b5-cb325d670571,3400,136,3536
35c8cd8b-d0fa-4df4-8388-64a1b7ad581c,074494a3-c96d-425a-ac76-574c3bf0682b,2023-09-23 12:14:00,399dfec4-01ec-4e84-80b5-cb325d670571,600,24,624
fafade2d-691e-418e-b75b-27cfd1fc5711,69b02737-366e-4314-b6fa-d52802a4b21c,2023-09-23 10:49:00,399dfec4-01ec-4e84-80b5-cb325d670571,5300,212,5512
b1bd890c-22b3-4860-af8a-8773f97abaf2,b352f4eb-c8a3-4399-838c-9fdd986db245,2023-09-23 08:23:00,399dfec4-01ec-4e84-80b5-cb325d670571,1600,64,1664
ce387ba6-88fb-4388-91f0-2314006bf237,328478c8-5184-4102-8cc9-eb3e7b902389,2023-09-23 14:40:00,399dfec4-01ec-4e84-80b5-cb325d670571,1600,64,1664
cbe1b86c-e4bf-4556-ab09-b123572e8f3f,ce4f635a-840e-47e0-b57a-df0b63bbafa7,2023-09-23 13:58:00,399dfec4-01ec-4e84-80b5-cb325d670571,700,28,728
4aa5bb0c-7640-4467-8aa7-6d688bc97e35,38a14cdb-c8f2-4746-a5f7-c8c5cc8c3c95,2023-09-23 14:49:00,399dfec4-01ec-4e84-80b5-cb325d670571,1800,72,1872
803fad66-4843-40ab-bba7-bd9accdc289c,6f5d60ad-9a43-4fcb-b497-014613bae8ea,2023-09-23 09:36:00,399dfec4-01ec-4e84-80b5-cb325d670571,1100,44,1144
4fd74ac6-da6c-43a9-9820-bfee9de1240a,d0661044-0456-458f-a908-9c7990da32ac,2023-09-23 13:58:00,399dfec4-01ec-4e84-80b5-cb325d670571,8800,352,9152
6f0fd8bd-7135-4ea1-b4d7-a7e6bf5323cc,e4f2d67a-5c47-4845-a945-4e923836a9bf,2023-09-23 13:06:00,399dfec4-01ec-4e84-80b5-cb325d670571,500,20,520
af8c51f5-051f-4aac-829e-0a19898a97a1,f711d079-46d9-4d69-8972-e92561b89b64,2023-09-23 12:39:00,399dfec4-01ec-4e84-80b5-cb325d670571,0,0,0
76106b24-9967-462a-8214-8117e59fd1fd,899bbf23-4208-4aa2-9723-3f7559dfb891,2023-09-23 13:29:00,399dfec4-01ec-4e84-80b5-cb325d670571,1100,44,1144
61cdcee4-bf63-4339-a006-68e47fd9f41e,662a13a8-1309-48d5-bf4c-6d48b05418fe,2023-09-23 12:52:00,399dfec4-01ec-4e84-80b5-cb325d670571,1200,48,1248
ce3beeff-a990-468c-8044-89616deb6dd4,90dc9d88-5875-4bf3-b871-820449a026b2,2023-09-23 13:10:00,399dfec4-01ec-4e84-80b5-cb325d670571,600,24,624
c2ea1525-fb36-4c74-aea7-5793f47ab35c,b295a4a4-a6b1-4fb7-847e-0b135ed1c18e,2023-09-23 12:29:00,399dfec4-01ec-4e84-80b5-cb325d670571,600,24,624
7aef6960-368b-4e34-9b83-311a64c37c44,6485d9cb-6a0f-4d0b-9978-518788907afb,2023-09-23 13:22:00,399dfec4-01ec-4e84-80b5-cb325d670571,400,16,416
bfc82dcb-81c8-4341-973e-3af533864ca1,1641c1fe-b81c-4d56-9441-7a23d922196f,2023-09-23 14:08:00,399dfec4-01ec-4e84-80b5-cb325d670571,500,20,520
eb24c1c7-f210-4c94-82b4-4562301f17ca,f4a9a1e0-026f-48df-a4d9-b2bb26fe93a0,2023-09-23 12:30:00,399dfec4-01ec-4e84-80b5-cb325d670571,600,24,624
e24f7d17-d8b3-4940-89ed-717d418cd8b0,5056499f-d051-4394-a208-bdd8b73a3ab9,2023-09-23 14:32:00,399dfec4-01ec-4e84-80b5-cb325d670571,5700,228,5928
061589e0-2cd8-4fc8-ab7c-572ed2ec7e1c,79f701f0-7977-4b5f-b1cf-f1cdd2d8b96b,2023-09-23 12:10:00,399dfec4-01ec-4e84-80b5-cb325d670571,3200,128,3328
61ca6c03-ac9a-468d-98b6-b08c66fed597,cdee10f4-113a-4b48-8b82-67de974706f1,2023-09-23 14:57:00,399dfec4-01ec-4e84-80b5-cb325d670571,1600,64,1664
69a1ebd1-2f9b-4afd-9106-a984020d9e2b,dd5e8a13-1702-4662-8ae3-21ab03a54b4c,2023-09-23 12:16:00,399dfec4-01ec-4e84-80b5-cb325d670571,5300,212,5512
bbe2d5b3-bd6e-44eb-a406-7a6a1542d2d3,ed27966a-5ae2-4a05-8772-1cf818c9f87f,2023-09-23 09:51:00,2c7c0b40-21e5-4026-b405-3281a1c094fa,2400,150,2550
201337bf-0509-4d28-9875-60e33ce8842a,f099b990-a8b3-492f-8974-61e3112a060e,2023-09-23 13:29:00,2c7c0b40-21e5-4026-b405-3281a1c094fa,1100,68,1168
ed7e6e7e-00fa-4db2-98a7-76b4364f2143,cf198786-f91d-42b6-a9ac-85981a1aa94a,2023-09-23 12:00:00,2c7c0b40-21e5-4026-b405-3281a1c094fa,3600,225,3825
f687fa11-64e9-4a80-8616-96461df6009f,3537c9a0-52e9-404e-b160-2d1f6a5f75d9,2023-09-23 12:43:00,2c7c0b40-21e5-4026-b405-3281a1c094fa,8900,556,9456
51c63c54-7ba2-4b8c-ac66-5641fbebcf5b,bed501e6-d9e1-40f4-9e7f-d1073803ba16,2023-09-23 13:19:00,2c7c0b40-21e5-4026-b405-3281a1c094fa,600,37,637
58b9ba35-ce1b-4656-b276-d9555afc1caa,aa7fce16-b4e8-47c3-b56a-327f040977eb,2023-09-23 14:12:00,2c7c0b40-21e5-4026-b405-3281a1c094fa,9000,562,9562
25466bfa-8e68-42ba-b5ef-90759b1f0c5b,51dd755d-0902-4e8d-95b5-0439166cba06,2023-09-23 13:44:00,2c7c0b40-21e5-4026-b405-3281a1c094fa,5000,312,5312
1a45977d-0b74-44d3-882b-11d03b7480cc,69864e0c-bc54-4559-abe6-939c227ae325,2023-09-23 10:05:00,2c7c0b40-21e5-4026-b405-3281a1c094fa,1800,112,1912
6a2fb5fa-5460-47a3-bbe8-bd3d9ca519da,4334d3c1-d272-4f31-b4ff-de447c05f4dd,2023-09-23 09:45:00,2c7c0b40-21e5-4026-b405-3281a1c094fa,500,31,531
a3e57359-efbf-42b4-9107-3da3e7d49672,244bdfce-3c22-4ef8-baa8-a927fd582f48,2023-09-23 10:46:00,2c7c0b40-21e5-4026-b405-3281a1c094fa,1600,100,1700
d79570b9-dc12-4588-a7a0-31b4717930f6,2b604eac-063b-4682-b6b3-2d25521c183f,2023-09-23 13:23:00,2c7c0b40-21e5-4026-b405-3281a1c094fa,3500,218,3718
bda8e03f-14a6-4413-aa68-eedba16a0f4f,50472b1b-3caf-49fd-a0f0-3f28b45262fd,2023-09-23 12:10:00,2c7c0b40-21e5-4026-b405-3281a1c094fa,1600,100,1700
f83e0a65-3aef-4b4e-a664-37383ad457e0,cc90bdd5-438f-4c36-b399-4b1be7281e64,2023-09-23 14:43:00,2c7c0b40-21e5-4026-b405-3281a1c094fa,400,25,425
7ebe6c0b-f4f0-41eb-9c61-34cb639e8484,d55a28ba-a631-44a0-9c84-34b74c49bf69,2023-09-23 10:02:00,2c7c0b40-21e5-4026-b405-3281a1c094fa,3500,218,3718
da95f4ed-949f-47b9-9574-35bbb7087ff7,f3115bb3-d950-406b-b664-fc8c37ba9a53,2023-09-23 09:15:00,2c7c0b40-21e5-4026-b405-3281a1c094fa,2000,125,2125
e7a5275e-00be-4e5a-9866-58f705a8f236,d311e5bc-2dae-4983-ac18-73e6da13ebd6,2023-09-23 12:09:00,2c7c0b40-21e5-4026-b405-3281a1c094fa,3200,200,3400
0c3975ee-0b61-4f62-acb6-f204faa0f6ee,1ccc49eb-7f71-45cc-81df-ac385f685028,2023-09-23 09:50:00,2c7c0b40-21e5-4026-b405-3281a1c094fa,600,37,637
5ea564fb-6815-4634-958e-412172c76ee3,5a23c4ff-5b8c-4429-80a2-19329ee5f459,2023-09-23 11:57:00,2c7c0b40-21e5-4026-b405-3281a1c094fa,1700,106,1806
f01d5c06-2acd-418b-bfce-9258f676e034,565c290f-1941-41b9-b1de-052246c89091,2023-09-23 14:17:00,2c7c0b40-21e5-4026-b405-3281a1c094fa,1600,100,1700
5b0be91c-fd10-4eb4-b7d5-ae60fc309f75,6e8abc01-d4ee-4a72-8f08-35b45bf67965,2023-09-23 14:08:00,2c7c0b40-21e5-4026-b405-3281a1c094fa,600,37,637
cbd763d0-9fcc-43b9-883b-8f14364686a9,3685bc58-5c33-4ab6-b479-925e64579809,2023-09-23 11:35:00,2c7c0b40-21e5-4026-b405-3281a1c094fa,1800,112,1912
d555e205-d979-4291-a066-d1fa8709b285,e0217e15-fa0a-47d8-9e48-1d6d1e49bb5f,2023-09-23 12:06:00,2c7c0b40-21e5-4026-b405-3281a1c094fa,3800,237,4037
f53be8cd-833f-426f-b058-dbf3988dc9d7,77ee2efe-2530-4ddd-95eb-31ccc74680b3,2023-09-23 14:44:00,2c7c0b40-21e5-4026-b405-3281a1c094fa,5300,331,5631
9b15e58e-f0f6-4b31-9076-cdd11cbf998a,075214f0-f5db-4b3f-a593-1d007f637722,2023-09-23 14:28:00,2c7c0b40-21e5-4026-b405-3281a1c094fa,8900,556,9456
c3c978cb-90f8-41cc-97e9-b9a1d10a167a,4c2e71cb-8b3f-49d5-8e3f-e1ebed34d38c,2023-09-23 13:04:00,2c7c0b40-21e5-4026-b405-3281a1c094fa,1700,106,1806
c3ae2e69-1159-4ae9-8dd4-e386f25bf6a6,dc0bde54-b18c-450d-a2a5-7ec3e3bce7c3,2023-09-23 08:47:00,2c7c0b40-21e5-4026-b405-3281a1c094fa,600,37,637
c6ace295-50cd-4506-a36e-36a411a0230c,746e0e2f-a988-4e0c-b475-91c509254f38,2023-09-23 13:34:00,2c7c0b40-21e5-4026-b405-3281a1c094fa,4200,262,4462
1cad0136-dc52-4eba-9f07-d5bf4315397b,d6965668-a794-4ad0-b0a8-93a8001a6500,2023-09-23 12:16:00,2c7c0b40-21e5-4026-b405-3281a1c094fa,1000,62,1062
4fca94a9-cc9e-4f41-a15d-36b53d2e1f3d,b456bef1-be7e-443f-8f55-cfc2ea8e6a4a,2023-09-23 14:19:00,2c7c0b40-21e5-4026-b405-3281a1c094fa,600,37,637
7343f5dd-f63f-443b-96b0-23cc61e3f892,58a595a6-d47b-4e96-8ac2-e29b338c2880,2023-09-23 14:40:00,2c7c0b40-21e5-4026-b405-3281a1c094fa,8700,543,9243
418f583b-5377-460b-b6bd-04100be8dfca,ed638312-1c1b-49b3-8fb5-9f1ffcf9b352,2023-09-23 11:33:00,2c7c0b40-21e5-4026-b405-3281a1c094fa,700,43,743
d8b6f57d-c014-456e-bca7-0e986dda9045,1230eb6d-8c33-4314-a706-f84212741ea9,2023-09-23 11:40:00,2c7c0b40-21e5-4026-b405-3281a1c094fa,600,37,637
563be3da-dc4e-4584-8af4-63082cae1140,81dc0475-225a-4cd3-bb26-cdfeb86390df,2023-09-23 13:14:00,2c7c0b40-21e5-4026-b405-3281a1c094fa,1600,100,1700
25027ebe-d326-4eef-ab9a-cb021ef1af5a,d0233f73-d128-487f-be71-a84fc2f32766,2023-09-23 14:11:00,2c7c0b40-21e5-4026-b405-3281a1c094fa,8700,543,9243
84eec86c-cb89-4abf-b6a3-523861a19091,c7bf9141-bdf4-4972-89cc-19b540b7964f,2023-09-23 13:11:00,2c7c0b40-21e5-4026-b405-3281a1c094fa,2200,137,2337
414b0af1-2f8d-4f7c-b901-b5e2a7c78c64,89e0be6f-b800-46b3-b14a-d6c78ced2780,2023-09-23 11:27:00,2c7c0b40-21e5-4026-b405-3281a1c094fa,400,25,425
0982a39e-8ce1-46e5-8693-8e579eb6bb0f,0eff219d-bffb-4bd2-97ec-31da0c0dab05,2023-09-23 12:08:00,2c7c0b40-21e5-4026-b405-3281a1c094fa,3300,206,3506
3c8e0ef0-1d52-4d4a-b826-fee465088932,377718a4-3157-4608-a4af-666080b15524,2023-09-23 11:45:00,2c7c0b40-21e5-4026-b405-3281a1c094fa,2000,125,2125
b2f7e0e0-9e06-40bf-8db5-1294a9a87bea,18afc0db-1e5b-4253-8e28-7d9b763a4796,2023-09-23 12:04:00,2c7c0b40-21e5-4026-b405-3281a1c094fa,2900,181,3081
be9bf8c0-e234-4f8e-8cec-1a1ac6fda62c,d1025572-6f0a-4793-a7de-2af3a5e6152d,2023-09-23 10:30:00,2c7c0b40-21e5-4026-b405-3281a1c094fa,1600,100,1700
30d8499c-8620-438c-91d0-a7022369b761,9843ddfe-a612-4251-ad0b-fac2b6cb3d4b,2023-09-23 12:11:00,2c7c0b40-21e5-4026-b405-3281a1c094fa,7000,437,7437
d409a3ff-b63d-4cfc-a694-c3210da0f4a0,b1fedc8d-d8e8-45ea-9dfb-5b47351591d6,2023-09-23 14:40:00,2c7c0b40-21e5-4026-b405-3281a1c094fa,1800,112,1912
cd2ddab7-5514-4aa3-86e9-a60d5695b4fb,1481f859-7fad-49a6-8222-7de03bebd7ed,2023-09-23 12:53:00,2c7c0b40-21e5-4026-b405-3281a1c094fa,600,37,637
8f06d92e-bf7c-4a3c-963e-3c36f3c98120,7b07cdef-7550-4398-a827-0f166702558d,2023-09-23 13:41:00,2c7c0b40-21e5-4026-b405-3281a1c094fa,700,43,743
eeafae3e-03a6-4c96-b18a-21a4ced90588,84b7ba40-a15f-4acf-8d3d-14fb1a028fc7,2023-09-23 12:17:00,2c7c0b40-21e5-4026-b405-3281a1c094fa,8900,556,9456
19203285-d5fc-4f56-87ec-2d6ec62f7992,cda4a9bc-f8e6-4524-9544-d93d4a610a47,2023-09-23 13:47:00,2c7c0b40-21e5-4026-b405-3281a1c094fa,2000,125,2125
150a2cb8-43b2-4dd4-9386-34fe7bc24ab7,e5296814-9316-48d8-8b0e-ee925b70e267,2023-09-23 09:30:00,2c7c0b40-21e5-4026-b405-3281a1c094fa,600,37,637
27d9e9f4-df17-4a0c-a75d-160c92ffd10f,a1d92ba6-bfa6-417c-b37e-f722fe9c9404,2023-09-23 13:09:00,2c7c0b40-21e5-4026-b405-3281a1c094fa,5300,331,5631
49fd9db9-d04b-4d35-9132-7010176e2ce9,95482014-2031-41aa-aed1-10e1966f8211,2023-09-23 12:20:00,2c7c0b40-21e5-4026-b405-3281a1c094fa,600,37,637
b8e81613-dc86-4863-935b-d199123ef311,3cd76cc6-7fbe-4ab1-8ae6-d3b44bbff2e8,2023-09-23 12:23:00,2c7c0b40-21e5-4026-b405-3281a1c094fa,3400,212,3612
d8353175-f429-4e2e-bb80-8798120cbe4b,5d0a759c-32bd-4362-8ef8-5387885c5bdd,2023-09-23 13:27:00,2c7c0b40-21e5-4026-b405-3281a1c094fa,1900,118,2018
8e21a93b-6859-4575-8950-d2dee1a563aa,ceac67dd-d360-4dc4-9cc4-c8ae08998559,2023-09-23 13:23:00,2c7c0b40-21e5-4026-b405-3281a1c094fa,600,37,637
204214fa-640b-4d45-bf45-73086e5299fe,33e4eccb-501b-4aae-89bb-fa7087ab00f6,2023-09-23 12:01:00,2c7c0b40-21e5-4026-b405-3281a1c094fa,2200,137,2337
7f1cff00-8a37-4790-a4d1-847d6fae959b,0187cae0-cd0c-4287-9064-104261c48c9e,2023-09-23 14:46:00,2c7c0b40-21e5-4026-b405-3281a1c094fa,1600,100,1700
5ec5f693-10f2-4fcf-980f-b92d58af71d9,51a229f5-9725-4489-b94d-d06f0c9c9103,2023-09-23 14:04:00,2c7c0b40-21e5-4026-b405-3281a1c094fa,700,43,743
e02c9c35-f543-449a-afd4-3956deed7a86,adc9502e-fb1e-4dfb-8824-cb9f7988898f,2023-09-23 13:11:00,2c7c0b40-21e5-4026-b405-3281a1c094fa,1500,93,1593
9c7ae0f6-2fc1-4984-bf7d-7f805295e614,b29427fc-5839-43aa-8cce-5fabfae85302,2023-09-23 14:44:00,2c7c0b40-21e5-4026-b405-3281a1c094fa,1600,100,1700
65b3f861-2f53-40ed-addc-da144be87c5d,9fddd59b-8092-44dd-823a-2a10f4a954f3,2023-09-23 08:20:00,2c7c0b40-21e5-4026-b405-3281a1c094fa,500,31,531
6f709425-2e08-464a-9ee1-bbaf1202c380,900c8b72-6cf9-41c2-9528-bfd661a2a6c5,2023-09-23 08:21:00,2c7c0b40-21e5-4026-b405-3281a1c094fa,500,31,531
5fa24ea2-3284-49b3-a458-58bc6b1638c1,fd0a14de-47c2-4cc3-a067-321ea46cfacb,2023-09-23 13:30:00,2c7c0b40-21e5-4026-b405-3281a1c094fa,400,25,425
84e6fe8e-5781-4254-82e1-ddff382e8cd7,f9743762-424f-47c5-9c85-273446c3b6d5,2023-09-23 13:21:00,2c7c0b40-21e5-4026-b405-3281a1c094fa,5300,331,5631
261b3219-4f0b-4f5a-bb46-def3fe5e5f26,3fddd0ef-5fda-468d-bd66-b400a25c13f3,2023-09-23 13:25:00,2c7c0b40-21e5-4026-b405-3281a1c094fa,3400,212,3612
485e0d3d-7fe6-4c14-997b-20a42138cfe6,9a1d042b-dd0b-418b-a3ff-d0736410b88a,2023-09-23 13:17:00,2c7c0b40-21e5-4026-b405-3281a1c094fa,6900,431,7331
87eae1b7-b6ed-4921-aec9-db79ca24431c,82ebe082-4789-437f-b9ad-9b5af2e151f2,2023-09-23 11:57:00,2c7c0b40-21e5-4026-b405-3281a1c094fa,500,31,531
1d3ada51-ac4a-4623-b755-410bc1a426b6,77679713-afd0-4b0c-84b3-755462888e28,2023-09-23 13:58:00,2c7c0b40-21e5-4026-b405-3281a1c094fa,1900,118,2018
da0f08a1-5b08-411f-b323-1ff049e549ae,6a0564fc-7a6d-481e-b89e-3ff39fde4e6f,2023-09-23 13:50:00,2c7c0b40-21e5-4026-b405-3281a1c094fa,700,43,743
3afc7dab-89a3-42e6-b819-b8543a53b79a,cbeee0fc-3284-458f-93fd-3c8b150ac383,2023-09-23 12:21:00,2c7c0b40-21e5-4026-b405-3281a1c094fa,600,37,637
fcc0e7be-e182-4554-b874-41d4747d20aa,669e7a05-fd01-45bb-8275-04e6656af5a3,2023-09-23 12:51:00,2c7c0b40-21e5-4026-b405-3281a1c094fa,2400,150,2550
f4c02e93-42aa-4d9c-8b12-d87b0be2318b,683b1948-c4f9-40a6-9354-2c9392c242e9,2023-09-23 14:23:00,2c7c0b40-21e5-4026-b405-3281a1c094fa,8800,550,9350
17bea1ad-3cdf-43f5-b271-5488e36f8683,0ea00f29-bf77-4e1e-8539-77379ca74884,2023-09-23 11:40:00,2c7c0b40-21e5-4026-b405-3281a1c094fa,3800,237,4037
19e59f12-30d5-4673-b7b6-b5d953ed9c0b,32e90055-dc31-432b-8858-e6a60f312009,2023-09-23 13:59:00,2c7c0b40-21e5-4026-b405-3281a1c094fa,600,37,637
1b4fe0b9-cbab-4943-9cde-cb36eff98d0a,25be8c41-9718-48cd-b694-0be70c58545a,2023-09-23 11:00:00,2c7c0b40-21e5-4026-b405-3281a1c094fa,2600,162,2762
0c916c1b-3bef-4da8-99d3-9788332da642,696f0c48-8a40-4f8f-8859-0850ae368437,2023-09-23 12:20:00,2c7c0b40-21e5-4026-b405-3281a1c094fa,2800,175,2975
2f634dcd-2bd8-45d9-a82d-70e925874e19,093e747c-068b-48bf-abca-88216be07505,2023-09-23 11:20:00,2c7c0b40-21e5-4026-b405-3281a1c094fa,1900,118,2018
9cb3b562-d72f-4d09-83a0-f62263c4de4d,c55efd1e-8a85-45c7-9e8c-443b817ddda8,2023-09-23 14:23:00,2c7c0b40-21e5-4026-b405-3281a1c094fa,700,43,743
5f4015eb-c61a-4dd5-a734-8d37f722a1e0,b4bd402f-e608-4808-aa25-5c1e1e73d7cd,2023-09-23 11:33:00,2c7c0b40-21e5-4026-b405-3281a1c094fa,1700,106,1806
58c01f02-f7b1-4a8b-aa28-c04070a5692e,700e4d1f-cf30-4c0a-973c-7fd20e31e10a,2023-09-23 08:56:00,2c7c0b40-21e5-4026-b405-3281a1c094fa,0,0,0
cac05aeb-1017-476a-a8c6-a9b7409ded7e,60bc1e14-fc8d-459f-9069-ea94123b17f3,2023-09-23 14:59:00,2c7c0b40-21e5-4026-b405-3281a1c094fa,2300,143,2443
fb435ad8-202b-4d7a-b75e-d09c8e3dbc56,e0ebf7b5-8f06-4f51-a9e4-9979050ab150,2023-09-23 11:53:00,2c7c0b40-21e5-4026-b405-3281a1c094fa,1800,112,1912
16d1f7e4-c959-4589-b8dd-3d68e5671c2c,151f36a5-f3cb-4188-b34c-1964b4fcebbe,2023-09-23 14:43:00,2c7c0b40-21e5-4026-b405-3281a1c094fa,500,31,531
7a4b02d2-ccc4-4026-9f07-a9caaa05328f,0e0470a9-b5e2-4230-82fe-65e5ca22fb62,2023-09-23 10:40:00,2c7c0b40-21e5-4026-b405-3281a1c094fa,500,31,531
5432f341-b0b6-4681-8687-db1a6e0124b2,2e1c1627-dae7-4afb-8cc4-36f69671d09b,2023-09-23 14:59:00,2c7c0b40-21e5-4026-b405-3281a1c094fa,3200,200,3400
4c58a776-2fba-45a4-80fb-96cb86424dc4,f558905d-ff4a-41c3-9033-b5c2e2a25d25,2023-09-23 14:41:00,2c7c0b40-21e5-4026-b405-3281a1c094fa,1800,112,1912
401070e3-9051-4177-872c-554fbfbe1c9f,95d6d46f-2318-45cf-97ad-c295c36d8a2f,2023-09-23 11:17:00,2c7c0b40-21e5-4026-b405-3281a1c094fa,5500,343,5843
0d886b71-a946-48b9-9f53-6506f4c7ac1d,ebbf123c-277c-44a3-ad68-3bc653c91f4b,2023-09-23 12:33:00,2c7c0b40-21e5-4026-b405-3281a1c094fa,3600,225,3825
93e277cb-6fde-4ffc-856d-3d65f037a89b,e3d19320-c4f4-41ba-b6a0-684f4897e53d,2023-09-23 12:17:00,2c7c0b40-21e5-4026-b405-3281a1c094fa,400,25,425
d6331516-cea0-47b8-bf8d-69f8c0dae2a0,58e99619-de64-48c0-adb0-1c722e1a8c04,2023-09-23 13:42:00,2c7c0b40-21e5-4026-b405-3281a1c094fa,600,37,637
b6bbefb0-b33d-40fd-87b0-612191e71397,dbb56020-5363-4404-9682-39ca6d5615a3,2023-09-23 12:31:00,2c7c0b40-21e5-4026-b405-3281a1c094fa,5900,368,6268
c16d1aae-9a62-43b7-aeee-bea01c64ef15,fd31aa05-c88c-426d-9cd4-1bb676a9aab0,2023-09-23 14:14:00,2c7c0b40-21e5-4026-b405-3281a1c094fa,600,37,637
9f460985-9850-4b7d-be79-77a189f17d3c,b44c5afc-4e9a-46be-bbad-439001f18937,2023-09-23 13:24:00,2c7c0b40-21e5-4026-b405-3281a1c094fa,7300,456,7756
5e324136-82a7-4aec-bc8b-441229b488d0,104dc55b-4c98-410d-823a-1a2522c15744,2023-09-23 12:16:00,2c7c0b40-21e5-4026-b405-3281a1c094fa,7400,462,7862
536fb38b-5423-469a-9a31-51a81f8d88b1,d71c1d2c-d3d8-454a-bd8c-251026aafc21,2023-09-23 11:36:00,2c7c0b40-21e5-4026-b405-3281a1c094fa,3500,218,3718
e5d291a5-c8e1-48b5-ae2c-696337de4c8d,48ea9bd4-b4eb-42a2-ae5f-957112311bb7,2023-09-23 12:13:00,2c7c0b40-21e5-4026-b405-3281a1c094fa,7400,462,7862
79f16366-577f-4646-b5a4-53b59a67c0f1,12c319ad-9a66-4a82-9829-242395bbe3b8,2023-09-23 10:56:00,2c7c0b40-21e5-4026-b405-3281a1c094fa,6900,431,7331
e8c03d59-2ce4-4d9b-89cd-52a6bc3fb116,183fa501-3888-47e3-a4ed-901c09ef0c11,2023-09-23 12:41:00,2c7c0b40-21e5-4026-b405-3281a1c094fa,1200,75,1275
b13ed7b7-248c-4743-b126-776b79829da6,edf93937-7467-4cbe-be92-0abc0bc28432,2023-09-23 10:05:00,2c7c0b40-21e5-4026-b405-3281a1c094fa,700,43,743
11489799-883a-476b-aa1c-2e3a5639a3b7,fa75a7cf-2ade-467f-9125-602e50dd7cda,2023-09-23 14:41:00,2c7c0b40-21e5-4026-b405-3281a1c094fa,500,31,531
71d86b9a-4f86-4a24-8dc3-0208be307201,f1afb044-f46e-4cec-8ff5-eb3001831924,2023-09-23 12:08:00,2c7c0b40-21e5-4026-b405-3281a1c094fa,7200,450,7650
e9392c57-c461-44a1-9037-54fcf5af202f,a8dd9b84-ec8e-4a39-b972-077d70029935,2023-09-23 09:40:00,2c7c0b40-21e5-4026-b405-3281a1c094fa,1500,93,1593
767d5310-3569-40d2-8bac-4489ebef7f6a,c4ef3d62-0566-475f-a535-93aa7b1f02bf,2023-09-23 11:50:00,2c7c0b40-21e5-4026-b405-3281a1c094fa,3500,218,3718
1d44c03d-2e24-49a9-acc8-34193b57ac20,553aff98-cb33-403c-8679-f9ad567181d1,2023-09-23 11:06:00,2c7c0b40-21e5-4026-b405-3281a1c094fa,3300,206,3506
0dfe8f16-b0fe-4fb6-ad0d-e33381f2d6cb,af3dc3c6-d7d9-4803-90d7-b55e79b22d76,2023-09-23 08:25:00,2c7c0b40-21e5-4026-b405-3281a1c094fa,400,25,425
eeaf5139-a6c6-4746-bc06-1703a87e8f9a,341cc826-b57e-4bbd-8201-efedaf4c92d1,2023-09-23 10:36:00,2c7c0b40-21e5-4026-b405-3281a1c094fa,2800,175,2975
4ce23690-fd2c-4886-bd60-9e92a7e546d2,5ad9d2fc-7fb9-404c-a18e-7ef4de86de05,2023-09-23 12:16:00,2c7c0b40-21e5-4026-b405-3281a1c094fa,700,43,743
b024303f-a498-431c-8976-413207326b8c,5ae067ce-c89b-429a-bfd8-835bd4f6c745,2023-09-23 13:38:00,2c7c0b40-21e5-4026-b405-3281a1c094fa,400,25,425
f35c48f3-53b7-47e3-b3ef-3f79e0fb075f,6bb09c4b-0695-44ea-abd7-b1f9ea506814,2023-09-23 14:32:00,2c7c0b40-21e5-4026-b405-3281a1c094fa,600,37,637
af4fce48-9ac1-4932-9a61-3737184e35d4,d9731a0e-c5f3-4a28-a7b7-108045d90039,2023-09-23 10:16:00,2c7c0b40-21e5-4026-b405-3281a1c094fa,600,37,637
0730881e-3b88-46aa-b5e3-51a9ad60b2ef,a0928352-1d2e-4ed9-99d4-1322339e4cc0,2023-09-23 14:31:00,2c7c0b40-21e5-4026-b405-3281a1c094fa,700,43,743
8e76a7f4-fdaa-49a0-963d-dbce8acd5b4b,ce743f04-9d45-441a-95f0-b6767ddaf427,2023-09-23 14:00:00,2c7c0b40-21e5-4026-b405-3281a1c094fa,7400,462,7862
c9e3b21e-a61a-42cf-aa5c-8df48741c4c0,dea24063-82bc-4e4d-8ff1-ce2ad51ba43c,2023-09-23 13:28:00,2c7c0b40-21e5-4026-b405-3281a1c094fa,700,43,743
82f7161a-8025-411c-bec7-8d830edcede1,250a33a5-1124-44e2-ae78-9a4986bc79a2,2023-09-23 10:45:00,2c7c0b40-21e5-4026-b405-3281a1c094fa,3300,206,3506
2f1aa639-284f-410b-ae38-9375d8334a53,1d2f064c-e50e-4334-a6df-969986a2b286,2023-09-23 14:04:00,2c7c0b40-21e5-4026-b405-3281a1c094fa,5300,331,5631
c48655bb-ed7a-4f49-9a70-4084173d32f6,8d2e11c2-d6a5-4854-bd30-4e74fda2e172,2023-09-23 14:13:00,2c7c0b40-21e5-4026-b405-3281a1c094fa,600,37,637
6c964f94-ba77-4638-a29d-07cb8cc9dab9,cfd557f6-4392-4f2a-87cb-5cf7faa38c04,2023-09-23 14:53:00,2c7c0b40-21e5-4026-b405-3281a1c094fa,6500,406,6906
ddab65ee-fc53-4183-b2d7-81fd7699834d,f438a665-870f-4f64-b48e-1ee83bfc1aba,2023-09-23 14:40:00,2c7c0b40-21e5-4026-b405-3281a1c094fa,1800,112,1912
8f537f36-25d6-4f77-88e1-0cb658721177,7beda6ac-0bd6-49df-a0f7-aa259adb8ec1,2023-09-23 14:28:00,2c7c0b40-21e5-4026-b405-3281a1c094fa,1600,100,1700
11fc8497-fb82-4cca-8aad-36f336d0a400,6baf1e46-52c6-4e6d-8297-848fe09a0a7d,2023-09-23 14:30:00,2c7c0b40-21e5-4026-b405-3281a1c094fa,3800,237,4037
d4645539-ee58-4fca-b9a0-d9401839a4d9,ee6f24e9-513d-4727-a83d-116c25f2ddf4,2023-09-23 13:47:00,2c7c0b40-21e5-4026-b405-3281a1c094fa,0,0,0
680ec707-7e14-4556-bfb5-f3dabad3d0aa,88895029-7409-4d53-bf53-9da65334592c,2023-09-23 11:29:00,2c7c0b40-21e5-4026-b405-3281a1c094fa,2100,131,2231
efe72c2e-196d-4dc3-8478-c1dbad67d12c,e5833bd3-f6b2-405a-9f22-701ad8905ecf,2023-09-23 12:51:00,2c7c0b40-21e5-4026-b405-3281a1c094fa,1800,112,1912
bbe1fdbe-d7d4-4c97-861d-a1cfd6a76867,29c9ffbf-7e10-411f-8c6c-f0c390cc3943,2023-09-23 12:17:00,2c7c0b40-21e5-4026-b405-3281a1c094fa,3600,225,3825
c8fc180c-1c96-4d69-b71a-749e17f47503,3c55c3b5-53c7-4c08-ae08-36d5c77362e5,2023-09-23 14:04:00,2c7c0b40-21e5-4026-b405-3281a1c094fa,600,37,637
8eb78c3f-be5a-4638-9b12-d64317200f1e,668f9598-4eac-4ec8-977e-eabfb81c1221,2023-09-23 12:03:00,2c7c0b40-21e5-4026-b405-3281a1c094fa,8500,531,9031
a00e45b5-50e9-4dfd-8022-b59344d7904c,47e6b98f-1bc2-4e71-9c31-7359525c89a4,2023-09-23 13:13:00,2c7c0b40-21e5-4026-b405-3281a1c094fa,0,0,0
44b2122a-b1cb-4ee5-8746-99fa9f83c82c,c0a99599-6691-447f-8f14-b73eb39e6957,2023-09-23 08:35:00,059136e5-beb1-43f4-a3fe-9cc14dd0989b,1600,120,1720
2086bfdc-e31b-414e-bb26-6bdd1c85b33c,ce5e5f00-0e0c-4885-bbd9-b69674c09591,2023-09-23 11:50:00,059136e5-beb1-43f4-a3fe-9cc14dd0989b,1800,135,1935
5de4defb-c585-4e61-97f1-72703d7b2ef3,c8754fc3-e053-42e0-9cbd-964bf34f51f6,2023-09-23 13:14:00,059136e5-beb1-43f4-a3fe-9cc14dd0989b,400,30,430
cdfe59a8-fd84-4564-bc83-0f0dcef2be65,9692b46e-25c9-4e94-875e-0f631d0b3e28,2023-09-23 14:12:00,059136e5-beb1-43f4-a3fe-9cc14dd0989b,400,30,430
6a77da8b-65f0-460e-b20c-373283467e4f,0ec625a2-fc02-4a3c-abdf-734399d1c80f,2023-09-23 09:46:00,059136e5-beb1-43f4-a3fe-9cc14dd0989b,1600,120,1720
905b017f-de61-4f8a-9949-7c5bbe03bdc4,75099e74-ae33-425d-a841-06eb8dbdfb37,2023-09-23 14:43:00,059136e5-beb1-43f4-a3fe-9cc14dd0989b,2000,150,2150
27ef9646-1809-4490-8552-1de680b063fe,db50af94-1909-4313-988e-8695a73ed980,2023-09-23 11:03:00,059136e5-beb1-43f4-a3fe-9cc14dd0989b,600,44,644
782f2d3c-7226-462b-88a9-c6ac42ddb8c5,4127a97b-c4ac-4d92-9e5d-e067ee9437c7,2023-09-23 12:04:00,059136e5-beb1-43f4-a3fe-9cc14dd0989b,1500,112,1612
0bb8f9e1-5bd7-4cec-9eb0-a4a5eb130050,c80ec0da-3a0e-45c2-bde3-4522bf8fa6da,2023-09-23 14:07:00,059136e5-beb1-43f4-a3fe-9cc14dd0989b,6900,517,7417
dfcfc6ac-4a04-48b2-94f8-c2eb1eeb19dd,ab9a0bd4-92b5-4830-85c6-278efca955b1,2023-09-23 14:52:00,059136e5-beb1-43f4-a3fe-9cc14dd0989b,600,44,644
fca1bcba-211e-4b8b-a6a7-07f3ae791884,504165b5-1c7f-4bfa-846d-1eb205d06012,2023-09-23 14:42:00,059136e5-beb1-43f4-a3fe-9cc14dd0989b,1600,120,1720
73da087d-ec8c-41d4-b1c4-6c7a8f3f1782,ae311a19-32f3-4229-9a4d-133ebe94fc40,2023-09-23 11:24:00,059136e5-beb1-43f4-a3fe-9cc14dd0989b,3400,254,3654
68a4785e-f2f6-4f14-b19c-b0438d56f87c,b0307cea-2d3c-4d8b-8a8a-ff40768baf60,2023-09-23 08:50:00,059136e5-beb1-43f4-a3fe-9cc14dd0989b,600,44,644
46c96097-ad87-49bb-a815-08d4fc4303b3,781e5cf8-ed9f-4299-a163-e6a677bbe364,2023-09-23 08:57:00,059136e5-beb1-43f4-a3fe-9cc14dd0989b,600,44,644
ef43606b-1c74-4ad6-b3f9-5403b57923af,51cad696-8312-4f57-8a0b-4fbdbe11af59,2023-09-23 09:56:00,059136e5-beb1-43f4-a3fe-9cc14dd0989b,400,30,430
d32e34e3-4be7-4414-8a74-5803c503437e,6d0c0c08-e3f5-4364-b075-cf5316e41b9f,2023-09-23 11:06:00,059136e5-beb1-43f4-a3fe-9cc14dd0989b,600,44,644
2a08da95-532c-4a22-b105-f9987130adb8,eaf16352-4c93-41eb-abe1-239d134b93b6,2023-09-23 14:18:00,059136e5-beb1-43f4-a3fe-9cc14dd0989b,500,37,537
947cc88a-d4c2-4562-8800-f543d71b1bdc,47dc5d0e-fa72-44bf-9a5f-ed0b3fdcabc5,2023-09-23 13:10:00,059136e5-beb1-43f4-a3fe-9cc14dd0989b,3400,254,3654
befe1c10-2690-4206-acd1-ff246f1605fb,cdd27214-fc9f-499b-9d14-a631ea1543e5,2023-09-23 14:46:00,059136e5-beb1-43f4-a3fe-9cc14dd0989b,700,52,752
61a8b0e0-fcb6-419d-8c8d-3317adecf4d1,61136e8e-abe1-4a58-9aba-135c6d0537e8,2023-09-23 11:38:00,059136e5-beb1-43f4-a3fe-9cc14dd0989b,8900,667,9567
98fc644a-48a3-4b9d-95b1-775cc6eee33b,05bd4daf-d823-4927-9486-6a6837585182,2023-09-23 13:12:00,059136e5-beb1-43f4-a3fe-9cc14dd0989b,600,44,644
37be061a-71ef-4dd2-96e8-ab15dfbeeb8f,d44d33f8-6d2c-4704-bfa2-2f1883a33f93,2023-09-23 12:04:00,059136e5-beb1-43f4-a3fe-9cc14dd0989b,2300,172,2472
d8698b90-7bb2-422e-8921-113a28795db2,a6f69346-c832-4246-84be-1da4de7cadf0,2023-09-23 11:56:00,059136e5-beb1-43f4-a3fe-9cc14dd0989b,8900,667,9567
d5938020-27c6-486e-af98-bfd83210c8e7,fe2c2d66-9698-4bbc-8733-0d8cb1b70a1f,2023-09-23 13:36:00,059136e5-beb1-43f4-a3fe-9cc14dd0989b,600,44,644
ad83834d-30d6-40c5-816f-7e7e0995834c,2d86e181-8f25-41b7-bb6a-d03bbbcbf925,2023-09-23 08:22:00,059136e5-beb1-43f4-a3fe-9cc14dd0989b,1700,127,1827
61fcf859-86f9-46e5-be95-8d95ac77b52e,fb44c144-83bd-423d-a48c-644991b62aa2,2023-09-23 14:39:00,059136e5-beb1-43f4-a3fe-9cc14dd0989b,400,30,430
14d5959c-cc58-4d41-bfa6-ba565d46f8dc,e54a40c0-1d16-4826-a89a-5741d7c4d374,2023-09-23 10:31:00,059136e5-beb1-43f4-a3fe-9cc14dd0989b,3700,277,3977
bd86e1aa-eb28-4e08-a5a9-b95110a803c6,09128ef4-8d74-46c8-956d-36b8acfd7ec4,2023-09-23 14:40:00,059136e5-beb1-43f4-a3fe-9cc14dd0989b,8700,652,9352
a2096012-6024-4b2d-8fd1-5fd31edb9018,478906bc-057a-41da-a756-2ab94b7817b4,2023-09-23 08:48:00,059136e5-beb1-43f4-a3fe-9cc14dd0989b,600,44,644
76d737bf-7eee-4cb5-9e5a-71e4fca8c1a3,036f15e9-d039-4cb4-b180-c77ec9a69d54,2023-09-23 13:20:00,059136e5-beb1-43f4-a3fe-9cc14dd0989b,3300,247,3547
737e9afa-9a7a-425a-b556-b162c0e09a51,f3770952-5a51-4000-a02e-03c4918954dd,2023-09-23 10:07:00,059136e5-beb1-43f4-a3fe-9cc14dd0989b,600,44,644
849f0efd-35bd-468e-957c-29237f550d0a,65b2039b-39ba-48d6-b2e7-293dbc866025,2023-09-23 14:32:00,059136e5-beb1-43f4-a3fe-9cc14dd0989b,600,44,644
f8b3a063-f929-4edd-8319-2123c138ae60,5561a060-6b64-47b3-ba41-ace3f20a275d,2023-09-23 12:13:00,059136e5-beb1-43f4-a3fe-9cc14dd0989b,1600,120,1720
fa3b2889-063a-4e26-8393-3192c6aa3885,b9e02e57-6966-4ef9-8229-8dbcf381d1a4,2023-09-23 08:00:00,059136e5-beb1-43f4-a3fe-9cc14dd0989b,700,52,752
d8bd6fe9-1590-43e6-8fc5-e9c87b083a6a,8444b032-8cb2-4a63-9fd1-f6d09e140bec,2023-09-23 13:40:00,059136e5-beb1-43f4-a3fe-9cc14dd0989b,600,44,644
3e3ff545-d149-470d-a8e3-48f97ab8a60a,e1a1d22a-5414-4fda-9c30-a8660cf52843,2023-09-23 14:22:00,059136e5-beb1-43f4-a3fe-9cc14dd0989b,8500,637,9137
6108b370-5e1e-42db-88be-30dec3ed0cf6,d0f9f637-0052-4a42-b957-622f2985434a,2023-09-23 13:57:00,059136e5-beb1-43f4-a3fe-9cc14dd0989b,600,44,644
375f7dc8-a2e0-4366-9feb-3593a4f21b78,2aaa6669-b06a-47bb-b44e-83340206531a,2023-09-23 09:38:00,059136e5-beb1-43f4-a3fe-9cc14dd0989b,5000,375,5375
94ecb1ba-6db3-46a4-935c-b42730d28168,187c7384-25b3-4172-bee6-99f83f02b761,2023-09-23 10:30:00,059136e5-beb1-43f4-a3fe-9cc14dd0989b,500,37,537
90b79d8b-01fc-4fbf-b4c5-ce2fdfa871c0,40ec592a-e3ab-417e-ad8f-8f4c3f5dc8cd,2023-09-23 12:10:00,059136e5-beb1-43f4-a3fe-9cc14dd0989b,700,52,752
71b6e1b1-958e-47f0-a3bb-9dc10bc812b4,b2bcb97e-4971-4a36-b07b-6441cb1a6192,2023-09-23 10:52:00,059136e5-beb1-43f4-a3fe-9cc14dd0989b,2300,172,2472
81e5871f-2da1-4d60-b035-a087fce73e62,60c396b2-d634-4be2-9aaa-7f1a832f4305,2023-09-23 11:45:00,059136e5-beb1-43f4-a3fe-9cc14dd0989b,500,37,537
93d89258-713d-4e14-95c9-7951cd55718b,acdd6ba9-67b1-49cf-9f67-48f51a3b4e2f,2023-09-23 14:57:00,059136e5-beb1-43f4-a3fe-9cc14dd0989b,3600,270,3870
9f675688-9663-4e43-81a9-465dc6480c39,cae7f2a7-5319-4d2d-b18c-d38b90318742,2023-09-23 12:43:00,059136e5-beb1-43f4-a3fe-9cc14dd0989b,400,30,430
df315401-34c1-4f2d-bf3e-71b3bf2153c8,f637c2f2-576f-420d-bdb7-9836d12af85a,2023-09-23 09:09:00,059136e5-beb1-43f4-a3fe-9cc14dd0989b,700,52,752
9438707b-f174-4c6c-a11d-0452d6194475,9c3f8f66-e595-47b4-b696-2ef95c13ed39,2023-09-23 13:19:00,059136e5-beb1-43f4-a3fe-9cc14dd0989b,600,44,644
376f314b-0398-4516-80fd-7e4e86e63b0b,e9fb0dfd-4765-4a15-aea4-62035a7ac480,2023-09-23 13:41:00,059136e5-beb1-43f4-a3fe-9cc14dd0989b,500,37,537
95f01495-ab16-4e38-a382-47fe6a731fe2,f1126e9d-fb5d-42ac-b5d2-c0fab58e4852,2023-09-23 13:25:00,059136e5-beb1-43f4-a3fe-9cc14dd0989b,1800,135,1935
f0585d52-48bc-4e60-bdf2-f99a92129d9a,e51ff3e5-c9ac-4a9c-b8d4-2d62d04f9d59,2023-09-23 14:08:00,059136e5-beb1-43f4-a3fe-9cc14dd0989b,700,52,752
4ddd82c5-ce0f-42f9-91e5-aaddf9ef4655,19d93d29-786d-4ecb-b11f-1fda12e23d03,2023-09-23 14:37:00,059136e5-beb1-43f4-a3fe-9cc14dd0989b,500,37,537
1a418b40-66a3-481b-ad12-7fb3c17b6860,37a5320c-de51-4a39-8c68-2ff5e37f7a0a,2023-09-23 12:29:00,059136e5-beb1-43f4-a3fe-9cc14dd0989b,400,30,430
ff7d435f-2aa4-4040-b5b5-dd727a31d920,94f6387a-97ef-43f5-b203-90565c727538,2023-09-23 11:39:00,059136e5-beb1-43f4-a3fe-9cc14dd0989b,700,52,752
529d9d1b-b331-43f3-ac01-ccf0e390dc18,0ac09bcc-50a7-41e6-88c1-e23be2b88c97,2023-09-23 12:35:00,059136e5-beb1-43f4-a3fe-9cc14dd0989b,500,37,537
59689767-dba3-4405-a037-743f0e29a67e,5557ee9c-aeb5-4267-9fc0-6430874d3a0c,2023-09-23 13:40:00,059136e5-beb1-43f4-a3fe-9cc14dd0989b,2500,187,2687
09fa24ac-c83c-4517-8674-dd66300d293b,ba2dedc4-88f5-4a08-868d-6687a7a2282f,2023-09-23 14:57:00,059136e5-beb1-43f4-a3fe-9cc14dd0989b,1500,112,1612
13c3c74a-53d2-40ad-af6c-d773c4a78d08,37408182-3e51-4140-9ebb-a1e4cc3eeb69,2023-09-23 10:19:00,059136e5-beb1-43f4-a3fe-9cc14dd0989b,8600,645,9245
ee558c04-8ddd-4aa1-beb5-222da1535cd0,4fff54ea-b2a6-4f43-8009-21efd1ffebdd,2023-09-23 11:24:00,059136e5-beb1-43f4-a3fe-9cc14dd0989b,3300,247,3547
16fcc10e-8bc0-4cde-bbdd-6794b8ce2621,9c13901c-0760-4290-bb22-b3cda0ae0492,2023-09-23 14:15:00,059136e5-beb1-43f4-a3fe-9cc14dd0989b,400,30,430
f408f078-ccb4-4750-b699-22925a1806de,d1221cb3-2f69-46ce-bd21-ed3d9fd32d08,2023-09-23 12:28:00,059136e5-beb1-43f4-a3fe-9cc14dd0989b,400,30,430
31b23329-5ed2-4dd4-be17-6379a862329a,f813d86e-8dfa-492e-8e09-ac432110ec41,2023-09-23 14:42:00,059136e5-beb1-43f4-a3fe-9cc14dd0989b,700,52,752
a60eea87-2494-4e04-873f-f20fb325fcd5,4d6aa9ce-769b-41ba-93f7-fd93ac143e2e,2023-09-23 10:28:00,059136e5-beb1-43f4-a3fe-9cc14dd0989b,0,0,0
cf017585-c00e-4920-b9e6-265f235e1920,62837b45-0d28-4db3-b0fc-eec20811f180,2023-09-23 13:21:00,059136e5-beb1-43f4-a3fe-9cc14dd0989b,1800,135,1935
ea626fe9-f0e8-4a97-9252-31abb5b5415a,7c94f11c-d222-4fbf-8a10-b5dc85c91e8c,2023-09-23 12:11:00,059136e5-beb1-43f4-a3fe-9cc14dd0989b,500,37,537
9b5f7dc4-1e3a-40c1-ac48-ee9339d7ff81,52713a79-bbcf-4dae-b373-094c94cdaa42,2023-09-23 10:08:00,059136e5-beb1-43f4-a3fe-9cc14dd0989b,2400,179,2579
09e7d15b-8436-413b-8496-c3ac9e45809b,79531b7c-dfe8-4491-93a9-75b7d24c9899,2023-09-23 09:47:00,059136e5-beb1-43f4-a3fe-9cc14dd0989b,3800,285,4085
6393c715-47d4-4752-b5c4-5f164942b3a6,af8056d0-af18-451b-83d5-66cbe6056b73,2023-09-23 14:38:00,059136e5-beb1-43f4-a3fe-9cc14dd0989b,7300,547,7847
bf481edb-9bb9-45e6-b874-b1aae1bcf289,86936775-52b3-40ab-9529-3d70c1d85b96,2023-09-23 13:29:00,059136e5-beb1-43f4-a3fe-9cc14dd0989b,400,30,430
baeee72d-2a8a-486b-b3f1-b9013d308179,8a23372e-fab4-4779-8f74-6f8a0f73b768,2023-09-23 11:10:00,059136e5-beb1-43f4-a3fe-9cc14dd0989b,0,0,0
02b6434f-9fd1-466d-a4ce-bfec5871f106,71955bb5-1c02-47ff-9b9e-c336437f515f,2023-09-23 14:07:00,059136e5-beb1-43f4-a3fe-9cc14dd0989b,1800,135,1935
ec48e8ea-8ee7-4327-9f50-85d6255c1f63,0b4f304d-8026-4f2c-a91f-b3a7b61b8413,2023-09-23 14:01:00,059136e5-beb1-43f4-a3fe-9cc14dd0989b,500,37,537
c1242da4-67ad-42ab-8c1d-76afc23d3174,34fbe879-d0cc-45b7-bf6b-da9542a4246f,2023-09-23 14:55:00,059136e5-beb1-43f4-a3fe-9cc14dd0989b,600,44,644
90326820-b76f-42f8-b24c-fcf757536047,3ad06998-11c6-4642-bd7b-e7455a4d6da5,2023-09-23 14:41:00,059136e5-beb1-43f4-a3fe-9cc14dd0989b,500,37,537
3e1f8fad-cdc0-451b-b52f-7b537a6e053f,87013cfb-6a3d-4e3c-9e31-884b9f979690,2023-09-23 13:13:00,059136e5-beb1-43f4-a3fe-9cc14dd0989b,600,44,644
2f9801dd-c554-4ccb-88db-3f27ef4d496e,2dad54bc-4a80-410c-b92d-40030696b367,2023-09-23 09:47:00,059136e5-beb1-43f4-a3fe-9cc14dd0989b,1900,142,2042
afe1e0fb-0231-44d8-8234-fa8a1f6b02fc,692f8494-544f-4a7c-8aeb-1864348706b3,2023-09-23 13:46:00,059136e5-beb1-43f4-a3fe-9cc14dd0989b,5400,405,5805
d3067ed5-a40f-4198-ba7f-9bf35e21d806,b9398643-1bb6-4a03-a3da-5b124dcaabe6,2023-09-23 12:36:00,059136e5-beb1-43f4-a3fe-9cc14dd0989b,3500,262,3762
cec96c60-7383-412a-bbdb-65566f0d6683,da5cd671-cf27-4151-8076-5b2369981a8a,2023-09-23 08:35:00,059136e5-beb1-43f4-a3fe-9cc14dd0989b,600,44,644
10d1f7ce-007c-45ef-8db9-95a981da6afb,6d6b4b9b-ccd0-415b-9c87-7b27a0cea385,2023-09-23 08:55:00,059136e5-beb1-43f4-a3fe-9cc14dd0989b,1600,120,1720
ecfcf176-4606-40a0-ab0f-4391e78a0460,f5b542da-7d69-4d0d-93d2-004996d805d9,2023-09-23 14:02:00,059136e5-beb1-43f4-a3fe-9cc14dd0989b,400,30,430
0c45a09d-4819-4d50-820a-111726dc2a75,65587b67-2db3-4f9e-9532-5a8b5168baeb,2023-09-23 11:58:00,059136e5-beb1-43f4-a3fe-9cc14dd0989b,1300,97,1397
6017a556-de71-429f-b074-088865cb2625,646780ab-c1fe-4d83-84c6-3a20021869b8,2023-09-23 13:06:00,059136e5-beb1-43f4-a3fe-9cc14dd0989b,600,44,644
96861bf7-d993-448a-b28d-a9cab8cb4327,5893c78f-be68-4535-87e4-b9e0a3100d8a,2023-09-23 12:09:00,059136e5-beb1-43f4-a3fe-9cc14dd0989b,2000,150,2150
88f320af-a247-49d1-b5ec-e7bf0523bd5d,ee7c3fb3-ed03-4efb-af8d-ddcec90a202a,2023-09-23 12:44:00,059136e5-beb1-43f4-a3fe-9cc14dd0989b,500,37,537
66ade574-500b-42b6-88ab-d1adc288d2f3,c5ab98d6-40f2-4554-9345-8e4cb38e7e42,2023-09-23 08:30:00,059136e5-beb1-43f4-a3fe-9cc14dd0989b,3500,262,3762
d354cdc3-24c4-422e-b2ce-5dc548d58ca1,51422d77-7918-4d57-88ed-225044f0d654,2023-09-23 10:35:00,059136e5-beb1-43f4-a3fe-9cc14dd0989b,600,44,644
bb02c7d6-2a28-457a-8f59-a2a5a96edf6e,3cd1d06f-f125-41ef-9dc7-06e1953a097b,2023-09-23 12:39:00,059136e5-beb1-43f4-a3fe-9cc14dd0989b,700,52,752
8049289f-2b8c-403b-96f3-71c55af3020a,b933b8d1-2777-4f0a-a2da-d98923e7b020,2023-09-23 13:25:00,059136e5-beb1-43f4-a3fe-9cc14dd0989b,600,44,644
1f0c8c29-de4d-4942-a5dd-13587be765ef,01ebacae-f8e9-436f-8ae1-8a621be9f5e5,2023-09-23 13:57:00,059136e5-beb1-43f4-a3fe-9cc14dd0989b,2700,202,2902
84436961-46e1-4c55-a773-323aeaf008d3,6e14e68d-bcce-41ae-9cc6-44ad6ea62db8,2023-09-23 13:12:00,059136e5-beb1-43f4-a3fe-9cc14dd0989b,8700,652,9352
edbab7bd-c4b2-4227-9d35-0f5ba4cab866,e65495c3-185b-4c73-b633-7b1708f4ad89,2023-09-23 11:12:00,059136e5-beb1-43f4-a3fe-9cc14dd0989b,3400,254,3654
83bf9a06-f187-46a9-a427-83f3b00cd031,fc2f180a-e9a4-4b74-af3b-3aee781e74eb,2023-09-23 14:30:00,059136e5-beb1-43f4-a3fe-9cc14dd0989b,8700,652,9352
2b6f21f2-f84f-49cf-8f95-fd60c3eae03b,b8f59e83-f045-498d-8359-f97af9a52e2a,2023-09-23 12:19:00,059136e5-beb1-43f4-a3fe-9cc14dd0989b,500,37,537
df5f99c2-305f-4018-b9a5-b83e8b930c4e,1ec8de53-5406-46b5-b3c3-76641dbe8e17,2023-09-23 13:08:00,059136e5-beb1-43f4-a3fe-9cc14dd0989b,3100,232,3332
3621349f-da08-47c2-872a-8097b89254f7,35b0a6b4-27a7-4ce4-99e7-e6a4e3bc0deb,2023-09-23 10:44:00,059136e5-beb1-43f4-a3fe-9cc14dd0989b,2400,179,2579
1a7fe453-6c33-4dcd-a5af-d5e8ed48fc1d,b7be1b3e-03d1-4a59-875d-a3b36c0f90df,2023-09-23 12:49:00,059136e5-beb1-43f4-a3fe-9cc14dd0989b,8700,652,9352
87825976-0131-4aed-b115-c05354618e0f,b5cb4ced-80b0-42b7-aa05-6b3107491038,2023-09-23 12:39:00,059136e5-beb1-43f4-a3fe-9cc14dd0989b,600,44,644
99bb38c0-e445-41e4-a246-02504574865c,9af6a279-c409-4cf3-bd2f-3d6af0389baf,2023-09-23 12:10:00,059136e5-beb1-43f4-a3fe-9cc14dd0989b,700,52,752
fe787fb3-b6b2-4eda-a12b-60696fcd08f0,1e93548e-a310-47d0-bb52-0b660deefca6,2023-09-23 14:25:00,059136e5-beb1-43f4-a3fe-9cc14dd0989b,700,52,752
c839f821-ed85-4442-9c41-831859c815be,a3087371-9834-41e5-b616-5906186f66e7,2023-09-23 08:51:00,059136e5-beb1-43f4-a3fe-9cc14dd0989b,500,37,537
9a03003d-71f0-4ed2-8bd3-87bb41be8d83,1e221d26-6807-4370-b901-a5ac94702440,2023-09-23 12:40:00,059136e5-beb1-43f4-a3fe-9cc14dd0989b,1800,135,1935
66049fe3-d97e-409d-a7be-8a23445355a7,abd171a5-cb8f-42c7-9582-d8c49e9efa3c,2023-09-23 11:37:00,059136e5-beb1-43f4-a3fe-9cc14dd0989b,2600,195,2795
b79f879b-1655-4609-98c1-4f89d75c50e9,04c195d4-4dc6-47ab-8951-45427e72b536,2023-09-23 12:33:00,059136e5-beb1-43f4-a3fe-9cc14dd0989b,500,37,537
2051ab77-9b90-43a7-a539-c388106b3f13,3888e62f-5ebe-49cf-93e8-70e8eb32a0de,2023-09-23 08:44:00,059136e5-beb1-43f4-a3fe-9cc14dd0989b,600,44,644
8b6a9ac3-b704-495c-986e-433217af65a1,cdd71ddb-3534-4756-a9be-3c993ef7bfcd,2023-09-23 12:50:00,b5941a70-cf63-407e-8c24-c979e7f61e45,3400,136,3536
821ad613-c967-4862-8c7c-ad5aab38a363,4356bba9-90c2-46bf-ad20-3f7c3672cf49,2023-09-23 09:00:00,b5941a70-cf63-407e-8c24-c979e7f61e45,1800,72,1872
f5111b13-cec8-4b37-ae36-3f5b13da5a0d,2b95812c-96e3-4c71-b994-40bd090d6422,2023-09-23 11:06:00,b5941a70-cf63-407e-8c24-c979e7f61e45,600,24,624
ce39ce5a-0821-4623-821b-baf286ae1b4b,48fb38a1-f0ff-46e0-964c-df51a0ba2612,2023-09-23 14:26:00,b5941a70-cf63-407e-8c24-c979e7f61e45,700,28,728
ded8ee19-f51d-4643-9aeb-5a593201f462,162093d1-12b1-4f06-9ff7-56f2f0a73461,2023-09-23 12:19:00,b5941a70-cf63-407e-8c24-c979e7f61e45,600,24,624
399e8e8a-9c43-48f0-9384-d87c3be7a969,2db91672-0332-4092-8333-8b59707f1744,2023-09-23 11:55:00,b5941a70-cf63-407e-8c24-c979e7f61e45,700,28,728
cacc0581-3e3d-4b80-98b0-2049ba0e9888,d3c03d2b-e214-4128-b959-7cbb00080b81,2023-09-23 09:00:00,b5941a70-cf63-407e-8c24-c979e7f61e45,500,20,520
5a2448f2-5027-4ede-a530-30d8b30cb993,855ad166-da80-4dee-8c53-b239e364b074,2023-09-23 09:08:00,b5941a70-cf63-407e-8c24-c979e7f61e45,600,24,624
ad245787-a14f-496c-b829-b88689a0a1d5,665a35f4-221f-4277-8334-627eacce41fd,2023-09-23 12:57:00,b5941a70-cf63-407e-8c24-c979e7f61e45,600,24,624
1863dae1-0e0f-41cd-9ae8-bc9f2efa3a73,22d560dc-7d37-4c64-a28e-bf2e181c0a81,2023-09-23 13:13:00,b5941a70-cf63-407e-8c24-c979e7f61e45,400,16,416
6367365a-4168-42f5-88f7-222a4ba048b1,6e2a0795-52d8-4fa5-8cbf-8ff763939515,2023-09-23 12:13:00,b5941a70-cf63-407e-8c24-c979e7f61e45,1600,64,1664
d8f1ad94-09b0-4a2f-b09a-ea67b6db2056,6555ae72-a22c-4480-a4e6-26cee8a445be,2023-09-23 12:46:00,b5941a70-cf63-407e-8c24-c979e7f61e45,400,16,416
c601919f-8631-4e9c-87a4-4e1cc30ba6f3,d77e9950-184e-411c-b78a-a5d36b2bdd7b,2023-09-23 09:34:00,b5941a70-cf63-407e-8c24-c979e7f61e45,600,24,624
5156dfd1-abf2-408d-b0e5-75c23a2d37d3,5bdef59a-94a7-4f55-a527-34a14a8ddcd4,2023-09-23 12:23:00,b5941a70-cf63-407e-8c24-c979e7f61e45,700,28,728
b7ab9f85-3526-4211-8cc4-47dc61f40dcc,a9a9ae60-fe0f-401e-ba74-89076abb8301,2023-09-23 09:58:00,b5941a70-cf63-407e-8c24-c979e7f61e45,2300,92,2392
cd20f16e-b5d3-4e3b-b19f-9079b41b132d,0cc54e37-2408-4b86-9b5e-307919784f57,2023-09-23 12:38:00,b5941a70-cf63-407e-8c24-c979e7f61e45,1900,76,1976
e0440d59-0629-4735-80d0-7140f723ab78,c7c559d5-03ff-4091-8ad8-9a0334051778,2023-09-23 13:10:00,b5941a70-cf63-407e-8c24-c979e7f61e45,400,16,416
77081950-2822-4d6f-b7db-3b11f5808474,3b4c8c25-e309-4e8c-928c-042c56212f80,2023-09-23 13:35:00,b5941a70-cf63-407e-8c24-c979e7f61e45,600,24,624
b7f1bc69-d819-468e-a7b1-232ca0000e36,a9c4090e-7b43-44ca-8ce0-1e8b42e533cd,2023-09-23 12:59:00,b5941a70-cf63-407e-8c24-c979e7f61e45,5400,216,5616
43b7ecb2-810a-4c40-95e9-b687d356e327,46172e79-619e-4077-af99-369c4d7f6c1a,2023-09-23 11:22:00,b5941a70-cf63-407e-8c24-c979e7f61e45,1200,48,1248
f4ce118d-c13a-41bc-bbcd-73ba76dfc514,de3aa9b1-63f1-490b-a43e-c14c2382e040,2023-09-23 11:41:00,b5941a70-cf63-407e-8c24-c979e7f61e45,1900,76,1976
16de8f4d-4401-4ca1-937d-fd5753fc5417,de6351d4-e3e1-4e82-9c3f-ee108764ba3a,2023-09-23 09:49:00,b5941a70-cf63-407e-8c24-c979e7f61e45,600,24,624
e4845f8a-8a12-41aa-82fb-a0a385c6da81,9509dca1-d4c8-41bd-a918-bb0732a4cc20,2023-09-23 13:48:00,b5941a70-cf63-407e-8c24-c979e7f61e45,7000,280,7280
ab95373e-e92b-40a9-b735-178179ba7945,a3af825a-458f-437d-ad23-859770fd90f4,2023-09-23 12:11:00,b5941a70-cf63-407e-8c24-c979e7f61e45,3500,140,3640
63112d0a-4454-4baa-ace4-ed5f0335659a,805df221-8701-4577-bc0b-d5ecfbf9334b,2023-09-23 14:28:00,b5941a70-cf63-407e-8c24-c979e7f61e45,600,24,624
aa9bf7ae-8021-4887-91ba-ac51e405b077,67a854b8-54c7-40ee-b9f9-e7b0f261bbb1,2023-09-23 12:59:00,b5941a70-cf63-407e-8c24-c979e7f61e45,400,16,416
9928c2ef-a9f3-40f2-a311-143d82a369b7,a5aa723a-1b47-4aad-9428-6a1375022eef,2023-09-23 14:54:00,b5941a70-cf63-407e-8c24-c979e7f61e45,400,16,416
54b19f45-7a6b-4f38-ba36-e6bd9fef936e,c95036c7-b205-4c9e-b14f-2d009d5d0c76,2023-09-23 11:23:00,b5941a70-cf63-407e-8c24-c979e7f61e45,400,16,416
661df892-4376-47c6-bb75-26ae7f8d6932,06a6edf3-ee56-4ffa-8133-b10eb27a0909,2023-09-23 14:05:00,b5941a70-cf63-407e-8c24-c979e7f61e45,7700,308,8008
fb5bb58c-277d-40d5-80ac-5ce5902efdb4,c797a15c-8e33-48e1-a362-afd706f8cbaa,2023-09-23 14:27:00,b5941a70-cf63-407e-8c24-c979e7f61e45,2100,84,2184
0085dbee-9f07-4807-9910-502f772c06be,0ff448ff-ca98-4acd-b4ee-b1328520cb7a,2023-09-23 14:21:00,b5941a70-cf63-407e-8c24-c979e7f61e45,3300,132,3432
e82d5c0b-3952-453f-b3e9-1712f7002563,64ab2edd-3638-4512-8637-f5b092e70b12,2023-09-23 10:20:00,b5941a70-cf63-407e-8c24-c979e7f61e45,2300,92,2392
ab5182b2-82c2-47fc-915a-45fee8e10ed8,fc0a74be-b00b-4fee-a08a-b65438c8f712,2023-09-23 12:55:00,b5941a70-cf63-407e-8c24-c979e7f61e45,1800,72,1872
22629ae3-9e39-4ad8-84e4-a45089308cc6,575e6a52-60aa-4d2e-88fb-c24afb554e5e,2023-09-23 13:32:00,b5941a70-cf63-407e-8c24-c979e7f61e45,500,20,520
b4bb04ca-50a5-4642-a81b-d1b44b1ca114,3ac82e2d-4337-43f2-852f-933842baca7a,2023-09-23 11:06:00,b5941a70-cf63-407e-8c24-c979e7f61e45,600,24,624
9e9159f4-cbd9-403a-b67e-552f46848617,64ae60bd-9702-4342-8766-2996c32f2161,2023-09-23 08:45:00,b5941a70-cf63-407e-8c24-c979e7f61e45,500,20,520
d5827fe5-8a85-4b8c-9de0-1f2cd16d0b1c,3a0320ef-2ab5-4253-b221-8e09a98e50a3,2023-09-23 12:45:00,b5941a70-cf63-407e-8c24-c979e7f61e45,600,24,624
e2ea4b1a-4d9a-430e-855a-c701282fb685,33f1d392-7275-48b2-a60d-cdff021d282e,2023-09-23 14:02:00,b5941a70-cf63-407e-8c24-c979e7f61e45,700,28,728
0ffd6683-e096-4cb8-a891-e279b88ef98e,664e3ba0-58b3-4495-80a8-feee27c54f5a,2023-09-23 09:33:00,b5941a70-cf63-407e-8c24-c979e7f61e45,1700,68,1768
4b7ba7b7-e41d-4a5f-99b6-ca9f2733ffa3,aab76d2f-7bb6-40df-9caf-5bb0239d9be0,2023-09-23 14:02:00,b5941a70-cf63-407e-8c24-c979e7f61e45,600,24,624
d942623f-4e3a-49dc-bfb6-7e6e2eb8b5f5,936d1ff6-3e00-4b99-8b1b-239b29bdf6a7,2023-09-23 11:10:00,b5941a70-cf63-407e-8c24-c979e7f61e45,700,28,728
c21a84ff-d16e-4526-92aa-2bab4373f930,d5d4a5a0-dd76-437a-98ee-452bc4cc56a2,2023-09-23 09:36:00,b5941a70-cf63-407e-8c24-c979e7f61e45,2200,88,2288
e95098a4-99f4-43f5-bddc-dcecd9dd5f24,f112ee34-c8a1-4743-b761-6dfe2dc68721,2023-09-23 13:50:00,b5941a70-cf63-407e-8c24-c979e7f61e45,1700,68,1768
3c853603-157b-4ee2-8012-214cf302a5b2,c1f1aec3-4baa-4122-85ab-2e030e48d90b,2023-09-23 13:40:00,b5941a70-cf63-407e-8c24-c979e7f61e45,500,20,520
daca1d2e-ed37-45a8-8d4e-d173ab7d4e2c,c2ad7787-dfe9-4b11-b2ce-bf30b5f3687d,2023-09-23 14:13:00,b5941a70-cf63-407e-8c24-c979e7f61e45,600,24,624
9cacd35f-ac70-439d-8230-ee26a289d27c,f25ba966-e556-4174-975c-0b578d26a553,2023-09-23 11:20:00,b5941a70-cf63-407e-8c24-c979e7f61e45,5300,212,5512
468b8e02-a1fe-4e75-b3cc-3ad9322018bf,a0f75da6-366a-4c40-bde8-65dd06daf746,2023-09-23 13:25:00,b5941a70-cf63-407e-8c24-c979e7f61e45,9300,372,9672
017b1a15-d24c-419b-8ce7-c8ed29d2d3f0,b54f5717-c16a-4b5c-a687-07224250a90a,2023-09-23 14:40:00,b5941a70-cf63-407e-8c24-c979e7f61e45,6800,272,7072
52ba25ae-4595-4609-b33a-716e0d24afad,ffbaa8ff-9fbc-4001-a903-59836c797117,2023-09-23 10:20:00,b5941a70-cf63-407e-8c24-c979e7f61e45,3600,144,3744
7309260f-beef-43e6-ab0c-7e26ad4b7f9d,2aebc3e7-9b26-44ea-9a23-0f6a38540dba,2023-09-23 13:12:00,b5941a70-cf63-407e-8c24-c979e7f61e45,700,28,728
4905031d-709d-4cbc-8834-11c217da6314,4c2dc37a-9410-478a-a21d-475514057fac,2023-09-23 14:13:00,b5941a70-cf63-407e-8c24-c979e7f61e45,2900,115,3015
046814e5-2272-420d-8e4c-a98a14107df6,046cf642-b58e-4a9e-afff-6f692cb6274e,2023-09-23 13:14:00,b5941a70-cf63-407e-8c24-c979e7f61e45,500,20,520
c1feaa17-6a5e-4fee-8117-40cd78bb7dfa,3b0693c1-d1df-4721-975b-ec5cbfc9dffd,2023-09-23 11:09:00,b5941a70-cf63-407e-8c24-c979e7f61e45,4200,168,4368
6c8992b6-575d-436c-94ac-23a4a1538224,85ebb880-ebb4-472b-ab66-1dabc11c201a,2023-09-23 13:18:00,b5941a70-cf63-407e-8c24-c979e7f61e45,700,28,728
24e42618-b64d-4775-896c-8aa9ce5cc3cf,dab7e566-25c4-4643-86c6-87b64e28b874,2023-09-23 12:15:00,b5941a70-cf63-407e-8c24-c979e7f61e45,8700,348,9048
a5a8368e-1d24-4746-a4b6-aac2b9321323,6ee92fc3-196c-4f81-b063-115ba8cbc26f,2023-09-23 11:43:00,b5941a70-cf63-407e-8c24-c979e7f61e45,600,24,624
f66b29ed-ae56-4582-928d-cc5e37530ff5,b96c7b5b-b61d-4e7e-94b9-4532a2eaabd2,2023-09-23 14:43:00,b5941a70-cf63-407e-8c24-c979e7f61e45,600,24,624
6ddf7a78-cc05-46ed-a1a9-f655036b7ae7,9792ef5b-b422-458b-bb0d-cfc2e5d9dfb6,2023-09-23 12:53:00,b5941a70-cf63-407e-8c24-c979e7f61e45,2200,88,2288
9c3d5c58-53c0-4070-b2d4-411a7496f3bd,96d25c79-639e-4bbc-9432-83a5f30c2936,2023-09-23 14:41:00,b5941a70-cf63-407e-8c24-c979e7f61e45,5500,220,5720
3d164891-f284-4494-a347-22c2858f297b,31c07056-e35a-4038-b4b8-2892cca33dcf,2023-09-23 13:09:00,b5941a70-cf63-407e-8c24-c979e7f61e45,0,0,0
c6a9aca1-584b-4872-8b82-7cbeef50cdf1,88ccbcfa-ed30-47c5-bbf4-0bef6725123b,2023-09-23 11:40:00,b5941a70-cf63-407e-8c24-c979e7f61e45,400,16,416
b0fdf534-76ce-4c94-83fa-ef26f64ab7ce,310540d1-8503-4470-8f4b-81ccd6135a4a,2023-09-23 08:00:00,b5941a70-cf63-407e-8c24-c979e7f61e45,700,28,728
fce9cf95-eab6-42a9-8f13-7f7d76c1f29a,125ca5d7-df9a-4025-91b8-e0f428d43068,2023-09-23 10:39:00,b5941a70-cf63-407e-8c24-c979e7f61e45,700,28,728
89fa3308-f29d-4db1-86f3-86b32c3cdc04,49b9328f-15ce-4610-b926-f7455687982f,2023-09-23 08:15:00,b5941a70-cf63-407e-8c24-c979e7f61e45,600,24,624
1fedcab3-d389-4e24-9a49-df08d6bc7451,0f4b96f1-0b6f-45ab-929b-98c3e847436f,2023-09-23 11:54:00,b5941a70-cf63-407e-8c24-c979e7f61e45,500,20,520
d06021ed-2b6c-4f85-9fb3-e684c5398930,1c89a296-5309-47e6-8cb0-36a6b4c63880,2023-09-23 13:11:00,b5941a70-cf63-407e-8c24-c979e7f61e45,1800,72,1872
c59a5d65-51c9-4fc8-b86a-4a8536fec45e,35ef9a20-373b-49a0-94e7-a652a49ad546,2023-09-23 08:00:00,b5941a70-cf63-407e-8c24-c979e7f61e45,500,20,520
0c1da540-2501-4bf2-b6b3-ce3952a5f27b,37c34e7b-e45c-47db-9e3b-264d25b1933c,2023-09-23 12:51:00,b5941a70-cf63-407e-8c24-c979e7f61e45,600,24,624
dfe9c4b5-1f14-4633-83d6-e8157e609ab9,8143b925-a728-45dc-90e2-770dc299a5d0,2023-09-23 08:17:00,b5941a70-cf63-407e-8c24-c979e7f61e45,600,24,624
48d3cf6f-119c-4c7f-bf5c-db71ac2d4460,079c5ccc-da93-4cd1-836d-38c631bf48a6,2023-09-23 14:02:00,b5941a70-cf63-407e-8c24-c979e7f61e45,700,28,728
e11a38a5-b1dc-48e7-bdf0-d33d3e62f6bb,c7ba7c0b-dcbd-432b-a25d-5f19f08ee302,2023-09-23 09:08:00,b5941a70-cf63-407e-8c24-c979e7f61e45,600,24,624
43cd2b19-12ee-4d59-b823-d7ef43972595,f3cbed3f-752a-4169-bb29-5bf932fd648c,2023-09-23 09:00:00,b5941a70-cf63-407e-8c24-c979e7f61e45,2400,96,2496
84a6ee6b-8c58-405a-8a1b-b49c27b7299b,5729d739-8c7e-469d-9fc7-fb95612fc92e,2023-09-23 10:56:00,b5941a70-cf63-407e-8c24-c979e7f61e45,2400,96,2496
3afca173-18de-4ba5-9af2-1e4ca558fdbd,ed7e3980-fe2e-4277-ac81-c27c18c9df4d,2023-09-23 14:21:00,b5941a70-cf63-407e-8c24-c979e7f61e45,3800,152,3952
db75a3f5-13f7-4ef4-9601-c6076650edcc,5e2f8308-17ff-4a1b-aaf0-7ee5789d624f,2023-09-23 08:47:00,b5941a70-cf63-407e-8c24-c979e7f61e45,600,24,624
7ceb792e-adf6-485d-8841-d59ce8a9e7f9,83a9211f-46b5-46e9-83ff-21fcb2333b9d,2023-09-23 09:55:00,b5941a70-cf63-407e-8c24-c979e7f61e45,400,16,416
85395f88-810e-40f0-93d9-6edfef272e9a,94eed14f-8001-4b43-8f44-165f49fd933d,2023-09-23 12:51:00,b5941a70-cf63-407e-8c24-c979e7f61e45,700,28,728
b2c6e026-3f30-43c5-ae59-f54a98919730,aca4d865-17e7-4668-be18-d81a17da3466,2023-09-23 14:47:00,b5941a70-cf63-407e-8c24-c979e7f61e45,600,24,624
9e9249fb-3b69-4ea0-9995-c013d8dafb17,64141f13-bf43-4c2a-86ae-1f78687ace7b,2023-09-23 13:19:00,b5941a70-cf63-407e-8c24-c979e7f61e45,600,24,624
0c53ec00-9d92-4daa-a0c1-7c2515cf6008,da512c5b-68aa-469a-aea3-35b60e5aa607,2023-09-23 14:03:00,b5941a70-cf63-407e-8c24-c979e7f61e45,600,24,624
4ba2e805-1c41-4776-bc9f-7b099966a39d,ab048a38-1f12-4bca-ab42-1b40682f705b,2023-09-23 13:44:00,b5941a70-cf63-407e-8c24-c979e7f61e45,600,24,624
7f61fc53-55e4-448e-ad94-0d6ff28600af,4824e242-620a-44a3-b4aa-6d34b7342b87,2023-09-23 09:21:00,b5941a70-cf63-407e-8c24-c979e7f61e45,600,24,624
02fc391c-1d23-49e4-846a-0a501a6801d9,fb448b08-7725-42e0-9ab1-296312325b35,2023-09-23 12:13:00,b5941a70-cf63-407e-8c24-c979e7f61e45,3300,132,3432
6753fbe1-5617-4254-b20a-e894f4d871c7,083dd7b0-5e7b-40bd-b68c-d79e2c651069,2023-09-23 13:55:00,b3406af8-c4a9-4d2d-9e30-e06f3da01c15,8800,704,9504
1e76af12-2c0c-4803-9df5-d6ab2606c6fd,72da3aec-c83f-4145-a832-15352c7930af,2023-09-23 14:18:00,b3406af8-c4a9-4d2d-9e30-e06f3da01c15,1800,144,1944
b49e3653-7a88-4b2c-8b66-9416b61c6d94,46ee62e2-9de2-4a65-9acb-9324605c196d,2023-09-23 13:46:00,b3406af8-c4a9-4d2d-9e30-e06f3da01c15,700,56,756
0db28050-9ef8-4f79-892e-6daab98ab5e0,eeb16ee7-6056-46b4-a5a9-a6bdab2f1c97,2023-09-23 13:09:00,b3406af8-c4a9-4d2d-9e30-e06f3da01c15,7000,560,7560
93b40155-2ada-4ad3-8cdf-015bcc6a8e0d,8358cc3a-5993-44f8-aa25-4fb0dcbbad6e,2023-09-23 12:48:00,b3406af8-c4a9-4d2d-9e30-e06f3da01c15,500,40,540
aeb962e2-6432-4058-8fb1-0009595deb9d,51b16cf1-5300-4593-9472-80ede31dc299,2023-09-23 12:09:00,b3406af8-c4a9-4d2d-9e30-e06f3da01c15,600,48,648
07731cfd-ad40-43f8-ac62-ae5a6b806972,1555720b-72a8-48bb-805c-f18499ea4cf5,2023-09-23 10:55:00,b3406af8-c4a9-4d2d-9e30-e06f3da01c15,2900,231,3131
da506bfb-1f4f-4793-a62c-2f70f8e6decb,cb2538bd-11dd-4bc2-a3c2-7f7412ab7329,2023-09-23 10:43:00,b3406af8-c4a9-4d2d-9e30-e06f3da01c15,5200,416,5616
d2ea7e8b-66e0-4211-bf7e-ad4e0d361843,00e04f92-2c43-4887-8187-ad3faa08c7fe,2023-09-23 12:14:00,b3406af8-c4a9-4d2d-9e30-e06f3da01c15,3500,280,3780
623c43fc-11da-49ae-baf9-d759c3d36586,f27a3372-0d29-4d6a-b883-f6e124a1f046,2023-09-23 13:46:00,b3406af8-c4a9-4d2d-9e30-e06f3da01c15,500,40,540
e4b26c08-0ee4-4d50-8288-f8b4cbd0d89e,b5719435-7055-46db-9e03-d838feeb0ac8,2023-09-23 13:58:00,b3406af8-c4a9-4d2d-9e30-e06f3da01c15,3400,272,3672
bbb83419-16f9-4afa-95f3-8789363ea703,a2000870-ced8-44cc-9747-f8f7d5b5499d,2023-09-23 14:19:00,b3406af8-c4a9-4d2d-9e30-e06f3da01c15,2300,184,2484
ff71379b-1c38-414d-a627-a6598a727c65,03530b0b-2cc6-45c8-9658-efd1cdcb84b1,2023-09-23 14:43:00,b3406af8-c4a9-4d2d-9e30-e06f3da01c15,600,48,648
cfc7ace8-812f-487e-a2d6-fdf408203088,694ac271-6131-4f75-af40-125036967c5b,2023-09-23 14:45:00,b3406af8-c4a9-4d2d-9e30-e06f3da01c15,3500,280,3780
2cd22ebf-533f-4282-86df-b03c38784308,466c3d64-3639-47e8-9ade-c082950e11e4,2023-09-23 12:27:00,b3406af8-c4a9-4d2d-9e30-e06f3da01c15,7000,560,7560
ba24f335-2ece-4571-bb22-9fdb8dae4eb9,8618519d-5857-46b6-aa82-bab2e311d7b8,2023-09-23 14:19:00,b3406af8-c4a9-4d2d-9e30-e06f3da01c15,700,56,756
1f5ff94c-b00f-4e91-8941-801cce577b3e,da1d52ce-844e-47b9-aeb1-873344c86ed5,2023-09-23 10:38:00,b3406af8-c4a9-4d2d-9e30-e06f3da01c15,1500,120,1620
0d3096ae-0dd9-4407-80e6-6b9b36d8dbec,d038e662-59d6-4144-86f3-341b3ffade9a,2023-09-23 12:54:00,b3406af8-c4a9-4d2d-9e30-e06f3da01c15,2200,176,2376
ef7d31f4-a9e7-4016-8199-22b37cc35601,04b22254-4c7f-4061-9dda-63789f974393,2023-09-23 09:09:00,b3406af8-c4a9-4d2d-9e30-e06f3da01c15,5400,432,5832
fdb40bbb-5a30-4003-ab54-70bb4aa72b28,a0adc3c2-77d8-4e4b-a254-525252d95ff2,2023-09-23 10:37:00,b3406af8-c4a9-4d2d-9e30-e06f3da01c15,600,48,648
1f42eaf9-dab7-4a98-ba3c-c52615495880,d22e0d48-9bf2-4a43-b32f-2c2607d00dd5,2023-09-23 12:53:00,b3406af8-c4a9-4d2d-9e30-e06f3da01c15,3400,272,3672
b3027e36-a38e-48dd-bb01-2c282a48defb,bb64b1cb-a9ad-41d3-b2fc-4335f2918759,2023-09-23 14:21:00,b3406af8-c4a9-4d2d-9e30-e06f3da01c15,600,48,648
ac631237-0585-4c78-9be8-a3e843d07454,c4deb74b-c9b2-4f83-8b80-ef3798d92315,2023-09-23 08:21:00,b3406af8-c4a9-4d2d-9e30-e06f3da01c15,5100,408,5508
0a14fdac-4160-498b-ac99-e243844fee12,5771b79c-6f7a-4469-b773-289af03e59c9,2023-09-23 11:41:00,b3406af8-c4a9-4d2d-9e30-e06f3da01c15,1200,96,1296
89e48654-427c-437a-95f1-ff4cf1713911,4ff9fd9b-6213-446e-99bb-62a8052a8bbe,2023-09-23 14:46:00,b3406af8-c4a9-4d2d-9e30-e06f3da01c15,8800,704,9504
95510ec2-882b-44c1-b1dc-dfec67749a25,5e48221c-cae5-43ec-97c4-8c92051a16a4,2023-09-23 08:47:00,b3406af8-c4a9-4d2d-9e30-e06f3da01c15,700,56,756
080b62ab-4c83-456c-ab91-6d1d2694ad1f,13a7703d-03d1-4063-84ca-b89d789a1738,2023-09-23 09:04:00,b3406af8-c4a9-4d2d-9e30-e06f3da01c15,700,56,756
5e83b1ac-c9c4-49bf-b8a2-c4e5e0b6111a,9891fcf2-b13c-4329-b3a9-652662243436,2023-09-23 13:11:00,b3406af8-c4a9-4d2d-9e30-e06f3da01c15,5400,432,5832
aaf4e1b0-ac67-4a82-acdc-49f76ddb58dc,23c6e968-0007-4538-b4a8-90dfd7c6a128,2023-09-23 12:51:00,b3406af8-c4a9-4d2d-9e30-e06f3da01c15,3800,304,4104
d3425c0c-5466-4703-81d4-06c3f594aee3,dec57854-af9f-4730-a215-08532355ced4,2023-09-23 12:49:00,b3406af8-c4a9-4d2d-9e30-e06f3da01c15,5500,440,5940
930c3a9d-5aa2-484c-a8c6-5a9379f074fb,cf331bfa-1fe7-4048-8c48-259b2615909a,2023-09-23 11:10:00,b3406af8-c4a9-4d2d-9e30-e06f3da01c15,2100,168,2268
8bd3f638-47b7-488a-879a-525703ff3cd6,ea9d5fbe-aa7d-4e34-9eac-a2d38103cf4d,2023-09-23 11:47:00,b3406af8-c4a9-4d2d-9e30-e06f3da01c15,400,32,432
6d9faf4a-9ba2-47c0-9a02-a1adb23c14d6,5d9f037d-9045-46b5-99b7-f51314dfe487,2023-09-23 12:49:00,b3406af8-c4a9-4d2d-9e30-e06f3da01c15,600,48,648
93c1e9ab-9734-4961-bb0b-38295b4b1b21,362e0d5c-9a3d-4f93-9ab8-c13ffafc2d99,2023-09-23 09:22:00,b3406af8-c4a9-4d2d-9e30-e06f3da01c15,1800,144,1944
89d6f91a-4441-480a-ad2f-5967485c0f17,9f8a2f60-1268-4270-8ae6-6ba0ef0a6eb1,2023-09-23 14:01:00,b3406af8-c4a9-4d2d-9e30-e06f3da01c15,5500,440,5940
12e57e8f-8637-4826-b770-de3904b12f04,c05af6ca-529b-48e3-9cbf-d11a290da116,2023-09-23 14:56:00,b3406af8-c4a9-4d2d-9e30-e06f3da01c15,400,32,432
eee30903-fbb2-470a-87c1-b869c4e301aa,018401b5-05b1-47d4-8344-8e1599be1da7,2023-09-23 10:55:00,b3406af8-c4a9-4d2d-9e30-e06f3da01c15,3600,288,3888
58b77039-9459-4519-aa4b-ee8e2a68c6c9,d1632fc8-d982-4a8a-8ef9-53a6c238f72c,2023-09-23 12:12:00,b3406af8-c4a9-4d2d-9e30-e06f3da01c15,500,40,540
aea214c7-9ef6-4e1b-90a4-9d7eaacf3df3,6ed4fff1-f154-471e-b304-f0a6506925bb,2023-09-23 14:22:00,b3406af8-c4a9-4d2d-9e30-e06f3da01c15,0,0,0
f17d2fcc-0abd-4c74-b624-946e6186e152,ac530e21-16a1-4c59-b20f-871a96c75966,2023-09-23 13:00:00,b3406af8-c4a9-4d2d-9e30-e06f3da01c15,1600,128,1728
b07756a2-f4b2-412e-853b-5b992ca9c99a,d4954aec-b60d-426c-9058-f2d3d61ecf7f,2023-09-23 10:09:00,b3406af8-c4a9-4d2d-9e30-e06f3da01c15,600,48,648
226f9601-8424-40de-bd43-34dd8b872b67,8429261b-8ba3-41d8-beda-f33f31540c22,2023-09-23 08:36:00,b3406af8-c4a9-4d2d-9e30-e06f3da01c15,600,48,648
0eda6495-afa1-4e30-8af0-9e422278d6a1,a2fcb9a7-aaa5-4383-a4fb-21687e933dde,2023-09-23 12:45:00,b3406af8-c4a9-4d2d-9e30-e06f3da01c15,1600,128,1728
36097388-ab4c-4e17-8bdb-243de3dff4c7,1892dd7a-8ba7-4839-891c-a1faa3c38b01,2023-09-23 13:46:00,b3406af8-c4a9-4d2d-9e30-e06f3da01c15,600,48,648
a6476fdb-172e-4b7d-84b2-ecb1e54393ce,c9a27e2e-04e1-4bb4-b573-24236a552b08,2023-09-23 11:36:00,b3406af8-c4a9-4d2d-9e30-e06f3da01c15,3000,240,3240
ca07d833-47e6-4b76-8aa2-bb7f8e81d07a,196a4177-08f4-4d6f-bfed-90407d64303e,2023-09-23 14:21:00,b3406af8-c4a9-4d2d-9e30-e06f3da01c15,9000,720,9720
1ce16f9c-dd0c-4818-8431-f5c83125e078,b4d7bbaf-cc87-47f2-a964-1a64d7d18e19,2023-09-23 08:00:00,b3406af8-c4a9-4d2d-9e30-e06f3da01c15,600,48,648
f5ef7b37-29fe-477a-a984-2c3ae91270a9,b8ebe9c1-1add-4673-afe5-93f07113de45,2023-09-23 13:47:00,b3406af8-c4a9-4d2d-9e30-e06f3da01c15,1200,96,1296
4ba40e40-8379-4d66-887f-1bd65ee8077b,2bd22f13-76a5-4011-bef8-686940d3ba2d,2023-09-23 14:29:00,b3406af8-c4a9-4d2d-9e30-e06f3da01c15,2500,200,2700
17c3e0b1-72f9-4096-bbef-bfa6d9781330,528277e8-4ab5-4238-8977-eef05607a07b,2023-09-23 13:01:00,b3406af8-c4a9-4d2d-9e30-e06f3da01c15,1700,136,1836
4009b621-f741-4423-b0fe-b8ee1cd20b91,06a02b8b-8290-49eb-a59a-1ed359cee4d9,2023-09-23 11:35:00,b3406af8-c4a9-4d2d-9e30-e06f3da01c15,400,32,432
14e85c2f-f66b-4548-b433-e2d52a926cd3,f57255c0-3e02-407c-b4fc-355d2d98bd8b,2023-09-23 10:36:00,b3406af8-c4a9-4d2d-9e30-e06f3da01c15,5400,432,5832
772be2fb-37dd-4293-9989-f664977a5f1d,8dc8937a-97f2-4c2f-a818-c3324d26e599,2023-09-23 10:47:00,b3406af8-c4a9-4d2d-9e30-e06f3da01c15,2600,208,2808
af3d77d0-84c3-4778-b28f-e10e8600c44d,d4ef2be9-3e50-40f0-990f-8e0c0917c2b5,2023-09-23 11:37:00,b3406af8-c4a9-4d2d-9e30-e06f3da01c15,9000,720,9720
edcb4657-7ae2-425a-95a4-342202be37e4,d593cb3f-5c32-4ae8-b090-2b2d6cc364e0,2023-09-23 09:15:00,b3406af8-c4a9-4d2d-9e30-e06f3da01c15,500,40,540
39d81bd8-e022-4de2-acec-9155a087d02f,722c012f-efd2-49d0-8fd3-047157c22e79,2023-09-23 08:56:00,b3406af8-c4a9-4d2d-9e30-e06f3da01c15,400,32,432
70e64b23-8648-474c-98be-8729909fc736,765299de-c047-4751-b8c2-9a5cd86d2a87,2023-09-23 13:17:00,b3406af8-c4a9-4d2d-9e30-e06f3da01c15,1800,144,1944
5ebc9cbe-489e-4e3e-8856-23bb7c653bd6,f98f9d4e-3e45-4d67-921b-b041216192fd,2023-09-23 11:13:00,b3406af8-c4a9-4d2d-9e30-e06f3da01c15,9300,744,10044
7c8386a5-41cc-4f6f-a2d8-5483e93e0662,d9e5872f-5b34-4ad5-966b-176a0bf17fdd,2023-09-23 11:41:00,b3406af8-c4a9-4d2d-9e30-e06f3da01c15,6900,552,7452
c5353ada-248e-4677-8a40-c21e3e537681,7e3d2dc3-7b83-456a-a17c-8f73b1bb94b5,2023-09-23 12:40:00,b3406af8-c4a9-4d2d-9e30-e06f3da01c15,6800,544,7344
9b084452-6d22-4b28-bed5-6508951cb020,ae51cf2b-0e3c-40d5-be2b-68758d6b11f1,2023-09-23 10:05:00,b3406af8-c4a9-4d2d-9e30-e06f3da01c15,5100,408,5508
36180f7e-a7ba-445e-9ae5-d3ab213dea8b,b3dc4918-cb35-45e3-8209-a478653326b4,2023-09-23 10:25:00,b3406af8-c4a9-4d2d-9e30-e06f3da01c15,1500,120,1620
bd8f0144-05ba-4cb0-a362-f54781944263,15842696-4fc9-4c29-9996-308a244bddf6,2023-09-23 12:22:00,b3406af8-c4a9-4d2d-9e30-e06f3da01c15,3100,248,3348
f0a1cdf8-9ac6-4fc3-9854-1e34d52d9b2e,f05f0763-5551-4223-a484-ed9814e70cdb,2023-09-23 10:06:00,b3406af8-c4a9-4d2d-9e30-e06f3da01c15,7300,584,7884
d14892d7-9ad1-43f9-a217-2e29600d082b,4c1b1465-1124-4da0-a845-304ff87d7b80,2023-09-23 09:11:00,b3406af8-c4a9-4d2d-9e30-e06f3da01c15,600,48,648
48ac47d5-33ed-4a50-a13e-4b90b96ef4e6,7c0b728c-03b2-4074-97b0-820e04f72bc1,2023-09-23 14:24:00,b3406af8-c4a9-4d2d-9e30-e06f3da01c15,600,48,648
42df4689-ae94-4522-96b5-1829cb7d2ccd,1a431b36-b823-48e6-8aea-7c757742061b,2023-09-23 11:29:00,b3406af8-c4a9-4d2d-9e30-e06f3da01c15,8700,696,9396
f02c738f-f0a9-4fcd-9b3d-1807247b32d3,e64930bf-9aea-452b-9770-6d9ab8e75b98,2023-09-23 12:30:00,b3406af8-c4a9-4d2d-9e30-e06f3da01c15,600,48,648
cd328b0a-7a58-4b6f-b759-64d6c1417df9,5306486f-e688-463c-93c5-76b5e567a099,2023-09-23 12:55:00,b3406af8-c4a9-4d2d-9e30-e06f3da01c15,5500,440,5940
c8020d96-8529-4423-9763-a69d26f3a169,795cb16b-9d6b-446b-8c69-3e25dccd27e1,2023-09-23 12:18:00,b3406af8-c4a9-4d2d-9e30-e06f3da01c15,3900,312,4212
afe1661b-ab9b-4597-bf9c-9a79764dae77,c3044ef4-2eca-4bfe-a68c-9c23f4e82048,2023-09-23 14:44:00,b3406af8-c4a9-4d2d-9e30-e06f3da01c15,9100,728,9828
9cad1acd-285f-4717-aa80-3a56c82bae48,d4eac3ba-2779-4b21-99f2-198fba33f339,2023-09-23 13:44:00,b3406af8-c4a9-4d2d-9e30-e06f3da01c15,1200,96,1296
dd107563-4d3b-4082-b540-19ece2e917a3,4b4d226b-43b8-4ab9-b8c9-0ff707cf3862,2023-09-23 12:30:00,b3406af8-c4a9-4d2d-9e30-e06f3da01c15,1200,96,1296
60532d93-a84c-4c3d-be94-58e5c6d46bbc,81d151e6-2213-44c8-b3f8-3c92ca5f9d6f,2023-09-23 14:35:00,b3406af8-c4a9-4d2d-9e30-e06f3da01c15,600,48,648
04fb4826-7e6d-403d-87c4-d61d37830c64,095433f6-a043-4bc7-90ef-ac52db517d00,2023-09-23 13:57:00,b3406af8-c4a9-4d2d-9e30-e06f3da01c15,3200,256,3456
f4f70d09-836b-465b-9b1d-79d6f63f03c0,0709c8a9-a54b-4f66-94c2-ba1671a61c01,2023-09-23 12:40:00,b3406af8-c4a9-4d2d-9e30-e06f3da01c15,600,48,648
