ID,ORDER_ID,SKU,QUANTITY,PRICE
94f03413-f395-4916-9b66-3708ee4fa889,d142436e-dd1a-44cc-9347-83980ba31ccf,BEV-005,5,150.45
ac8901ca-b60b-4fd5-8c23-cf2107071495,d142436e-dd1a-44cc-9347-83980ba31ccf,BEV-001,9,88.49
b180a2fd-27a6-4b98-9e1c-f9bd7a5eb038,d142436e-dd1a-44cc-9347-83980ba31ccf,JAF-004,2,420.64
e1bcdaf3-feda-4385-92c8-4f77e83c7fa2,d142436e-dd1a-44cc-9347-83980ba31ccf,JAF-004,5,556.23
f44ea7c0-f367-4b31-b1e4-b94213823456,edce4a01-8687-496c-8ff7-aed116253036,BEV-001,3,941.43
9497ef6b-6fb9-4d56-9648-81b8e637e750,edce4a01-8687-496c-8ff7-aed116253036,BEV-004,7,366.45
7996e214-4d8c-4e82-8d37-18e457d66fea,3e3462ef-bec2-4a9d-ad84-333e899002d6,BEV-001,5,611.04
155aa7aa-12fb-4023-b96e-08d77cf687e2,bbd43f48-58ee-4fed-915e-2e6b644fe417,BEV-001,2,183.49
8e43a547-2fab-40a8-8b58-d81abfb6e0fe,bbd43f48-58ee-4fed-915e-2e6b644fe417,BEV-001,8,487.6
222652ac-276f-44e7-9e77-1a71e9adcd69,bbd43f48-58ee-4fed-915e-2e6b644fe417,JAF-001,10,973.77
46206b54-a6cb-4ccc-86d4-3be8b2bed9f9,bbd43f48-58ee-4fed-915e-2e6b644fe417,JAF-003,10,43.12
b30dd0d2-6eb1-4e57-9a36-b52b19b0ccf8,c8f57659-6337-4cbf-81b9-16d6165b4859,BEV-004,1,639.26
6a130c00-ba8b-40d9-84e6-9b9881b37612,c8f57659-6337-4cbf-81b9-16d6165b4859,JAF-005,9,749.28
eff9c983-53e5-4a60-96b1-14e9d77c3160,29963e31-0efe-48a8-a549-52881af899c5,BEV-001,3,347.21
160861a1-bff4-4013-b825-488700ca08cd,7ee6f082-31db-4aae-9d66-e9f272af90da,BEV-005,4,140.68
bfd30d96-76e4-4416-abc9-06da5e072d7c,e888c0a4-017d-4be4-b335-d9743026fd97,BEV-004,2,288.15
e7cf9fe5-b5b0-42d7-80eb-e412fa1d79a4,e888c0a4-017d-4be4-b335-d9743026fd97,JAF-002,3,697.78
df234ed2-688d-40dc-a191-13c431c28626,7097c6b0-940a-41cb-82e6-432badf4e40e,BEV-003,4,558.53
c5c4ef18-b4f7-40c3-98ff-462f733ac409,7097c6b0-940a-41cb-82e6-432badf4e40e,JAF-005,4,780.89
dfec49f8-d2e0-4f30-acea-f18e5a631444,8b963742-bcc6-4a8b-8dc6-8549970d3155,BEV-001,10,687.13
9907579e-df96-417d-b4cf-948847c28663,8b963742-bcc6-4a8b-8dc6-8549970d3155,JAF-004,8,279.14
5b54edc4-3eb6-4162-a836-4b31ced7ff57,8b963742-bcc6-4a8b-8dc6-8549970d3155,JAF-003,5,520.77
6ec7b328-addd-4038-82e1-85b6e5f83bc0,8b963742-bcc6-4a8b-8dc6-8549970d3155,JAF-003,1,40.14
ab20a29c-7700-4ee0-b837-a66da78e1ae2,8743279a-cdb4-4eb2-90a7-60fbe8fa8034,BEV-005,4,757.88
fc0ec827-5da8-4c61-91cd-c4607d163a45,8743279a-cdb4-4eb2-90a7-60fbe8fa8034,BEV-004,6,648.4
050e4dbc-2a00-4016-9e7e-35c36cfc2e0d,8743279a-cdb4-4eb2-90a7-60fbe8fa8034,BEV-001,2,23.12
a0a053ee-54b0-45c5-a3df-a04bf10ea12f,8743279a-cdb4-4eb2-90a7-60fbe8fa8034,BEV-001,10,508.21
85960b02-174f-4c20-a41c-e0c5849a5c29,8743279a-cdb4-4eb2-90a7-60fbe8fa8034,BEV-005,6,918.58
b99b252d-a4fc-4df5-a60b-a281b81657eb,8743279a-cdb4-4eb2-90a7-60fbe8fa8034,JAF-003,7,507.29
9fea2049-1b54-491f-8f66-06dfef619df5,8743279a-cdb4-4eb2-90a7-60fbe8fa8034,JAF-003,8,975.41
dc9021a6-9eed-4951-b748-01caaacfe7be,8743279a-cdb4-4eb2-90a7-60fbe8fa8034,JAF-004,6,812.92
11de0550-2815-4562-8aab-a975a77911a4,8743279a-cdb4-4eb2-90a7-60fbe8fa8034,JAF-004,9,458.7
9c06f701-b98a-4974-8725-b7a67248e101,8743279a-cdb4-4eb2-90a7-60fbe8fa8034,JAF-003,5,539.87
93d3d8fe-4f53-4133-969f-cbda8eca4903,ee6758c0-388a-4682-9bbf-fa86fa07d03b,BEV-003,6,769.28
f3bd1c40-d701-4bb3-abc3-3125b3da1335,51e74932-3d6f-4b8a-ac4f-973c768a9b1b,BEV-005,1,201.89
26a063b2-a25d-4c0e-8a57-3e8a6633f4ed,51e74932-3d6f-4b8a-ac4f-973c768a9b1b,BEV-001,4,646.71
812b98d6-436d-49d9-bd41-798e9d303ddc,51e74932-3d6f-4b8a-ac4f-973c768a9b1b,BEV-001,2,176.05
1f909ae8-726e-4d77-97d8-dfdec1441261,51e74932-3d6f-4b8a-ac4f-973c768a9b1b,BEV-004,4,223.41
6c2298f7-211f-49ca-87f0-198883e60949,51e74932-3d6f-4b8a-ac4f-973c768a9b1b,BEV-001,10,142.62
31d12ba8-c584-4955-93ab-1354a70d9092,51e74932-3d6f-4b8a-ac4f-973c768a9b1b,JAF-005,3,270.29
f4d29a84-fbfa-43ad-aa14-d20922b94b6d,51e74932-3d6f-4b8a-ac4f-973c768a9b1b,JAF-002,5,461.14
287845a6-4c3f-4cca-8a83-f4b73bfca472,51e74932-3d6f-4b8a-ac4f-973c768a9b1b,JAF-002,10,470.25
cc3118dc-3630-45c3-b64b-cc9d8389b517,51e74932-3d6f-4b8a-ac4f-973c768a9b1b,JAF-001,2,856.97
ac15544f-0a02-4490-96fa-868185f823d1,51e74932-3d6f-4b8a-ac4f-973c768a9b1b,JAF-005,10,990.76
507f7b8f-63f0-47ef-837c-0ffc8ca7e2a2,9541c2a9-ee9a-4e3a-a6ba-d3de053a31cd,BEV-004,9,598.82
9017ed4f-406a-4379-bdf1-516c82a05bfa,9541c2a9-ee9a-4e3a-a6ba-d3de053a31cd,JAF-003,2,202.8
6fc80896-5dba-404a-a25a-04546564eb64,d9de5d45-4325-43c9-8a39-59b3da347bad,BEV-005,10,597.0
460e53b3-00b4-4899-b44e-391ebf9828ca,6eda299b-8076-44f1-b162-a7b9bdb68d7a,BEV-005,5,474.19
aa0dc718-d972-44ff-9f98-1f4d60bb67c2,6eda299b-8076-44f1-b162-a7b9bdb68d7a,JAF-002,9,538.59
57bf43a1-0fbc-4b9c-9b75-ac4e2a3a6df4,5dddee5f-7f30-43b2-bf6b-69d5816d3caf,BEV-004,8,594.97
75597d65-e7d6-4bcd-972b-1c930ae91fd9,5dddee5f-7f30-43b2-bf6b-69d5816d3caf,JAF-002,1,369.46
42f02ee0-1cbe-47bf-a1e1-26b73589a150,ff85c9f6-12e0-4e5f-994e-cb7ed0ad2251,BEV-005,1,227.95
2c68a158-d119-4c03-8fd4-7dbeabe66d0c,ff85c9f6-12e0-4e5f-994e-cb7ed0ad2251,BEV-003,7,178.06
41e487a3-676d-4755-9d52-150b4552f768,e41d3712-e1b7-4393-8ce6-7b7e9261f658,BEV-002,10,677.92
69cdf8af-af08-4dd8-8e2f-ad5754edfab5,e2ef749e-42e1-4558-aa40-461d61bc5b10,BEV-004,7,564.34
4bee1299-0ae5-4695-8a93-3fa6b78ecc18,e2ef749e-42e1-4558-aa40-461d61bc5b10,JAF-005,9,343.35
3a211bc6-75ce-4e74-98b1-1c10ce81bc3e,e8e34c16-a871-4554-be8d-04f40b8ba40e,BEV-002,10,658.32
a15a560c-c7c1-4762-8b99-2b039abf0b2a,e8e34c16-a871-4554-be8d-04f40b8ba40e,BEV-003,4,339.1
91d417ca-7cb6-464a-95fb-dbe6f94c2618,e8e34c16-a871-4554-be8d-04f40b8ba40e,BEV-001,7,436.13
88558fe4-d2bd-4cb4-af58-023ed53ea929,29724358-b878-442f-8528-8f584ac3e40f,BEV-002,5,373.42
1dfdfe26-8c25-464a-8384-3b00e5ce3bd8,8e8b3bee-ffe3-4a17-af89-3a01d153384e,BEV-003,8,692.21
23678468-17d3-4bac-9e18-fe0e14beee0b,b8451fb4-fbde-4ca2-ab46-f6390b38f357,JAF-004,7,921.71
eb8ee7ac-a5c2-4f4b-843d-5942ba75f95a,b8451fb4-fbde-4ca2-ab46-f6390b38f357,JAF-002,2,114.01
2d0686ec-8699-4782-b33e-2750a66a9059,b686873a-db2e-406d-bb0a-d4d3b5902c11,BEV-003,9,504.55
8dfb82a9-d695-4584-842a-2d4b57acee7a,04c02fbf-4c6b-4889-8204-909b018875d1,BEV-005,2,272.21
eb682800-f5c1-4871-ab83-4fa52a6d77ba,04c02fbf-4c6b-4889-8204-909b018875d1,BEV-001,9,156.58
485fb781-9a1b-4bcd-a1e6-bf8d94b8a854,04c02fbf-4c6b-4889-8204-909b018875d1,JAF-001,1,985.85
0b73c505-e5c6-4775-bfee-6c7834fc998f,04c02fbf-4c6b-4889-8204-909b018875d1,JAF-005,6,595.3
2f2b1199-72c5-4545-8b91-84400a8c6bdd,9c8cc95b-f44c-4e0e-952c-3d334e7db192,BEV-001,8,745.58
be6715b0-38a7-4b9d-84df-8cacc28f78e6,7f7a1ed2-2a25-4ccd-a685-d53cb2ad0ee2,BEV-001,9,353.45
1b3c1a7e-4d0b-4778-90a9-7c1c6cb8d25c,7f7a1ed2-2a25-4ccd-a685-d53cb2ad0ee2,BEV-001,2,478.58
c2f34a2c-8dc1-4b3c-8add-00f467b24d4e,7f7a1ed2-2a25-4ccd-a685-d53cb2ad0ee2,BEV-003,9,559.49
f9f6f570-8154-4ef6-a32a-7af704301018,7f7a1ed2-2a25-4ccd-a685-d53cb2ad0ee2,BEV-002,2,667.86
cb228242-e401-4f3d-9729-704bdee6452f,7f7a1ed2-2a25-4ccd-a685-d53cb2ad0ee2,JAF-005,10,910.97
a7902d23-4859-4a7d-86ad-4c994aad44dd,7f7a1ed2-2a25-4ccd-a685-d53cb2ad0ee2,JAF-002,5,403.49
2af1dc48-585f-439f-9bc6-ad3ee086b72e,7f7a1ed2-2a25-4ccd-a685-d53cb2ad0ee2,JAF-001,1,448.7
51232ee0-9e88-4894-89c1-f0b0b40095a3,7f7a1ed2-2a25-4ccd-a685-d53cb2ad0ee2,JAF-001,2,74.0
bddd8931-5e52-4728-b47d-0a4f000b1674,c72490a3-d7d0-4028-9ac3-ec54d8ec18d4,BEV-005,3,612.95
e080197f-f030-479b-a2a1-60451665a49f,2c34baa2-30c6-4be9-a962-364a75685aca,BEV-005,2,881.4
53a7f157-b7f8-421b-ae1b-e0532aed258a,2c34baa2-30c6-4be9-a962-364a75685aca,BEV-002,2,406.71
9bfae956-186f-4d99-9dfd-498a35ea64b5,2c34baa2-30c6-4be9-a962-364a75685aca,JAF-003,2,554.09
6972aa89-dca8-4272-8b9b-68150ad4678a,2c34baa2-30c6-4be9-a962-364a75685aca,JAF-002,3,976.87
d6603319-52ff-432e-b40a-278658195180,aec5730d-abd8-4b36-ad19-1f15f82c1265,BEV-004,3,677.15
0a13be01-c3fd-4d7c-acb8-103917662780,aec5730d-abd8-4b36-ad19-1f15f82c1265,BEV-002,4,303.91
1a6a211c-abcd-4cbd-829e-a7f63356c476,aec5730d-abd8-4b36-ad19-1f15f82c1265,JAF-003,6,729.7
7fea5013-57f4-4506-ae76-c8ce03add858,aec5730d-abd8-4b36-ad19-1f15f82c1265,JAF-003,8,260.5
e3f6e2a8-898c-4173-b7d7-8b0683c72ac9,cedb75e0-250a-46b9-bad4-15558dfab01d,BEV-002,3,973.67
082ba065-d0c8-43da-949a-b2958d5f3184,cedb75e0-250a-46b9-bad4-15558dfab01d,BEV-002,6,780.18
a30106c8-849a-4236-8a96-9a9090c9fc9e,125d907e-9044-46d3-b392-46de45847fa8,BEV-004,1,101.1
e84df40f-ba5f-40ca-8dc7-6075e45fc4b3,4f9264cb-612c-4461-8214-54acc9c8cdfb,BEV-005,2,792.61
84546a5c-2ce2-4aa1-b159-aea72b582161,4f9264cb-612c-4461-8214-54acc9c8cdfb,BEV-004,9,39.48
58b7b5dc-ca10-4209-8c31-75ff01fd8f0d,4f9264cb-612c-4461-8214-54acc9c8cdfb,BEV-005,9,948.98
a9368d06-3745-4608-86b8-1d51572e15ac,4f9264cb-612c-4461-8214-54acc9c8cdfb,BEV-004,3,442.63
c3aeddea-886a-4acd-a338-cd35cf1eb0f0,4f9264cb-612c-4461-8214-54acc9c8cdfb,JAF-004,2,753.79
8cb80fb6-9964-4b10-b7e0-ec46c5dc3e7c,4f9264cb-612c-4461-8214-54acc9c8cdfb,JAF-005,10,496.13
69b7a9de-cac8-4b6a-8753-c5dd8aa0eb00,4f9264cb-612c-4461-8214-54acc9c8cdfb,JAF-001,1,807.72
3e217d8e-e43b-4d46-be08-22315b6a0d11,4f9264cb-612c-4461-8214-54acc9c8cdfb,JAF-004,5,342.52
975ee0f4-096f-4b57-9302-783d8f9ff9af,353d052f-2dcf-4517-9922-a2b77cd00fa3,BEV-003,8,716.55
9ef497fd-b75d-4ac4-aa22-a89c20c98bc4,353d052f-2dcf-4517-9922-a2b77cd00fa3,BEV-004,8,171.52
84fa058c-777d-4bb5-9896-a5f49b9b315f,353d052f-2dcf-4517-9922-a2b77cd00fa3,BEV-005,8,325.87
f8a1e337-4b0a-439b-ba9d-688ab8fdfba1,353d052f-2dcf-4517-9922-a2b77cd00fa3,BEV-002,2,630.4
b56e87ac-164d-407e-b777-5e6a91f05074,353d052f-2dcf-4517-9922-a2b77cd00fa3,BEV-004,3,347.23
7d306e19-035e-4c2a-9e5d-ed35001370e1,353d052f-2dcf-4517-9922-a2b77cd00fa3,JAF-002,1,403.06
2780cf07-c40d-42e2-844e-b70c90de1149,353d052f-2dcf-4517-9922-a2b77cd00fa3,JAF-003,6,893.24
eada4720-c16a-4de9-a9f2-cbc8a2d86ba3,353d052f-2dcf-4517-9922-a2b77cd00fa3,JAF-003,4,426.83
7d0b6137-0dff-4606-a540-dd2d40b81246,353d052f-2dcf-4517-9922-a2b77cd00fa3,JAF-002,9,194.58
e5623bcf-b77d-4f35-85d6-26efddfbd333,353d052f-2dcf-4517-9922-a2b77cd00fa3,JAF-002,7,613.96
336c164f-6d05-40d8-8ce0-36b2ec6128c7,1f264a6b-c51b-4c87-9b2f-9e6dd4188e32,BEV-004,9,307.96
1b64d417-71d8-415e-bc48-956ad39079bf,1f264a6b-c51b-4c87-9b2f-9e6dd4188e32,BEV-005,8,159.86
c879a09e-427d-4719-bd8e-3a2fa47253e9,1f264a6b-c51b-4c87-9b2f-9e6dd4188e32,BEV-001,6,589.13
62b92c52-c67d-4b8a-bf1d-a9f750b7b5b4,1f264a6b-c51b-4c87-9b2f-9e6dd4188e32,JAF-001,1,333.07
3b813e18-ddfe-4140-8370-e607cf6f997f,1f264a6b-c51b-4c87-9b2f-9e6dd4188e32,JAF-005,5,772.55
d19ccc39-792f-466e-993f-6bba8aeca0ef,1f264a6b-c51b-4c87-9b2f-9e6dd4188e32,JAF-003,3,93.11
983f35fc-fbb9-487b-a18b-7a947db01b19,6007ab06-ef84-4bb1-889f-ca325ad5527d,BEV-003,8,569.62
88475168-4e52-448b-a2bd-9fab80ddfc88,6007ab06-ef84-4bb1-889f-ca325ad5527d,BEV-001,6,429.84
7b1eb860-9206-4d5d-bbbf-cf3329d3f8ee,6007ab06-ef84-4bb1-889f-ca325ad5527d,BEV-001,8,651.71
b3cdb33e-ac33-4ec8-9e9f-b14a26dd26a4,6007ab06-ef84-4bb1-889f-ca325ad5527d,JAF-002,1,382.38
d94cb51b-66dd-4d7c-b705-9d41dc133771,6007ab06-ef84-4bb1-889f-ca325ad5527d,JAF-005,2,365.29
8a19bf3f-4625-43e3-b1b3-c666a4579281,6007ab06-ef84-4bb1-889f-ca325ad5527d,JAF-005,9,870.65
69703a49-ff25-4171-9a03-711924de8a1e,26128e0c-5db5-4529-bd60-88a5e7a3ece5,BEV-001,8,273.0
9d05f4f6-3fc8-4653-a597-5eb8b190d258,26128e0c-5db5-4529-bd60-88a5e7a3ece5,BEV-004,9,670.53
e4290a15-cc1b-49c5-81c6-751bc9dafdb8,26128e0c-5db5-4529-bd60-88a5e7a3ece5,BEV-001,10,206.25
0c72f2d5-d321-4306-9c6d-1544ac38064a,26128e0c-5db5-4529-bd60-88a5e7a3ece5,JAF-002,1,638.9
956fef4c-d2c1-4381-9b00-a708414ece57,26128e0c-5db5-4529-bd60-88a5e7a3ece5,JAF-003,10,762.89
8e1aa760-ddb8-4d40-8d27-1bf78da941f6,26128e0c-5db5-4529-bd60-88a5e7a3ece5,JAF-005,7,879.36
3fb56dba-d512-4566-8892-2a72596c98b2,4e702356-9847-4d02-9d78-6f2be133f729,BEV-003,7,720.18
a7e32662-1d3a-44d1-8f4e-50fc67137a1c,32d8d9fb-0b18-4d96-bcfc-dad81ded223e,BEV-001,3,596.36
bbe861ca-8224-42e8-a806-035eead9ce39,32d8d9fb-0b18-4d96-bcfc-dad81ded223e,JAF-001,5,175.32
55bc05a8-1055-4ea9-97e5-03231410ebab,1bd81984-e19c-456f-a34e-7a1e4cfd14c7,BEV-005,6,285.87
f60c4de3-66c3-4e61-91f6-bb8187426b81,1bd81984-e19c-456f-a34e-7a1e4cfd14c7,JAF-003,1,743.42
53946a96-d083-4f21-aa70-1b4728edf3c8,b3705bd0-8d83-4da2-872a-aef84582ecca,BEV-005,1,253.58
e44fa988-83ab-4199-9556-0e5982e3f4bc,b4715a71-2952-47db-acb2-3820c373c5bc,BEV-005,2,137.45
74f4cd25-e0fd-4dd9-9b44-a502c4b520b4,aed7f9c4-59a9-4bea-8287-082c90402261,BEV-005,8,814.38
2b05dc64-a760-460d-9d30-8556c4a15b5f,aed7f9c4-59a9-4bea-8287-082c90402261,BEV-004,9,432.74
2d63c8ca-10e3-4627-97a4-d69c4328b766,aed7f9c4-59a9-4bea-8287-082c90402261,BEV-005,1,561.96
14ce193a-7d90-454c-bcac-98de1b0889ac,aed7f9c4-59a9-4bea-8287-082c90402261,BEV-005,4,864.8
138a9bea-9347-4699-b73a-18dd24bf2e53,aed7f9c4-59a9-4bea-8287-082c90402261,BEV-004,3,293.56
1a96be94-8856-49ba-b24a-510ad76fbf66,aed7f9c4-59a9-4bea-8287-082c90402261,JAF-001,1,493.45
668ab57f-3aae-4abb-86da-403add4e2bf6,aed7f9c4-59a9-4bea-8287-082c90402261,JAF-001,2,791.11
4d0d152d-5fc0-4e74-afa5-4b348c57495b,aed7f9c4-59a9-4bea-8287-082c90402261,JAF-001,3,574.71
5d8b9ed9-936e-4dd1-82f6-2ec874ffe3e7,aed7f9c4-59a9-4bea-8287-082c90402261,JAF-005,2,583.78
ff6ec6f6-d8a2-496d-b508-7214b7f04cb1,aed7f9c4-59a9-4bea-8287-082c90402261,JAF-004,10,474.74
40f8cabf-be7c-41c2-a6e3-6911fd7d2913,1e4f48f2-7b83-4583-ad4a-ef2798642d4f,BEV-003,2,389.1
19c575cf-9b1d-4faa-a4f5-8fbf1727a35c,1e4f48f2-7b83-4583-ad4a-ef2798642d4f,BEV-004,2,140.51
9ce1bc5e-92fc-4784-bde2-115fcce654d9,cdbcd8df-cca7-4633-83c2-17ab25ba0d92,BEV-002,2,175.37
344ebd5e-1228-4693-82b0-27e36e85f443,897ecbba-6711-4dad-b7b6-10397a786aaf,BEV-005,4,136.72
b0c761a7-90ee-4998-bbb8-ed771f87ef34,d1224074-a954-45c1-8425-b53b83adb987,BEV-001,2,159.06
345d1fe0-d38a-4542-b6b4-709276c517ed,4888fce0-fe75-4fba-a8c9-85bcfccddcb0,BEV-001,7,128.18
5e94939c-e42c-4369-a4a8-c8840bc97b3f,4888fce0-fe75-4fba-a8c9-85bcfccddcb0,BEV-001,10,106.75
593f697a-2291-4637-8337-11220b4df3a4,4888fce0-fe75-4fba-a8c9-85bcfccddcb0,BEV-004,5,553.18
b3398b7e-3380-4b32-90fa-0f48f69fe2cf,4888fce0-fe75-4fba-a8c9-85bcfccddcb0,BEV-001,4,651.79
cd3440b1-40a2-408d-b957-ae72cb6f7d63,4888fce0-fe75-4fba-a8c9-85bcfccddcb0,JAF-004,2,472.29
007b2e1e-9a58-4760-865b-4d4fe96887ef,4888fce0-fe75-4fba-a8c9-85bcfccddcb0,JAF-004,6,625.63
a2f70bd3-08c1-4bd9-930a-135f0c60f147,4888fce0-fe75-4fba-a8c9-85bcfccddcb0,JAF-005,7,595.58
5612b0b2-4e74-4489-8535-7e871e156488,4888fce0-fe75-4fba-a8c9-85bcfccddcb0,JAF-004,1,320.98
dbf1cddf-8b12-4dfb-8e28-0cfd765ba3b6,183f328c-fae2-41c1-8466-f1495e124fbb,BEV-005,8,127.64
96bd57c3-e0ac-4734-ad63-54fb17cdb0ad,8a23041f-43fa-49c9-be08-a669470f980a,BEV-002,10,212.15
67be5fc1-e707-4a0f-b3ae-a4c1e049183e,5d0f5ea7-151c-48b0-a189-2bf2afd2fe9a,BEV-005,8,747.63
7aa09fa8-a2bf-4261-8434-ba7301d2f6f0,724e95bf-877c-42be-8de1-be7916215e66,BEV-003,9,445.58
308aa928-3905-4d35-8dc6-d0449689d190,724e95bf-877c-42be-8de1-be7916215e66,BEV-005,2,977.17
6415dc26-9f6e-4718-bb7e-f49b90815782,724e95bf-877c-42be-8de1-be7916215e66,BEV-002,9,730.69
b7b60e86-1e1c-47a7-9207-521cd6e618c2,724e95bf-877c-42be-8de1-be7916215e66,BEV-003,8,705.82
0586e1c1-0220-485f-abc3-1fae21deb097,724e95bf-877c-42be-8de1-be7916215e66,BEV-003,9,497.0
d5fe5c0f-e41d-4526-b321-a6b850718941,724e95bf-877c-42be-8de1-be7916215e66,JAF-001,7,392.71
3e549806-5575-4ced-baa6-3d195795244a,724e95bf-877c-42be-8de1-be7916215e66,JAF-001,2,730.35
1b1524e6-4f82-446f-8e43-754b8f57edf2,724e95bf-877c-42be-8de1-be7916215e66,JAF-005,6,672.16
bf41b608-8f74-4588-99ec-e5e06b487f0a,724e95bf-877c-42be-8de1-be7916215e66,JAF-001,7,799.16
3eadba8d-d658-4473-b9ce-55d27def8d7c,724e95bf-877c-42be-8de1-be7916215e66,JAF-002,6,230.78
f86b9d24-4538-4019-a49f-716f177f7f2c,de97ee28-df5b-4f77-8de8-86213639bf8b,BEV-002,5,157.47
a2d53f33-ea9a-47f3-a2d9-07aef59b4d5b,9e782881-a7ba-4b00-9282-2936c644fb79,BEV-003,8,756.18
deeabd13-fdd1-43ec-86c5-6317e9baf5d8,9e782881-a7ba-4b00-9282-2936c644fb79,JAF-003,5,169.51
74f6ec4a-657c-4b49-9b50-9242ee12827f,0535be6a-1672-44bd-bd3f-5eb354459cb5,BEV-004,8,608.12
7944729d-4083-4498-ba3c-bc905833f65a,0535be6a-1672-44bd-bd3f-5eb354459cb5,BEV-003,6,663.33
661e1d26-3552-4b04-b9fb-d653e20581a0,0535be6a-1672-44bd-bd3f-5eb354459cb5,BEV-002,8,733.69
a2af7cc9-0f43-4938-9c0f-ec9c684086b0,0535be6a-1672-44bd-bd3f-5eb354459cb5,BEV-005,3,417.05
0c598ce8-2377-4e62-9870-51208d5c1a2a,0535be6a-1672-44bd-bd3f-5eb354459cb5,BEV-001,8,525.99
a30c91a0-ca99-478c-927b-44c13ab34845,0535be6a-1672-44bd-bd3f-5eb354459cb5,JAF-003,2,407.5
72dd2960-88a7-4315-802f-99c26e523f89,0535be6a-1672-44bd-bd3f-5eb354459cb5,JAF-005,3,580.71
f9e09949-2e27-496d-b6f9-939dd587da52,0535be6a-1672-44bd-bd3f-5eb354459cb5,JAF-001,5,176.86
7d2c63f4-e3bc-4b82-b7cd-5880f768965d,0535be6a-1672-44bd-bd3f-5eb354459cb5,JAF-005,8,884.37
87bf1a36-6c7b-4091-b4e7-f3a657248df8,0535be6a-1672-44bd-bd3f-5eb354459cb5,JAF-002,4,433.39
27f9cc8a-fa8f-4de7-8f18-1b3e68d9a59e,0732f84b-185d-418e-a550-020e9187d240,BEV-003,1,219.59
0864176a-5e1b-49fb-a7a1-f8eec084f24b,2f219a86-2064-4c75-8869-885415b87d05,BEV-004,3,575.96
fbdb51b7-c797-42b9-b56b-aad7d252e629,2f219a86-2064-4c75-8869-885415b87d05,JAF-002,2,451.91
c3e31ac4-9666-4e3e-9081-17f19a97b3d3,abd3d0ff-966e-4fd6-a8cf-e9822a5ee01c,BEV-005,7,203.73
8537d236-f3b8-4527-943b-ffe8e0d2897a,abd3d0ff-966e-4fd6-a8cf-e9822a5ee01c,BEV-005,8,860.33
8ea6f80d-0ae4-4590-b12e-dc198ea9dc98,abd3d0ff-966e-4fd6-a8cf-e9822a5ee01c,BEV-005,3,492.69
fc2d3041-57e7-4da3-a600-4c42f07e482f,abd3d0ff-966e-4fd6-a8cf-e9822a5ee01c,BEV-001,10,265.76
43a7c55f-6880-4191-8b16-0085831f6604,abd3d0ff-966e-4fd6-a8cf-e9822a5ee01c,JAF-002,4,666.69
8b07d2be-c205-4031-8fa3-7727b6063822,abd3d0ff-966e-4fd6-a8cf-e9822a5ee01c,JAF-001,6,602.31
fad4aa8b-8d9b-441b-af2e-98f0e3e72c1d,abd3d0ff-966e-4fd6-a8cf-e9822a5ee01c,JAF-001,5,257.18
323ec227-6f50-4be9-8909-3e6903ca4025,abd3d0ff-966e-4fd6-a8cf-e9822a5ee01c,JAF-003,10,614.2
d14a6d67-9847-4db9-aab1-c60e128f3bd4,4272f023-6759-43aa-a1c0-dd6a62fe5628,BEV-005,6,921.75
fa2659ca-90f9-4735-83d1-977844143580,4272f023-6759-43aa-a1c0-dd6a62fe5628,BEV-003,3,792.93
6653bc29-496d-4082-b924-5d32b47f1bc1,4272f023-6759-43aa-a1c0-dd6a62fe5628,JAF-005,4,340.97
640c2033-7eff-4471-b5ec-0251e033917b,4272f023-6759-43aa-a1c0-dd6a62fe5628,JAF-005,3,681.01
464b7438-8954-4349-b635-474c065e7234,50f00314-5c98-46ec-b86b-c70515bc6195,BEV-003,9,616.11
166da2ec-9b31-49d3-9f28-d40b4384ac1b,0591d2e9-7583-4f4a-8f0b-e845de80948e,BEV-005,6,929.06
7333a699-a786-46d9-a218-48d658181122,0591d2e9-7583-4f4a-8f0b-e845de80948e,BEV-002,6,34.1
b55c05a9-89de-4e76-9d82-f257c788e016,0591d2e9-7583-4f4a-8f0b-e845de80948e,BEV-005,1,231.69
8d9cc439-8885-4519-9884-bf943dde9f2d,0591d2e9-7583-4f4a-8f0b-e845de80948e,JAF-005,1,161.04
9fd0ba62-3cd5-43ff-a88e-a719f51b043c,0591d2e9-7583-4f4a-8f0b-e845de80948e,JAF-003,5,196.41
cb132661-bcdb-4d58-9695-d1947808e194,0591d2e9-7583-4f4a-8f0b-e845de80948e,JAF-001,6,662.86
67116deb-0a77-47ea-afa7-0c2ecf759b35,c5742b84-b40d-419b-801e-5e48a9366561,BEV-001,9,461.55
218bb28d-0968-4c81-b6d9-2d379d3a8e8d,c5742b84-b40d-419b-801e-5e48a9366561,JAF-004,8,786.08
cdbc629c-2d46-4288-b46a-e836d912ea36,c5742b84-b40d-419b-801e-5e48a9366561,JAF-004,4,384.89
e921599a-6d5b-47a5-bd53-c24bef0c3648,c5742b84-b40d-419b-801e-5e48a9366561,JAF-005,1,28.55
0c549a78-6536-4ed1-8c42-904dbd6b0808,f22edf69-1a81-4be2-8bf8-7f276ab49279,BEV-005,4,847.64
becbca5f-96f6-476a-b893-8917421b8021,f22edf69-1a81-4be2-8bf8-7f276ab49279,BEV-004,4,69.62
a449e2d4-3644-420a-a067-b460724a9da2,f22edf69-1a81-4be2-8bf8-7f276ab49279,BEV-004,1,306.46
54659c94-857d-484e-bbd5-0677271c8940,f22edf69-1a81-4be2-8bf8-7f276ab49279,BEV-002,9,603.49
c55ab506-f737-4aba-838d-0721b71304c5,f22edf69-1a81-4be2-8bf8-7f276ab49279,BEV-005,4,482.09
54cf4dd5-7589-47c6-8115-89da662ee164,f22edf69-1a81-4be2-8bf8-7f276ab49279,JAF-001,8,661.28
c911165f-d4c3-4c3a-8d5a-f1cfaa8c30f6,f22edf69-1a81-4be2-8bf8-7f276ab49279,JAF-003,6,473.0
f1edf8ce-559f-4629-b022-4f2b749d02eb,f22edf69-1a81-4be2-8bf8-7f276ab49279,JAF-002,9,247.93
9a190676-5d7b-434b-838c-0e9dab57dd6c,f22edf69-1a81-4be2-8bf8-7f276ab49279,JAF-002,9,425.07
c4e8bbbc-b70a-470f-ad29-8189716baa3e,f22edf69-1a81-4be2-8bf8-7f276ab49279,JAF-002,9,423.43
b0a75285-0be6-4735-8b6a-93a2d3f8387a,75cefd47-e18b-4b33-9558-670a53dcfebb,BEV-005,7,490.66
012367dc-3fd6-4e70-aa82-f30689bca025,75cefd47-e18b-4b33-9558-670a53dcfebb,JAF-001,3,287.98
12a922aa-3ef5-45ad-b15f-85390e5fe728,7e00851d-24d1-47c9-81fc-7826e049e06a,BEV-001,2,183.78
20e28727-e0d4-46e9-9595-4a79ec098ea3,7e00851d-24d1-47c9-81fc-7826e049e06a,BEV-005,9,540.45
fce3ab7a-de70-47b1-8168-6d379a0f7857,7e00851d-24d1-47c9-81fc-7826e049e06a,JAF-003,10,404.25
97eb3a63-bb45-473f-8700-da7cc4024a11,7e00851d-24d1-47c9-81fc-7826e049e06a,JAF-002,8,41.43
cfd51223-2c90-4fc6-9f81-fa305d7948cf,01ca71c4-1f69-4626-b368-33b04a479244,BEV-004,4,887.83
3241d929-4b60-42af-b014-2d91f2d5eb21,01ca71c4-1f69-4626-b368-33b04a479244,JAF-003,7,479.91
31530fac-803a-4abc-8c67-41284af2b93a,01ca71c4-1f69-4626-b368-33b04a479244,JAF-003,6,463.11
00df8cf7-ce20-4105-93a5-d78ded8f164e,d1151805-44ff-4a08-8093-3dcd92c5a8a5,JAF-005,8,487.75
6f2ed1c3-f0d8-43a6-844b-53d0e8b0698d,4f0df200-775a-40ce-ae4a-004c18a1e669,BEV-005,5,773.62
973443ce-3d9d-4d8c-a992-f99b270b4392,4f0df200-775a-40ce-ae4a-004c18a1e669,JAF-005,1,184.98
cea4e231-5db9-46af-ad37-adb653376bfe,cac116ac-65aa-4071-8c58-1500cbd58eb0,BEV-005,1,271.13
b4da5d15-cd3e-401c-b6bd-57d7a5c6a05a,bcc8dac8-c253-4890-9328-46332919884a,BEV-005,9,283.83
51c1e8b3-faa9-4615-b67c-e876036e1d48,6c286eb1-90b5-4781-b7d4-c8f7faa06036,BEV-003,1,543.42
3f4d15ac-4c12-47bd-bbd0-b387d22c8481,6c286eb1-90b5-4781-b7d4-c8f7faa06036,JAF-001,1,465.36
0bbf8e3e-0972-406b-ba1a-32eab705def5,59e0f23b-2f72-423d-90d5-454bfcc2fc4f,BEV-004,2,908.86
500acf37-7875-4eff-8812-307cb90a0192,59e0f23b-2f72-423d-90d5-454bfcc2fc4f,JAF-001,2,975.3
fd33dc03-9d02-48be-b057-e5d549f1ef61,29f5db9b-9a5d-444b-9853-3fdb5c911485,BEV-002,2,215.86
89feca2c-bb4d-49f0-b3c4-72bfda2de728,cc93116b-e7ac-42eb-923f-bf3ef7173f3d,BEV-002,7,848.27
b63377a0-7af6-4561-adc1-9892d36b5eb6,cc93116b-e7ac-42eb-923f-bf3ef7173f3d,BEV-001,6,965.2
2da97036-f1c3-42a4-adb9-68d236395d38,cc93116b-e7ac-42eb-923f-bf3ef7173f3d,BEV-005,2,45.69
fdcba7c2-8609-4412-89af-16a3fde39505,cc93116b-e7ac-42eb-923f-bf3ef7173f3d,JAF-002,10,13.53
8957e93b-8659-49c8-a0c8-e16acabf25fb,cc93116b-e7ac-42eb-923f-bf3ef7173f3d,JAF-004,9,834.53
dac9e509-43bd-490e-b17d-905b05313563,cc93116b-e7ac-42eb-923f-bf3ef7173f3d,JAF-002,10,839.39
34ddacbe-bd4a-47ee-bb7d-2decc066d2c9,1e959164-433a-4382-8124-8bcfc28d4fd3,BEV-005,8,694.46
3b6cb36f-a856-4131-a805-129460143567,c4cc5191-8ead-4c0c-826a-81d345ef19fe,BEV-002,9,258.62
5b614b4d-3f2d-47d2-9fca-a4f14274473c,c4cc5191-8ead-4c0c-826a-81d345ef19fe,BEV-002,5,532.58
0e9e5cbc-7a4a-40aa-8acd-6b0bc3eefd69,c4cc5191-8ead-4c0c-826a-81d345ef19fe,JAF-001,8,927.64
bcab16fb-c6a8-416d-851f-13193fccd0e9,c4cc5191-8ead-4c0c-826a-81d345ef19fe,JAF-005,8,442.34
9fb726ee-28f0-4e37-9341-7ec92f57ae20,f756d29b-b936-4ebf-97f7-a52cee8b19e3,BEV-004,8,710.14
f5e89674-450c-45e3-86ab-1a24e0f2fd02,0818af0d-8bbc-4e8d-87b9-6ffd08b91f2a,BEV-004,6,674.06
4b905ce8-c808-4c43-8078-1549632fe804,0818af0d-8bbc-4e8d-87b9-6ffd08b91f2a,BEV-001,7,135.52
072f4275-9c62-4ae6-ba59-2c9b4efb0a71,0818af0d-8bbc-4e8d-87b9-6ffd08b91f2a,JAF-003,2,539.95
bc7c3f7e-65a5-41d4-bb4f-b4a149b7442d,0818af0d-8bbc-4e8d-87b9-6ffd08b91f2a,JAF-002,9,391.59
100106ea-5d57-4b99-9eb1-b89f0b203640,78fd580a-e07d-4f18-aa11-5d58cba74715,BEV-001,9,590.32
98f97ffc-4ecd-43be-b30e-525399eba0dc,78fd580a-e07d-4f18-aa11-5d58cba74715,BEV-003,4,786.81
26719051-8ece-430e-b4bf-18fcb1576658,78fd580a-e07d-4f18-aa11-5d58cba74715,BEV-003,5,784.49
bdb1a3e3-0e4b-4d23-8220-bab25cfd5a38,78fd580a-e07d-4f18-aa11-5d58cba74715,JAF-004,6,601.1
12b81d93-db3d-465d-ae7c-57986e1642c3,78fd580a-e07d-4f18-aa11-5d58cba74715,JAF-001,4,691.33
dad49137-f40c-4ab8-93c1-ff3ff0d6eb94,78fd580a-e07d-4f18-aa11-5d58cba74715,JAF-001,2,691.83
d791bd78-9f77-4f59-9ab2-32438854ff58,bc82b42f-db3a-43e5-85a5-e4fe2d9d8c23,BEV-001,2,169.22
7f905f6a-fbf2-4ac2-97e4-460c749e3da5,76d5a305-6ddf-4218-a2b2-b3042f549ebd,BEV-004,2,78.5
e34fcea4-71a9-42a6-9b64-87e7977d70fb,76d5a305-6ddf-4218-a2b2-b3042f549ebd,BEV-005,4,791.97
667b4681-b086-4be4-9fe4-18f3526a7d7f,76d5a305-6ddf-4218-a2b2-b3042f549ebd,BEV-004,6,100.02
a75436e9-1105-4eb9-9ff1-19779b0ed6ee,76d5a305-6ddf-4218-a2b2-b3042f549ebd,BEV-001,10,710.14
54f95005-b65f-4c36-aa59-3a24e7624bfb,76d5a305-6ddf-4218-a2b2-b3042f549ebd,BEV-001,10,84.28
43ea496a-5481-46be-9b5a-78d7cf01ebc7,76d5a305-6ddf-4218-a2b2-b3042f549ebd,JAF-004,1,156.74
71a02cc1-80c7-492a-92ee-47412ef9e036,76d5a305-6ddf-4218-a2b2-b3042f549ebd,JAF-002,1,60.5
cd0541fa-07fa-4694-ac67-830cd15dce12,76d5a305-6ddf-4218-a2b2-b3042f549ebd,JAF-004,6,371.17
d02b6425-0a5d-413d-bb2f-2ca76f99ccac,76d5a305-6ddf-4218-a2b2-b3042f549ebd,JAF-002,5,628.06
2120af1b-60c9-42c3-8006-c0272c07b5a5,76d5a305-6ddf-4218-a2b2-b3042f549ebd,JAF-005,9,281.28
9b124283-e300-4cbd-9ede-33b666c0cf1b,014af8c8-af5c-45a1-a39a-8484835e25bb,JAF-002,9,754.09
fe3e2b9c-65a7-4188-9d5a-f1cceb00b3f9,014af8c8-af5c-45a1-a39a-8484835e25bb,JAF-005,8,646.92
b4f5b07d-065a-47f3-8491-0ac1a70b5d8d,68f8cba3-6167-4d3d-a4cf-0fad1fe06d08,BEV-004,1,474.33
a8831cec-6c1c-49fc-93b3-7d28df29dce8,b4ba7e4f-d939-41d3-9a47-6ed21aee5549,JAF-003,9,685.48
c8a27822-245b-4b5d-8ba3-444aa72549fc,b4ba7e4f-d939-41d3-9a47-6ed21aee5549,JAF-004,2,664.03
c4e11cdc-7e72-44fe-910f-b6dd00e7f0b7,00310b44-3412-4b8f-9a71-ec527f846567,BEV-004,3,656.78
5a24c7b2-542c-4076-97a3-7656d0d30dd3,00310b44-3412-4b8f-9a71-ec527f846567,BEV-004,5,672.73
6a653fad-8cdb-4fb0-9ab6-1624e3b40859,00310b44-3412-4b8f-9a71-ec527f846567,BEV-002,4,918.05
b09627d8-2777-4eeb-ba30-6d80b974ed15,d6037f10-7571-4fd9-b547-6691eeab7177,BEV-001,10,691.82
b42b3d3c-c3b9-4be0-9b1f-f1a65b342fa4,d6037f10-7571-4fd9-b547-6691eeab7177,BEV-003,7,15.23
ffd113c4-fcc9-4c34-b8a8-1873e78e9a75,d6037f10-7571-4fd9-b547-6691eeab7177,BEV-001,4,258.2
777d26b7-9028-4627-bb9e-30f2f1131460,d6037f10-7571-4fd9-b547-6691eeab7177,BEV-002,3,910.07
beca3317-da96-4c97-bc01-944253ddfc90,d6037f10-7571-4fd9-b547-6691eeab7177,JAF-004,5,308.49
191044c5-6cfd-405f-9b29-2caed5148524,d6037f10-7571-4fd9-b547-6691eeab7177,JAF-005,6,111.15
82ff6357-e08e-4661-aaea-25f04aa41e7f,d6037f10-7571-4fd9-b547-6691eeab7177,JAF-001,4,842.87
431d46d7-b539-490a-8370-827d3133c02d,d6037f10-7571-4fd9-b547-6691eeab7177,JAF-004,5,216.51
3c7a4cf0-c0d1-40b3-b9a4-c5b1d41cfe7a,a6800f0d-507a-42c9-ab32-3ece0e428342,BEV-001,7,77.07
6ea2532c-c995-4231-828a-5c36953d0b3b,952f4352-9305-4647-b861-3d6af0b3f75b,BEV-001,5,389.3
3e82695b-3c4e-4490-9eee-2e31595b5e50,7647161b-2133-4506-a3df-9e6f3acc6bfb,BEV-003,5,721.87
8d272013-ae1f-4e6c-a006-3d34ee472bf7,b2585d93-02dd-49f9-b926-371f79bb5b59,BEV-002,10,107.93
8cd9f166-e9cb-47dd-a7a9-c87298188b00,b2585d93-02dd-49f9-b926-371f79bb5b59,BEV-002,3,592.31
8d1b5849-fa76-4bc4-b57a-ad4bc9c65069,b2585d93-02dd-49f9-b926-371f79bb5b59,BEV-003,2,193.53
9ce19fba-0c41-49e8-a41e-794691a8af0a,b2585d93-02dd-49f9-b926-371f79bb5b59,JAF-001,3,217.56
2ab35566-e64e-4291-9c18-88df5fba3bce,b2585d93-02dd-49f9-b926-371f79bb5b59,JAF-003,7,48.03
e802fb3d-9d7c-430a-9314-ca25decfd2d8,b2585d93-02dd-49f9-b926-371f79bb5b59,JAF-005,9,591.8
2e373f0d-f43a-4b5d-abe7-6b733cf26246,f76163db-a645-4e9a-8272-5eebbda2a627,BEV-001,7,185.13
adafc3fa-de49-46c5-b390-c1a03638262f,5fd621c9-a6d7-4001-8d41-565b63a9b70b,BEV-005,5,873.02
99e4a9ed-292d-429d-b8bf-a7f9697a4ad4,5fd621c9-a6d7-4001-8d41-565b63a9b70b,JAF-001,10,946.66
c679ba7f-85c0-47ee-a2e7-1de024c4ea77,5091015e-84a8-432b-80b9-5689ba17dc5c,BEV-001,5,681.95
b0423f56-fdc1-4a2d-a1ca-0b307deccfba,5091015e-84a8-432b-80b9-5689ba17dc5c,BEV-001,9,339.85
9034213c-3113-4538-8d6a-643a1ad680b7,5091015e-84a8-432b-80b9-5689ba17dc5c,JAF-002,5,87.91
1adb0e78-d4b2-4531-872b-59a0efe22a8f,5091015e-84a8-432b-80b9-5689ba17dc5c,JAF-001,1,280.12
88fcd39e-bb34-4268-8a81-35086b033157,0eaa88de-0b68-4d3e-bfbc-41799411fef3,BEV-001,10,167.96
623cd671-324d-4a62-adc1-dd3b870c55c9,c9515849-e0b3-4914-b7dc-fb22d511be39,BEV-003,6,212.81
6a5f19f8-5050-4f12-8837-017a2f61e5a5,c9515849-e0b3-4914-b7dc-fb22d511be39,BEV-001,7,864.0
adabe4c7-be48-40a9-9ada-b474f67e7185,c9515849-e0b3-4914-b7dc-fb22d511be39,JAF-002,4,666.78
743d68db-a9d8-4870-9a98-85af6ea340e7,c9515849-e0b3-4914-b7dc-fb22d511be39,JAF-003,4,489.55
161d09e8-dc05-43c3-8b25-f986a2aa9053,37a72d81-a573-46f6-ad89-23ddd3151175,BEV-002,8,704.15
23e868fd-8385-4d26-8737-7be175e8df99,37a72d81-a573-46f6-ad89-23ddd3151175,BEV-005,7,396.9
a5edb781-1b06-4c5e-86f2-e3be2bae2399,37a72d81-a573-46f6-ad89-23ddd3151175,BEV-001,5,973.65
284dc8d7-71f4-454b-9285-e33a2a656e0c,37a72d81-a573-46f6-ad89-23ddd3151175,BEV-005,1,915.79
90fb13de-de31-409c-870e-36e66c3f768a,37a72d81-a573-46f6-ad89-23ddd3151175,BEV-002,10,270.22
90aaf660-6816-41a1-a89e-37429544aade,37a72d81-a573-46f6-ad89-23ddd3151175,JAF-003,6,450.93
2c757d2a-2f13-4369-941c-c4371ef126d7,37a72d81-a573-46f6-ad89-23ddd3151175,JAF-003,6,388.2
f474a083-a417-45ed-abf8-172266d4ceae,37a72d81-a573-46f6-ad89-23ddd3151175,JAF-004,8,182.41
7b512714-3e48-4f35-924a-0d343c674793,37a72d81-a573-46f6-ad89-23ddd3151175,JAF-003,4,953.92
45435e81-70f3-4348-936c-cce1061a22ac,37a72d81-a573-46f6-ad89-23ddd3151175,JAF-003,6,748.64
02aa7adc-c47e-4188-8747-f3f6ded699f0,e37e9c6d-e3a3-4a26-b37d-706c28a112ac,BEV-002,5,354.44
ab88c133-30e6-43d2-9f6e-a3e6475ad247,e37e9c6d-e3a3-4a26-b37d-706c28a112ac,BEV-001,4,674.48
15179051-4e96-4ee3-938e-a1de5f73d1c0,e37e9c6d-e3a3-4a26-b37d-706c28a112ac,BEV-002,8,930.94
a8da1c36-551e-431f-920c-a17584413bb4,e37e9c6d-e3a3-4a26-b37d-706c28a112ac,JAF-001,9,594.67
47b65b4b-b3f1-4af2-983b-016563c3c0a2,e37e9c6d-e3a3-4a26-b37d-706c28a112ac,JAF-002,5,475.53
48f1d687-1562-477d-8ff1-78c317a997c7,e37e9c6d-e3a3-4a26-b37d-706c28a112ac,JAF-002,8,879.28
7ac0437e-d01a-4ebc-8c81-5f3b1c5e9799,e422e53b-7846-425e-b6be-73d9a19ad722,BEV-004,6,429.73
4a471ac6-24e7-4e2b-86f5-49343a39378c,57854995-05f6-4a73-ba42-52b7ff137055,BEV-001,4,115.29
2ecf78fb-4b08-4ca2-850d-c6ce4d95f2f2,57854995-05f6-4a73-ba42-52b7ff137055,JAF-002,6,814.47
1ace1c3a-4ff0-4a68-866d-050acdaf8841,1945df8c-c11c-4288-ae53-2fba8434f89b,JAF-004,7,162.12
b9f63d4d-72dc-4b65-964d-8d8b35384d41,4c8a40f3-c778-467a-9aaa-ee58e9095957,BEV-004,2,618.95
eb52087a-78d5-4ecc-9e4b-076acbc041e7,4c8a40f3-c778-467a-9aaa-ee58e9095957,JAF-005,5,656.12
c4a96375-504e-4a26-9395-c1f95cb0ec27,89a91ed1-ec30-40e8-b2b3-a700ee2b51d7,BEV-005,7,502.15
1759e20c-cec8-482c-b8ba-6f30ac2acb7a,bff642be-8337-43d4-8927-3a09f135be1c,BEV-001,10,943.38
4f6c00c7-6bca-41e8-b6bb-7502abffbc2a,a52de6e1-eea2-4df8-be63-04da37dfd0fd,BEV-002,7,844.98
3dc02e38-62b3-488e-94ab-c7a754f44ef7,a52de6e1-eea2-4df8-be63-04da37dfd0fd,BEV-003,7,619.99
4f177e48-132e-45b6-b9a8-15bb5f63ec5d,a52de6e1-eea2-4df8-be63-04da37dfd0fd,JAF-004,5,638.55
c6c2195a-f760-4be1-bffb-0ca8cb9d7299,6f44150a-3f57-485e-83ed-06314e25fc07,BEV-005,4,171.97
fa71d9fb-a3e6-4907-ba3c-71ada6236275,3716cfd9-215b-4fc8-abf3-69129e058f1a,JAF-001,3,671.78
53636511-da60-4213-bb91-d2f91ee1bcd1,37ee31a6-38f7-4a74-b270-4c3efbb022b2,BEV-001,1,393.67
ed5fef0b-f01a-4c72-b072-60c539cb3fdf,37ee31a6-38f7-4a74-b270-4c3efbb022b2,JAF-004,7,467.46
4d9070b9-2bd0-40f6-9d39-43ca0457ee10,f303db45-3638-404f-be7d-164159d0e7fa,BEV-002,5,35.15
ea519d96-c7ea-4f2a-88ff-1b4a1790b1f3,4a4a250e-f53d-4d2a-a0a8-d5bc8477a7e2,BEV-002,1,28.47
6eef7539-eaa1-4518-a44c-4f402e7b121e,4a4a250e-f53d-4d2a-a0a8-d5bc8477a7e2,BEV-003,2,406.59
ce09ca5c-bddd-4980-bf89-b4ba9f129509,4a4a250e-f53d-4d2a-a0a8-d5bc8477a7e2,JAF-002,6,265.19
ab569572-be79-4586-927e-792dee864931,f114f407-2f94-45ad-86c7-3ef2d92a205e,BEV-003,8,191.57
da23c843-3907-4ec3-86bb-47936d6e5162,f114f407-2f94-45ad-86c7-3ef2d92a205e,BEV-003,5,838.23
1fdcdf44-2396-41d0-afd5-5656272081f8,f114f407-2f94-45ad-86c7-3ef2d92a205e,BEV-001,1,269.0
dd47d22c-67a9-4c82-997c-913f39f6d599,f114f407-2f94-45ad-86c7-3ef2d92a205e,JAF-002,9,462.08
ec3a5d55-623d-41d5-b779-b5bcc7e2bdf1,f114f407-2f94-45ad-86c7-3ef2d92a205e,JAF-004,5,787.4
4e084ce9-b419-436f-8eea-46711f23dd5e,f114f407-2f94-45ad-86c7-3ef2d92a205e,JAF-004,3,58.8
5d23740c-5ac4-42b1-8705-f060476d248a,a2a01b66-cf81-4507-a65c-6796582b67bf,JAF-004,9,279.82
8e2069fe-2ca5-4922-8ea4-2aadb377d4a1,a2a01b66-cf81-4507-a65c-6796582b67bf,JAF-003,3,672.98
2078db5d-73bc-40a1-92be-e528b0daf967,ea34b979-32e1-4948-869a-bc09b3c630dc,BEV-005,10,553.46
8934e292-82c6-4631-a84a-f128fd6060a4,c6459a02-3f75-48e9-b9ed-bb586a3ae93a,BEV-001,9,770.14
b3774799-7850-4451-8b85-ae122099a452,84d86d2e-3faf-4297-b1d1-35b5143c43c0,BEV-003,1,994.06
b4d272fe-ec0c-4bd5-a8a1-5f506713dcc2,fad985b2-0929-4aa4-9680-eac448f8c927,BEV-001,10,406.28
3adb80e5-df27-4721-9e47-beef671887d2,8c042d33-ce12-4151-bb5c-30d9a804ae3d,BEV-003,5,509.06
fb2188bb-a1b6-4bb2-8775-2a73b52eb6d9,8c042d33-ce12-4151-bb5c-30d9a804ae3d,BEV-004,10,415.98
7b932ef1-d49a-4498-aab1-24ebcc435d88,8c042d33-ce12-4151-bb5c-30d9a804ae3d,JAF-001,2,202.47
bfcc671d-83af-402b-8bfd-152185577def,8c042d33-ce12-4151-bb5c-30d9a804ae3d,JAF-001,8,445.64
afc523ea-3df9-41a5-9a34-0539509d15e1,09e0d97a-3deb-4a2f-b4af-e7d6800331e5,BEV-002,7,974.66
b674d884-435f-4e8f-8f1d-45f998def126,09e0d97a-3deb-4a2f-b4af-e7d6800331e5,JAF-002,4,687.53
72fa17f7-e73b-4d5e-b323-f074704451c8,77df5ddb-8845-461a-86c3-3f7bfc1da713,BEV-004,6,95.25
a9d60cce-61ee-4ec7-a4fe-bf0ab60025d9,77df5ddb-8845-461a-86c3-3f7bfc1da713,BEV-005,2,589.65
974ca920-ad30-4a74-bfc7-e9c0cfc8686c,77df5ddb-8845-461a-86c3-3f7bfc1da713,JAF-002,1,710.76
b25d8cd8-89c3-4676-9675-70e46e75a606,77df5ddb-8845-461a-86c3-3f7bfc1da713,JAF-001,4,898.65
e1ea0ad0-5b9c-436b-b75c-334df4be6ec5,e3527f84-a288-47ca-bcd9-20cafd2869fe,BEV-004,3,562.37
8b5b6e5e-4779-4e5d-969a-abb6e03df99f,e3527f84-a288-47ca-bcd9-20cafd2869fe,JAF-002,1,327.46
117a1a4a-6ce4-4eba-ac11-dabc59365dda,3a38e118-2351-4945-8640-6fc996efb8b0,BEV-003,6,377.15
e505ac7e-a173-4411-82ea-f06e05b2dfb9,c1364977-09dc-4c69-8501-281e4b941340,BEV-002,3,276.32
6d158196-b132-4788-8660-ea7fe0ac5e17,89758c62-c2ca-4298-87a1-1f3dc2ce4789,BEV-004,7,542.62
9b4c8b75-6ea2-40a1-9fc2-f4781117dfc1,89758c62-c2ca-4298-87a1-1f3dc2ce4789,BEV-004,4,122.15
fc151b0d-cc5c-489e-99f3-d0cb638c8c87,89758c62-c2ca-4298-87a1-1f3dc2ce4789,BEV-004,7,122.55
f4ca1c8a-0ded-4f61-89f4-12f25efb26f5,89758c62-c2ca-4298-87a1-1f3dc2ce4789,JAF-003,3,755.67
6f9d31bf-42c3-46e9-a2c1-29e8fec39a2a,89758c62-c2ca-4298-87a1-1f3dc2ce4789,JAF-005,10,387.43
9846b9b3-fe25-4fc0-83e6-1b88d5c3f1c8,89758c62-c2ca-4298-87a1-1f3dc2ce4789,JAF-004,4,345.21
4e644128-4c6a-494d-a054-55b3425d032f,8cc3ea54-f8d6-46a9-b41f-b098c2cf28c4,BEV-004,9,367.87
bb3b38dd-599d-4696-92e2-26bf4b30ec4f,8cc3ea54-f8d6-46a9-b41f-b098c2cf28c4,BEV-001,9,616.69
c95b88ee-c853-48c5-93c9-2b7988baafa4,8cc3ea54-f8d6-46a9-b41f-b098c2cf28c4,BEV-003,6,874.5
e277cfce-429d-4aaf-9830-a66e309c4526,8cc3ea54-f8d6-46a9-b41f-b098c2cf28c4,BEV-002,7,171.46
746733a1-eadb-42ef-a2d6-ee760bed2e65,8cc3ea54-f8d6-46a9-b41f-b098c2cf28c4,BEV-003,8,569.1
73cad2cd-5a01-4a73-88ee-faeb9c055d8b,8cc3ea54-f8d6-46a9-b41f-b098c2cf28c4,JAF-003,4,190.1
0a8ec83f-ce89-489b-a57f-d255709ee29a,8cc3ea54-f8d6-46a9-b41f-b098c2cf28c4,JAF-002,7,642.85
849e2568-6518-4f31-b844-ee041c1f4694,8cc3ea54-f8d6-46a9-b41f-b098c2cf28c4,JAF-005,9,779.93
1ae4d5f3-eb1c-4264-ae69-7e82452132b1,8cc3ea54-f8d6-46a9-b41f-b098c2cf28c4,JAF-003,7,597.3
825c5637-f2ca-45c9-bde1-b32927baf0f7,8cc3ea54-f8d6-46a9-b41f-b098c2cf28c4,JAF-005,5,714.11
3da562b6-d0c7-40b3-8eb6-772c4ef0f7ec,27de014d-4be9-442f-ac09-1cf6db6f73ee,BEV-002,9,600.59
7df768c0-c64e-4df3-a3e9-64fd18cda372,27de014d-4be9-442f-ac09-1cf6db6f73ee,BEV-002,1,168.47
713e16c8-de78-453d-8949-e19e8ca0db6e,27de014d-4be9-442f-ac09-1cf6db6f73ee,JAF-003,7,276.1
cc6b69fc-aa8a-4edb-bd04-243db1f04eeb,27de014d-4be9-442f-ac09-1cf6db6f73ee,JAF-005,4,730.31
4723f8a3-b8fc-4c6a-b102-b5f91d73f1a6,6d970745-292b-4e00-89d0-41b2aa7660c3,BEV-003,4,386.21
8f41138a-ce39-40b1-a2a1-90f724deac16,acf8b214-04d7-4ef2-88c5-7ba769d824d5,BEV-005,3,315.33
3fd697cc-65cb-4794-bdd4-a61bafcb64a8,acf8b214-04d7-4ef2-88c5-7ba769d824d5,BEV-003,4,734.84
3337f5c9-d0cf-4441-b039-0081861092da,acf8b214-04d7-4ef2-88c5-7ba769d824d5,BEV-003,5,615.0
871deb33-4115-4ad0-b2a4-7f39782a80e6,acf8b214-04d7-4ef2-88c5-7ba769d824d5,JAF-004,9,646.9
a63acf60-1705-403b-a75b-0722b4a331b8,acf8b214-04d7-4ef2-88c5-7ba769d824d5,JAF-005,10,388.99
64b1d237-016a-4a0b-abf9-8144b99461b9,acf8b214-04d7-4ef2-88c5-7ba769d824d5,JAF-004,5,234.47
d9abf470-8b56-460b-937b-015f759e7e2e,c9929622-e6e5-45c6-b8da-57c11e449d21,BEV-003,8,823.37
07a66b3d-d231-451a-838f-dd294ea654de,c9929622-e6e5-45c6-b8da-57c11e449d21,BEV-001,8,71.0
9a04e3e5-328c-4269-b336-4b93636e6685,c9929622-e6e5-45c6-b8da-57c11e449d21,JAF-005,5,88.0
6aec3fa4-89d7-4c92-a28b-c95367b0078b,c9929622-e6e5-45c6-b8da-57c11e449d21,JAF-003,5,427.04
2fd084be-219b-4956-b77f-b21ecfc306e6,30459b1d-acaf-4555-9a3e-5f696ee5c043,BEV-001,6,993.65
b883819d-82c2-43ed-84ea-e46342d52fa0,fd922e6a-305c-4f08-9c7c-ef2ccdfd1098,BEV-002,4,156.57
93e3dc92-c1ee-4f75-883c-39471a0760c1,fd922e6a-305c-4f08-9c7c-ef2ccdfd1098,BEV-001,6,309.79
41c9e36c-0543-44ba-8796-c4ca23ad2e18,098f5a5b-a3a7-4fd0-b40e-a3a10c923b69,BEV-002,1,217.12
e610bcce-96ec-4c6f-8fdc-2c841ede440d,098f5a5b-a3a7-4fd0-b40e-a3a10c923b69,BEV-003,10,979.66
88fbdcdf-e3e0-4860-b284-1cbd38dd825b,098f5a5b-a3a7-4fd0-b40e-a3a10c923b69,JAF-001,6,55.32
1b234a9d-a570-45eb-a64e-6b70191f129c,e2d4e7f4-a652-45b0-8832-dcb00858eb6d,BEV-003,5,55.98
ce2bd3e5-e5ed-47dc-97bf-6ed1c91c56e8,fe7a21c7-faf0-46d2-ac8a-14270f10aab3,BEV-002,9,507.56
b313d673-f1bd-4133-95ba-0b73d87bedd3,fe7a21c7-faf0-46d2-ac8a-14270f10aab3,JAF-001,4,677.27
f13bbe1f-bd1c-4278-a1c9-51ae7b5646d4,b0f9cb47-f168-48fa-8b15-6de016c138af,BEV-004,10,680.29
4223b542-4d64-43e9-9d79-da60d0beb5bf,19dff4c4-990e-4e76-97c0-1ae4667ad26a,BEV-004,7,738.75
d0f680ef-6cf1-46bb-a793-4ead6431dc89,ae6968e4-8f9e-46ef-b1c5-643ff5e5d2a6,BEV-005,8,834.93
ca550085-8d73-4090-9c38-1fa6e557d74a,7b9cce43-3419-4afc-acfa-71f37e314de8,BEV-001,8,370.7
63e17455-e161-47a3-bbe6-95d8c49942ff,7b9cce43-3419-4afc-acfa-71f37e314de8,BEV-005,4,213.26
8450dbdd-a75c-499d-8bab-d2d2edc968bb,7b9cce43-3419-4afc-acfa-71f37e314de8,BEV-004,2,568.44
149576ce-6bf0-43ed-a0cd-66c9af985ad6,7b9cce43-3419-4afc-acfa-71f37e314de8,BEV-002,10,345.88
5a5ba3d0-6943-4f63-8d32-287d71b5542e,7b9cce43-3419-4afc-acfa-71f37e314de8,JAF-002,10,601.2
e3e47afb-6167-43a2-9723-ba7b4ef1fb01,7b9cce43-3419-4afc-acfa-71f37e314de8,JAF-003,2,522.16
81c7e1f2-81a3-4e5d-8392-d609265a2ebd,7b9cce43-3419-4afc-acfa-71f37e314de8,JAF-004,4,842.38
8a5c8c4f-2b22-4fd6-a083-2645311d0154,7b9cce43-3419-4afc-acfa-71f37e314de8,JAF-001,3,735.06
868b4d61-0161-4067-9c51-603e76fa87d0,3243d247-cf9c-4b71-8c5a-04d499e7b0f8,BEV-002,5,809.35
8b9a5491-664a-4fc4-b979-6a89a7d4d7e8,cd937c24-63de-4a43-922f-6b01cb0e25b1,JAF-001,8,560.31
30cc1b7a-6bc4-4039-bd06-088a2235fdee,0654d2af-fa09-4299-9098-cd596f4f4179,BEV-003,8,245.26
f1027758-01cc-4012-942e-c3bd6efb7c2e,0654d2af-fa09-4299-9098-cd596f4f4179,BEV-004,10,537.79
b783bfaf-b1cc-4a5e-be97-3fe7b67546b5,0654d2af-fa09-4299-9098-cd596f4f4179,JAF-003,1,748.41
23c7e24c-8f05-4b0f-8697-f3bf650a9d8b,0654d2af-fa09-4299-9098-cd596f4f4179,JAF-005,6,966.2
ece2806c-4f2a-4beb-89e6-177ebeffac3b,0654d2af-fa09-4299-9098-cd596f4f4179,JAF-003,8,790.22
4a7fa284-07e9-4f67-b965-23055e509865,30a9ffcc-2f67-42b6-8da8-9525037b5e6a,BEV-002,5,526.13
22657203-3159-4819-8784-c366471abdd5,30a9ffcc-2f67-42b6-8da8-9525037b5e6a,BEV-002,2,998.64
ca01f732-6485-40d6-931f-b86cc096cade,30a9ffcc-2f67-42b6-8da8-9525037b5e6a,BEV-004,7,236.79
c6eded11-b014-47e2-905f-e9287fabc652,30a9ffcc-2f67-42b6-8da8-9525037b5e6a,JAF-003,7,26.69
1fee7661-82f3-43be-b965-cacf1953125a,30a9ffcc-2f67-42b6-8da8-9525037b5e6a,JAF-004,6,501.42
61e7a5bd-8353-4c70-81c4-bb24b23aa436,30a9ffcc-2f67-42b6-8da8-9525037b5e6a,JAF-005,10,457.49
a544e35d-6e8c-4a57-9d14-a92264cdcc72,1b4a10f4-7e25-4553-b689-429d4361d6e9,BEV-003,3,551.66
d67e16c2-ae86-45cd-b9f9-a8b478db16ea,750bebcc-d4c2-43f4-a6c6-453e5caa9a9a,BEV-002,10,276.71
68f07a4d-30ca-4fae-a5a4-ba95cd64b6e3,750bebcc-d4c2-43f4-a6c6-453e5caa9a9a,BEV-001,10,165.35
564f2c01-dc93-436b-adad-64a14c60de29,750bebcc-d4c2-43f4-a6c6-453e5caa9a9a,BEV-004,4,12.57
433b34aa-fa55-4a54-a2de-806c8e4e9eac,750bebcc-d4c2-43f4-a6c6-453e5caa9a9a,BEV-005,7,446.89
a5c25881-9c39-4a79-9e5c-59053023607a,750bebcc-d4c2-43f4-a6c6-453e5caa9a9a,BEV-004,7,613.87
96ccca89-3b42-4222-afc8-d4d2f8ee3f95,750bebcc-d4c2-43f4-a6c6-453e5caa9a9a,JAF-005,5,78.53
9541bb77-1371-4346-ba00-13c8f708625f,750bebcc-d4c2-43f4-a6c6-453e5caa9a9a,JAF-002,9,169.68
c0889621-7b3a-43ac-b433-80d675d4a688,750bebcc-d4c2-43f4-a6c6-453e5caa9a9a,JAF-001,3,575.88
8c62e1e3-e6e4-4572-a377-e49a9b6876f1,750bebcc-d4c2-43f4-a6c6-453e5caa9a9a,JAF-004,5,326.95
000944d7-d399-48f4-baf1-ce6ca2de339a,750bebcc-d4c2-43f4-a6c6-453e5caa9a9a,JAF-001,9,851.47
91bef2f3-0f14-4d29-b215-c4cc98defb64,fc780024-30cd-4938-89b1-575e6427740c,BEV-004,5,198.27
b7a983b9-1a29-49d9-89be-2186bfdac1b5,fc780024-30cd-4938-89b1-575e6427740c,BEV-005,8,143.43
20739967-1d4f-49c1-9a47-d4977cdaf424,fc780024-30cd-4938-89b1-575e6427740c,JAF-001,9,283.74
78926522-626b-4b5d-8ed2-39d1ec4f33c9,efce552f-5a87-4971-b0a1-f1d2932e7668,BEV-001,4,929.24
cda7e6dc-8b7a-4b80-89e3-4c9cac2650c2,738f8fc6-08de-4432-a8d4-8e08897c4f08,BEV-001,7,491.07
27671691-1847-4fd7-a32c-5de9ae17f797,738f8fc6-08de-4432-a8d4-8e08897c4f08,BEV-004,8,436.69
18d36750-9293-466c-a586-b79adf570f2d,738f8fc6-08de-4432-a8d4-8e08897c4f08,BEV-003,7,13.05
d22b1a04-92f9-4a5f-9692-35c6154ac07c,738f8fc6-08de-4432-a8d4-8e08897c4f08,BEV-003,3,590.93
a27cb2ac-e996-42eb-a645-583faf4aa767,738f8fc6-08de-4432-a8d4-8e08897c4f08,BEV-001,4,474.06
4ec7f4ac-71ed-4ee5-9631-d393ae787703,738f8fc6-08de-4432-a8d4-8e08897c4f08,JAF-002,3,437.23
73cab711-f70d-4303-978a-2b0298f33fc2,738f8fc6-08de-4432-a8d4-8e08897c4f08,JAF-004,6,96.09
9005784d-f2f7-45d6-b196-ee6eb23a8d14,738f8fc6-08de-4432-a8d4-8e08897c4f08,JAF-003,5,451.6
5cc64603-d599-461c-9454-6ab340975604,738f8fc6-08de-4432-a8d4-8e08897c4f08,JAF-002,7,812.72
f2ab34c1-03a8-4cb3-927e-5a80b6a54aec,738f8fc6-08de-4432-a8d4-8e08897c4f08,JAF-003,8,758.92
a8b681be-cc9b-4da7-99a6-56f351dceba3,2a08e114-3322-4cdd-a886-9f18c5e50451,BEV-003,5,734.85
638c5af7-6dd9-41b3-b427-430efb7f4636,2a08e114-3322-4cdd-a886-9f18c5e50451,JAF-005,4,698.04
b6106bcf-b10c-4adf-8ae5-0ce8efe05ab0,b30feae6-b518-4185-959c-661f22b49786,BEV-003,1,803.14
b1d9d510-17e5-4064-bf37-fc92e1309fb5,b30feae6-b518-4185-959c-661f22b49786,JAF-003,4,180.58
c1ee23e3-bff8-4367-8f16-bb0887ff5816,b30feae6-b518-4185-959c-661f22b49786,JAF-001,10,45.09
d772a663-6325-4abf-af53-9f069f00545f,b30feae6-b518-4185-959c-661f22b49786,JAF-003,1,653.11
5fcd80ed-6e95-4e44-9ae1-92336d55095e,5762d1f5-e323-4ec5-916c-3b9e53342025,BEV-005,8,769.38
9fd6f220-dca0-4cc7-ad35-127a7ecdddc3,fcdda839-973d-4057-b9fe-53f9f63a5cb2,BEV-004,3,184.55
ebc01220-85dc-4f42-a532-8faf0e9d9bec,fcdda839-973d-4057-b9fe-53f9f63a5cb2,BEV-003,6,529.47
1c4e69a2-8d75-4356-9c2e-59d52557a216,ca404655-f24d-4466-a303-a9504496db45,BEV-004,8,444.17
ab325303-e8e3-4c1d-89f9-032448f7dbf0,d641f929-a0a8-4b8c-8beb-15d5cc2df92e,BEV-004,2,265.32
f144e828-496f-49eb-a99b-8b92bfbf576a,91f8400b-85b2-4027-9fbb-b897cf75d5b9,BEV-004,1,846.08
40efa792-f1a3-446b-8fb1-bf0e7c593676,f90ea3e4-0dce-4833-9caa-a9f3a1d6e27d,BEV-001,7,675.19
8923afa9-08bc-45c7-bb10-5ecee99b0b9f,e28cb531-4ce1-4d45-aa28-d91b22ae0ab8,BEV-001,4,808.93
38e2f18f-5728-4adb-8976-e4fab7a5539a,175b0d6a-fb35-4e83-859e-e5eaaa040129,BEV-003,6,410.33
ee0d8379-149f-447b-b28e-b7af47b241d5,c79a2135-44d9-4a72-80a0-3a540fa7e7ae,BEV-002,6,674.64
bffee4e2-6fe1-4028-b379-d8cb4ac5d0e2,bde403ba-8016-4e9b-ae26-e235616f98bb,BEV-003,5,664.27
20b9151c-71ac-4e3b-9b2f-fda923f3a830,ecb7b8cb-c738-412b-a4d0-b900378bff6e,BEV-002,6,269.58
a200c292-21b7-47ad-a7b7-babe3bd2e9bb,ecb7b8cb-c738-412b-a4d0-b900378bff6e,BEV-001,1,852.29
e4cff08a-24ee-439b-bf87-f91c50c2cb87,ecb7b8cb-c738-412b-a4d0-b900378bff6e,BEV-002,9,758.41
bb8a6e48-fbf5-475e-bff4-52d4616ba0bf,ecb7b8cb-c738-412b-a4d0-b900378bff6e,JAF-003,1,798.46
d9f512ae-ab57-4249-a406-c4abd4a2dc32,ecb7b8cb-c738-412b-a4d0-b900378bff6e,JAF-004,3,229.11
e35c8939-a736-4cc6-b142-4bd98ba87a99,ecb7b8cb-c738-412b-a4d0-b900378bff6e,JAF-004,6,245.39
750c4022-2dac-4742-917f-09c7255a91fb,cc7b4bf7-07e1-489e-bedc-6b3b266820ad,BEV-001,6,794.82
90f98fa7-1e00-4655-867d-d088989fcb86,ef4469cf-4363-46f8-b457-735f18116db9,BEV-004,7,78.67
0efa9c8b-d5f1-472e-8b9f-760257207141,3504d1f3-64b3-4599-a53f-9bc37a2deb58,BEV-002,8,884.45
6f56d190-35a1-409b-80ae-16844d654c5d,3504d1f3-64b3-4599-a53f-9bc37a2deb58,BEV-002,2,848.32
2290a59e-4c09-4a98-b95f-255316359172,3504d1f3-64b3-4599-a53f-9bc37a2deb58,BEV-005,4,991.13
c6fab755-5efe-4cec-be85-9df44c9a657f,3504d1f3-64b3-4599-a53f-9bc37a2deb58,BEV-001,7,357.25
67d42afc-22a3-4263-bba1-9e39464ff40c,3504d1f3-64b3-4599-a53f-9bc37a2deb58,JAF-004,1,838.78
2530830a-ddb0-4329-8e80-97fe3ac54692,3504d1f3-64b3-4599-a53f-9bc37a2deb58,JAF-001,7,425.81
5f5df1ea-5491-4289-959d-fcccd9bf40de,3504d1f3-64b3-4599-a53f-9bc37a2deb58,JAF-003,4,26.19
924185eb-6d64-4450-a3f7-1959a665fa38,3504d1f3-64b3-4599-a53f-9bc37a2deb58,JAF-004,9,753.9
d8f30727-572e-4443-8cfd-8e873b25a8d0,3c4a665b-16f7-415b-8b59-1260ae7747e3,BEV-001,6,195.89
6328769b-96bc-43ed-b36e-2e36e1bc26c9,f08f3b71-8f43-4868-98c4-289533fd0474,BEV-002,8,842.66
ac925ac4-5883-4057-ba33-6933ac980b30,f08f3b71-8f43-4868-98c4-289533fd0474,JAF-003,8,315.99
26a97b4d-81d0-418a-857f-5be99c1974db,08b5fd58-c807-4f33-9783-0a81faa3501e,BEV-002,4,404.65
392f8f96-376b-4f1f-b0ec-136217cdf097,7ed0bc1c-c3d1-4d10-aa6f-666b7d1ae31c,BEV-001,6,244.78
f68852a9-3033-408e-b70c-2254b892d5aa,f5de71c3-a88d-46ab-ac18-e5865f78834f,BEV-001,3,719.98
a9d11fe9-0ca1-47c4-93fc-c44a4aaee687,41c21a5c-3df9-4efe-9977-fe9d19ec2c0d,BEV-005,5,536.33
db1b5e5c-50c5-419c-9ce4-b5576ca76a9a,513b13da-254e-4236-a653-c78a7a78c1ad,BEV-002,5,808.86
9707c4b6-1ee5-4241-9e50-c5fbc3ec2828,513b13da-254e-4236-a653-c78a7a78c1ad,BEV-004,6,982.82
30d59310-fc7b-4728-a8cd-ec42eef91e38,513b13da-254e-4236-a653-c78a7a78c1ad,BEV-005,5,586.55
05a53ece-6d8d-49a2-81fd-2241e9bdc691,513b13da-254e-4236-a653-c78a7a78c1ad,JAF-001,3,876.16
b6202d39-f53e-4721-94e5-37bbbabaa225,513b13da-254e-4236-a653-c78a7a78c1ad,JAF-003,9,360.85
7e06d7b2-bfca-4b4e-8aab-a52b66e38633,037352fb-5fda-47bb-a7d9-69b5d641d780,BEV-004,8,142.25
eb13754a-225f-4ea5-b6d5-69de21d4a2df,037352fb-5fda-47bb-a7d9-69b5d641d780,BEV-001,10,230.75
edce7d43-80e6-4c4c-b707-26e6d3c04110,037352fb-5fda-47bb-a7d9-69b5d641d780,BEV-001,5,286.7
adde0d69-ac0a-437a-8fba-a6c4a6ea6e87,037352fb-5fda-47bb-a7d9-69b5d641d780,BEV-003,2,767.28
b19733c7-0adf-4059-ac8e-fc25a200e031,037352fb-5fda-47bb-a7d9-69b5d641d780,JAF-004,9,655.74
f2879186-2b2b-48e7-bead-10355ce5b377,037352fb-5fda-47bb-a7d9-69b5d641d780,JAF-003,3,327.58
6cd83a97-a974-4b55-8c7b-f17300f6b670,037352fb-5fda-47bb-a7d9-69b5d641d780,JAF-003,10,430.25
d6cf6c2b-9a15-460b-81c9-42f6e07d8541,037352fb-5fda-47bb-a7d9-69b5d641d780,JAF-005,6,594.6
979c5620-4385-4590-97b9-36f294932a2a,61b965cf-811b-4c44-9138-8910dd4d5636,BEV-001,10,245.6
b04ed405-874f-4773-88bd-21153c28d512,379b6067-7d0c-493a-b33d-ad6c32f26a27,BEV-002,3,741.17
7c28ecd4-bdbc-424b-bcd9-8fff81483417,379b6067-7d0c-493a-b33d-ad6c32f26a27,BEV-003,7,153.83
25c06080-cec1-4f63-8ebf-e780e13a00d3,379b6067-7d0c-493a-b33d-ad6c32f26a27,BEV-003,3,676.94
b767c6a9-f1c0-4d94-ac53-04b66c2cd132,379b6067-7d0c-493a-b33d-ad6c32f26a27,BEV-003,6,263.29
42e18e1e-74f6-49a2-888d-0a709276b5d9,379b6067-7d0c-493a-b33d-ad6c32f26a27,BEV-001,1,332.77
4fdf97c7-f26c-4f72-89e2-505b615be9fd,379b6067-7d0c-493a-b33d-ad6c32f26a27,JAF-002,3,960.63
94059fe0-6ee6-4dd2-bc53-c607290a6082,379b6067-7d0c-493a-b33d-ad6c32f26a27,JAF-003,1,747.32
d6aebc3d-1945-4e15-a46c-0b98b593b26f,379b6067-7d0c-493a-b33d-ad6c32f26a27,JAF-005,2,446.16
108a626f-77fb-47a2-96aa-2c4ce68fa8aa,379b6067-7d0c-493a-b33d-ad6c32f26a27,JAF-002,10,460.49
52723093-d327-4cf4-87db-9aed830329a6,379b6067-7d0c-493a-b33d-ad6c32f26a27,JAF-004,4,584.84
16baa4ac-2605-404f-adee-48a2937a6f91,65bdf73a-6600-47c8-b3cb-09d635f86789,BEV-005,5,935.85
494ddb2d-7e2f-4ce4-b9f0-c0df4180a881,b17e70b0-1407-407e-bd78-28808944459d,BEV-004,8,866.07
7b9dde98-ca7b-49ec-a14c-2e75718c0e99,b17e70b0-1407-407e-bd78-28808944459d,BEV-001,4,607.91
dd1d0bd3-155c-488b-9aad-09dce82dea97,b17e70b0-1407-407e-bd78-28808944459d,JAF-001,8,134.72
faea21f2-ec95-4b0d-afa0-de0db206874e,b17e70b0-1407-407e-bd78-28808944459d,JAF-005,10,935.5
e5a01aa8-62c3-4d04-90dc-9fcfdc311947,50e082cc-9a1e-4e1c-bf47-fc3a27e6c1e2,BEV-002,2,891.87
024098f3-bb99-4bc6-ad8d-049c83a87a38,50e082cc-9a1e-4e1c-bf47-fc3a27e6c1e2,BEV-001,9,734.8
13235b5c-e155-4195-8e24-38fb76a3e5b4,50e082cc-9a1e-4e1c-bf47-fc3a27e6c1e2,BEV-002,10,194.78
b8fa4c9d-3906-41e1-81d5-004d4287fa23,50e082cc-9a1e-4e1c-bf47-fc3a27e6c1e2,JAF-004,6,894.64
294e4e57-b114-4213-836d-7718d9e5328f,50e082cc-9a1e-4e1c-bf47-fc3a27e6c1e2,JAF-005,10,784.01
85a03888-5e17-48b8-bc25-4c50250cad75,50e082cc-9a1e-4e1c-bf47-fc3a27e6c1e2,JAF-002,3,470.5
2252fa14-1727-40d0-8f3d-7f299ef90338,8016a408-6b68-4226-9ca4-c69508366868,BEV-005,5,37.02
7b72632f-77f9-4a6b-95bb-a81c5c1d0b81,c5383b73-f84a-4d1c-9f8d-f425d9b0d642,BEV-004,7,869.62
0b9fbd36-82f2-4a3d-b492-f0b0171f8651,c5383b73-f84a-4d1c-9f8d-f425d9b0d642,JAF-003,5,628.79
f19a83ce-3be0-4455-ba97-0f7753e344f7,0e073ecf-637e-4438-9dbd-d970832da16b,BEV-002,2,633.62
fbd1c941-3c0a-42dd-8615-01f928df8034,0e073ecf-637e-4438-9dbd-d970832da16b,JAF-005,2,814.79
d681fe90-fce3-4f88-9e26-0375fbd3b7d9,bd35b1cd-b9c4-4669-a7b2-74f46a4a7d54,BEV-003,5,192.52
43e1ef7b-83c0-4424-80e6-17d720359623,bd35b1cd-b9c4-4669-a7b2-74f46a4a7d54,BEV-003,5,273.8
ad510e37-fe92-4823-869f-a614e17db5fb,bd35b1cd-b9c4-4669-a7b2-74f46a4a7d54,BEV-005,1,246.02
e27f6328-76b7-42bc-8707-cfc81738aba8,bd35b1cd-b9c4-4669-a7b2-74f46a4a7d54,BEV-005,1,177.45
920f321d-a03f-4cbe-b911-91780afc4417,bd35b1cd-b9c4-4669-a7b2-74f46a4a7d54,JAF-003,4,371.17
976024f5-c515-47bb-8600-951574768dc5,bd35b1cd-b9c4-4669-a7b2-74f46a4a7d54,JAF-002,1,388.84
d3562dd7-a334-4097-998a-cc45473bebe7,bd35b1cd-b9c4-4669-a7b2-74f46a4a7d54,JAF-005,10,229.9
37836331-577b-4a1a-a545-c7f60a402cb6,bd35b1cd-b9c4-4669-a7b2-74f46a4a7d54,JAF-001,10,163.88
a64f8433-e83b-45ce-bfc0-dd0b53393c22,82f546db-ee31-4fd7-a17d-b8b7e248626b,BEV-001,4,693.04
c0b77f43-21d9-4783-9e56-e76a6907aa76,82f546db-ee31-4fd7-a17d-b8b7e248626b,BEV-004,6,68.92
7c89c5e3-5247-44e7-8093-34bdb51255f4,88e76c83-b781-4b96-adfd-03bb646ba83d,JAF-002,6,885.24
3e3ef5b8-c9fe-44af-a1df-d60476f99535,88e76c83-b781-4b96-adfd-03bb646ba83d,JAF-004,5,192.36
f1c3a8d0-8c89-4c91-9e98-cc7c6e65a7e2,b3cd45d3-a757-4ec4-9f05-e4b2afdb326c,BEV-002,3,684.55
5c5cf092-d713-42b9-8c0d-23d7aeae8cde,b3cd45d3-a757-4ec4-9f05-e4b2afdb326c,BEV-001,5,488.05
6a0fb701-f3e9-46dc-be74-e322c800cea7,b3cd45d3-a757-4ec4-9f05-e4b2afdb326c,BEV-001,2,885.95
f1e81708-e0b9-466f-a144-5247e6241665,b3cd45d3-a757-4ec4-9f05-e4b2afdb326c,BEV-003,1,811.59
7b12a1df-aa54-4ac4-a21a-56f72d914565,b3cd45d3-a757-4ec4-9f05-e4b2afdb326c,BEV-001,6,485.68
1817009f-6d39-48e5-a762-fe0043710f3b,b3cd45d3-a757-4ec4-9f05-e4b2afdb326c,JAF-002,10,451.5
07dc16be-49b9-4c67-923f-1f34e001b215,b3cd45d3-a757-4ec4-9f05-e4b2afdb326c,JAF-005,1,430.26
c8d67aa6-aab9-4c8f-bd8e-73b476e6bc75,b3cd45d3-a757-4ec4-9f05-e4b2afdb326c,JAF-003,5,674.66
56d3f6e1-ad6e-4fa8-b293-f064dbce6a77,b3cd45d3-a757-4ec4-9f05-e4b2afdb326c,JAF-002,7,809.18
0a0c52bc-f0ef-4236-872b-39b521806764,b3cd45d3-a757-4ec4-9f05-e4b2afdb326c,JAF-004,1,925.39
7ff71b23-d35b-4878-8320-46b0acb69781,489eb1cd-12c2-4e2a-b9d4-76c1e54bcb1a,BEV-004,2,967.25
162faefc-13f4-4be7-8a88-4168b02020bd,489eb1cd-12c2-4e2a-b9d4-76c1e54bcb1a,JAF-005,4,323.91
d9736895-0925-4d0c-8c77-494fdf4d41e5,4806fed3-79fc-4650-8e23-2af68e6a9806,BEV-004,3,508.89
390a2203-19e9-478c-932a-8e922f661a38,4806fed3-79fc-4650-8e23-2af68e6a9806,BEV-002,1,936.1
f7cc3fa7-0214-427d-8863-2335588af040,4806fed3-79fc-4650-8e23-2af68e6a9806,JAF-003,4,293.21
7749068b-282c-4dc5-acb4-2556da57aca0,4806fed3-79fc-4650-8e23-2af68e6a9806,JAF-004,1,396.06
7eb07765-93f4-4c6b-b958-b9ea0ae3a18e,2a98afaa-c223-4ab2-8c8e-68859cd36e11,BEV-002,5,356.31
667f0eae-6202-451d-9127-9f8fc2bd8062,755762e6-ed9c-4cbd-b5b3-8154687578b1,BEV-002,2,580.44
033bdc2b-925e-4b3e-a91a-30d95b66aaac,755762e6-ed9c-4cbd-b5b3-8154687578b1,BEV-001,10,892.93
f678f049-4e59-4b0e-b654-e2c25eba0421,755762e6-ed9c-4cbd-b5b3-8154687578b1,BEV-001,3,246.52
715e0576-4660-4cdc-9c45-67519594faa6,755762e6-ed9c-4cbd-b5b3-8154687578b1,JAF-003,4,835.11
23523f46-3dac-4df5-a388-46f3c9eb2dfb,755762e6-ed9c-4cbd-b5b3-8154687578b1,JAF-003,1,630.08
d5703845-720a-4125-ac7a-031d0271186f,755762e6-ed9c-4cbd-b5b3-8154687578b1,JAF-005,10,979.0
3aeb76ef-1b6e-4744-9917-956cdb566f87,2644cb78-cbff-41d4-acb0-86bdde834ba2,BEV-002,7,548.41
d490466c-0139-4a26-87df-dd0f1495b53f,f7143344-28a3-4b09-bd92-fc69c9b1dafb,BEV-002,5,603.76
bdc591f7-ff5f-4639-bc98-476a8d595190,f7143344-28a3-4b09-bd92-fc69c9b1dafb,JAF-001,5,866.93
2717d019-6494-415a-97e2-e8488af35c95,57c15a0a-aa62-4ea6-836e-cb128b33aaf7,BEV-002,6,780.0
58010e52-a6f4-416c-8586-251cf8f1bbcc,57c15a0a-aa62-4ea6-836e-cb128b33aaf7,BEV-001,2,128.21
2dc39701-bc12-40f1-8db4-7faabb6af250,57c15a0a-aa62-4ea6-836e-cb128b33aaf7,JAF-002,9,678.01
9b22d0a0-bb6a-46ab-8708-a931b15e01d2,57c15a0a-aa62-4ea6-836e-cb128b33aaf7,JAF-002,6,206.19
988817e0-ed1e-4e7e-908b-60def398c324,0285596e-50a2-4049-853c-679c334e26e6,BEV-004,6,274.88
e729a02c-18f0-49b5-988a-e0df54fbdb37,0285596e-50a2-4049-853c-679c334e26e6,BEV-005,4,922.13
998beb7a-8305-43f3-bb02-4ccb53e39af9,0285596e-50a2-4049-853c-679c334e26e6,BEV-003,10,805.06
fa53b228-529a-4e20-b016-a72c5716d42d,0285596e-50a2-4049-853c-679c334e26e6,BEV-002,5,213.19
bb9f1c82-7d9d-4637-8af5-a90cc66e4bdb,0285596e-50a2-4049-853c-679c334e26e6,JAF-001,1,513.07
ea5ad266-37ac-40c8-bee9-1847d8bfbce2,0285596e-50a2-4049-853c-679c334e26e6,JAF-002,6,768.47
592bb39e-3d17-4ab2-b427-1860b137e223,0285596e-50a2-4049-853c-679c334e26e6,JAF-001,5,415.4
8c0c9c0c-7269-4459-9a4e-de5a4f145394,0285596e-50a2-4049-853c-679c334e26e6,JAF-002,2,283.67
e94629f3-6412-4910-a87f-33eef4b779c7,15302617-3ddd-4960-bded-5b3b0c506383,BEV-003,6,70.24
7ed2e3d3-1958-4a3e-acd1-f680f2eeccbb,15302617-3ddd-4960-bded-5b3b0c506383,BEV-001,4,160.62
7191beb0-2731-4f49-84da-397edf0f7194,15302617-3ddd-4960-bded-5b3b0c506383,JAF-003,10,614.57
31eb728b-cca5-4c7d-bc7b-e17699c2c425,15302617-3ddd-4960-bded-5b3b0c506383,JAF-003,4,698.32
a6af0f70-fd92-4911-9163-ee64a3df81a6,15302617-3ddd-4960-bded-5b3b0c506383,JAF-001,1,848.19
991b11e4-8137-4395-9535-8642ad854f37,655e9c7b-5edc-4d7d-8464-b117603c3c75,BEV-004,6,862.81
bfc55a92-0bc8-488b-b23f-ec6a9a782496,655e9c7b-5edc-4d7d-8464-b117603c3c75,BEV-005,2,256.6
13c12255-18b8-4b83-b2bb-5464f3e7ee87,655e9c7b-5edc-4d7d-8464-b117603c3c75,BEV-002,8,648.12
a6a39d87-8b0b-46fd-8c41-c80ed118733e,655e9c7b-5edc-4d7d-8464-b117603c3c75,JAF-004,2,605.92
d1a82588-7fa6-4842-a91a-a4f8c67280d0,655e9c7b-5edc-4d7d-8464-b117603c3c75,JAF-001,3,504.51
cc898580-c4b0-4286-a98c-a401e03b829d,655e9c7b-5edc-4d7d-8464-b117603c3c75,JAF-001,6,733.15
89bd8262-e4f7-41bf-83b7-1421e73aacf4,6603206a-9276-413f-8f46-7b034484ef7a,BEV-004,7,214.88
42bc64a4-edeb-45f0-a243-d76c6abe6498,8f5d929f-72cd-44fd-8570-eb36ff391837,BEV-002,8,481.24
243a5119-1abf-432a-a10f-19a2bbe41953,8f5d929f-72cd-44fd-8570-eb36ff391837,JAF-003,3,269.92
175b15c9-99fb-4655-a401-76b90a9391cd,1a1fc508-cdb1-4067-8800-cdad0b58d44f,BEV-005,10,259.72
90bf2a0b-b3ff-4460-9b7d-cb415fc0a379,8d145d14-0fbb-422f-b7d9-7f33088f6b26,BEV-005,9,342.28
b26b50e4-9543-4ea3-818b-e180f162c269,8d145d14-0fbb-422f-b7d9-7f33088f6b26,BEV-005,8,856.52
bcd6bd73-e1c2-46f0-b7f3-768ed2cd5975,8d145d14-0fbb-422f-b7d9-7f33088f6b26,BEV-005,6,632.18
cb131151-c615-4030-9cb7-afe3139e4f3a,8d145d14-0fbb-422f-b7d9-7f33088f6b26,JAF-002,10,20.04
07b6313a-38e6-4c09-824e-d85e1e31cdad,8d145d14-0fbb-422f-b7d9-7f33088f6b26,JAF-003,4,545.9
eb86c0ec-2d6a-4f84-81da-efb621946fb2,8d145d14-0fbb-422f-b7d9-7f33088f6b26,JAF-003,3,65.59
c0cc0758-7a0a-4d6b-8c44-6907f9666102,266673bf-862c-44cc-b31b-750f3c4b92ad,BEV-004,10,918.25
3b7ad0ab-d567-43c0-82c5-c0ff68df25b6,1a9b8bf9-9fdc-4c96-83ba-5bb286aeea0e,BEV-004,2,296.9
2d2729fb-2989-4263-9a51-508e4840a7bf,1a9b8bf9-9fdc-4c96-83ba-5bb286aeea0e,BEV-004,3,78.49
55eb3ba4-4aa7-47d7-aa3b-e46f59af1ee6,1a9b8bf9-9fdc-4c96-83ba-5bb286aeea0e,JAF-005,3,449.24
217d6407-3470-4ccd-ab97-c22d22487e94,1a9b8bf9-9fdc-4c96-83ba-5bb286aeea0e,JAF-003,10,190.12
5983ef7c-7ff2-4b64-ac52-a71a47e215d6,a96d1bd1-b309-4f7a-936d-b97003cbbe67,BEV-003,4,483.79
31e85089-f9e5-4953-a0a8-a8cccf87df42,4ca76de6-672b-4bf8-8e5e-cf86d1150cd9,BEV-002,1,951.15
facf5caf-78de-498f-b364-708249b38504,4ca76de6-672b-4bf8-8e5e-cf86d1150cd9,BEV-004,5,321.1
661bba0a-dd46-4df0-90c3-6c358a98b20b,4ca76de6-672b-4bf8-8e5e-cf86d1150cd9,JAF-004,7,818.76
a72ee9f7-4969-43ef-892e-14e5a70aa278,4ca76de6-672b-4bf8-8e5e-cf86d1150cd9,JAF-001,7,287.96
5c88eeb3-7c61-494c-91de-7cc15d8e9a8d,1fcfbb6a-cd6b-4f0b-b5c8-526720582f38,BEV-001,5,922.07
46e569bc-9cec-4641-9787-efa66ae23377,1fcfbb6a-cd6b-4f0b-b5c8-526720582f38,JAF-003,6,984.06
b1aab67b-05b7-4d91-b44a-764eb0c35c8a,6a9f2d5d-14a5-484e-908d-b700529b71f0,BEV-002,6,187.79
88ca5b10-b022-4773-8536-40b6845ff27c,af4eb90d-ab30-4a99-9384-7b090488bb2a,BEV-002,7,861.96
be3ab5db-1306-4476-91b7-109f073b298e,af4eb90d-ab30-4a99-9384-7b090488bb2a,JAF-004,6,561.55
04805008-36ac-48dd-8e32-938dbc0e6e6d,9ef923ef-b1a9-4043-8465-ad305b73ef19,BEV-002,6,709.66
ab99dc21-5de3-4d7f-8d5f-4b839bfd30a1,9ef923ef-b1a9-4043-8465-ad305b73ef19,BEV-004,9,513.12
f4d9057e-885c-44c6-992c-d29d1a55a1ba,9ef923ef-b1a9-4043-8465-ad305b73ef19,BEV-003,4,888.07
d202187d-1414-4a5f-8534-948493b6cf4b,9ef923ef-b1a9-4043-8465-ad305b73ef19,BEV-005,1,368.74
907ca9b4-815a-4719-8336-cea8ed6f008c,9ef923ef-b1a9-4043-8465-ad305b73ef19,BEV-003,8,706.75
491f26cf-197e-40dc-b5a2-00b77cc472d0,9ef923ef-b1a9-4043-8465-ad305b73ef19,JAF-003,4,767.17
b9ff7d1b-ab11-43c3-a2fc-dc5447250ad3,9ef923ef-b1a9-4043-8465-ad305b73ef19,JAF-003,1,374.44
6fede792-490d-417a-b3ea-3a21b4cd17ef,9ef923ef-b1a9-4043-8465-ad305b73ef19,JAF-003,10,69.33
8d7bb89c-3ee6-4d60-a012-5d4d7979e02f,9ef923ef-b1a9-4043-8465-ad305b73ef19,JAF-004,6,964.64
0bc16ee0-f8da-4432-8fae-d2e2b38b3586,9ef923ef-b1a9-4043-8465-ad305b73ef19,JAF-001,2,661.6
a69671e3-0c8a-40eb-81c7-ca2dc1dfc11c,92265bd8-5c4c-4e68-b297-50a4d9764b6f,BEV-005,9,971.48
aa0f2958-f590-4f42-9665-f1f1784de234,8ebb4c18-9fc6-44d7-8ce2-14502a4d9434,BEV-005,9,978.88
d30cfe02-5273-4733-beb8-85fcf3fe308c,f24c3d25-f710-47e4-a7ad-e551e95bd453,BEV-002,2,985.71
c637cde5-9eb9-4c37-bda9-9234693e8ae3,aada648c-92bb-42dc-8f01-fc6019d5056d,BEV-001,2,333.66
1026dc33-f63d-4f9c-8fc2-d65d43e829cb,aada648c-92bb-42dc-8f01-fc6019d5056d,JAF-004,7,908.3
74038d33-647f-440b-a494-c2ace960dda4,511328bc-3446-4b88-9bdc-e9bc3db30c2c,BEV-001,1,653.11
5deab94b-d5b8-4878-8888-0a43606ae692,511328bc-3446-4b88-9bdc-e9bc3db30c2c,BEV-005,7,516.27
6fd4e296-b02e-4662-9c59-6c07aea59c14,511328bc-3446-4b88-9bdc-e9bc3db30c2c,BEV-001,7,290.12
ca2288c1-53e0-462e-a6ef-8492e48ac57e,511328bc-3446-4b88-9bdc-e9bc3db30c2c,BEV-003,6,876.49
2a4cade6-636a-47bd-9e95-f7e2e0beb61a,511328bc-3446-4b88-9bdc-e9bc3db30c2c,BEV-004,5,980.23
b62694d7-a527-43bb-98b3-938cc3d42073,511328bc-3446-4b88-9bdc-e9bc3db30c2c,JAF-003,3,191.58
16a153b7-9d83-4d1a-bd4d-3b4911e93839,511328bc-3446-4b88-9bdc-e9bc3db30c2c,JAF-005,10,916.4
de057df7-19ec-44b1-a1ce-0b2024332658,511328bc-3446-4b88-9bdc-e9bc3db30c2c,JAF-001,3,79.8
fba7ab2c-d836-4c57-8d15-25ed703a3d14,511328bc-3446-4b88-9bdc-e9bc3db30c2c,JAF-001,7,429.09
556efea5-8fd2-48dd-ac0d-fff280881e48,511328bc-3446-4b88-9bdc-e9bc3db30c2c,JAF-003,8,281.55
8eb9356f-fa01-4ff5-861f-374309f18c89,34d602bb-6cfb-48bb-a0d4-1a666c3d8dcf,BEV-003,2,50.64
bb0c8071-e269-4cad-b1e0-da9d3c8d10a7,5d381160-e587-44bc-a2a7-e0a3c546bebf,BEV-005,3,497.03
3844fe29-7cf5-4a81-810e-95e28708cc20,5d381160-e587-44bc-a2a7-e0a3c546bebf,JAF-001,1,445.13
9a850f6b-eb5f-476e-8bcf-f81d39db3857,aee25b18-1686-4755-aab8-f631fd05e216,BEV-001,2,356.33
bd430316-ec9b-4d0b-9b90-c0efc19c8324,aee25b18-1686-4755-aab8-f631fd05e216,BEV-004,5,299.57
ebe2e1f6-8a95-488e-9160-fb7ee8f1a366,aee25b18-1686-4755-aab8-f631fd05e216,BEV-003,7,206.37
aa82ad2d-d162-4c9a-9815-4715ff264b1e,aee25b18-1686-4755-aab8-f631fd05e216,JAF-005,9,681.58
ffe168be-52a7-45ca-84b3-ceb6e2c48ef4,aee25b18-1686-4755-aab8-f631fd05e216,JAF-003,7,762.79
f63f4d4b-aa63-44f9-9fcb-9ee46940bfc1,aee25b18-1686-4755-aab8-f631fd05e216,JAF-004,8,854.01
38e77489-79dd-4971-9a1b-b61cdfcc4e3d,265ac87e-754e-4929-9b0b-857269246556,BEV-002,1,485.47
d625df29-5b83-4a07-a79c-fb8b57432208,0ee24e4b-01aa-4694-8eda-3de51cc54c9b,BEV-001,5,176.71
5af41534-ee9a-4229-be67-0f293424527f,0ee24e4b-01aa-4694-8eda-3de51cc54c9b,BEV-004,8,305.95
f06d03c0-ada7-48d2-80c9-2cdacc5abb8f,0ee24e4b-01aa-4694-8eda-3de51cc54c9b,BEV-001,3,673.1
cd594ce7-86dc-4183-8cb7-5682612ffc9b,0ee24e4b-01aa-4694-8eda-3de51cc54c9b,JAF-001,6,71.87
609a1e4d-3194-4e14-b9d7-6e826d905359,0ee24e4b-01aa-4694-8eda-3de51cc54c9b,JAF-005,4,330.29
80aab839-64cb-4ba4-8bbb-d3a61dbbff4a,0ee24e4b-01aa-4694-8eda-3de51cc54c9b,JAF-004,6,612.9
6aadd935-55a8-49b8-b34d-840907c37078,a06d1a47-12c4-479d-81e8-4d290b355a2d,BEV-003,3,970.99
74f8a8f1-1987-4263-bfd7-f6abcfa2b326,a06d1a47-12c4-479d-81e8-4d290b355a2d,BEV-005,7,544.93
b4387261-63fa-4d51-a2f5-e5547443fc8a,a06d1a47-12c4-479d-81e8-4d290b355a2d,JAF-004,9,277.75
9e0e49a3-3192-49f4-b109-40eea98e02fe,a06d1a47-12c4-479d-81e8-4d290b355a2d,JAF-001,6,859.72
8f37447a-4a92-4070-9e30-963d7799fb44,d157371a-a0fb-41f8-86e9-feed3d65585a,BEV-003,5,337.03
b7a91024-3756-4071-a6ab-76ace205b298,d157371a-a0fb-41f8-86e9-feed3d65585a,BEV-004,2,762.46
8a18e736-63b6-4cd0-8e25-89df327e7c32,d157371a-a0fb-41f8-86e9-feed3d65585a,JAF-001,5,267.76
2ce25943-e8a1-40b6-a059-4e5ab92caadb,d157371a-a0fb-41f8-86e9-feed3d65585a,JAF-001,4,42.95
94264159-ab63-41ba-9048-3695128f4e19,1da4a0ad-f150-412e-a56f-052f8ff99009,BEV-001,1,389.02
b3d121df-cd66-4698-8a39-8a41f2c431bb,a43a0a15-4144-4c73-a299-bc260641faee,BEV-004,1,752.36
c1c62b75-9818-4f42-bc77-1b94d35714cb,a43a0a15-4144-4c73-a299-bc260641faee,JAF-005,5,416.13
7863dde7-8ad2-4817-b3e5-c99e81d45cf9,429eea2a-db07-4a3f-a015-6322af41227c,BEV-003,2,680.57
bb385e1e-6b6a-4d54-a6c7-eaa7270eb490,429eea2a-db07-4a3f-a015-6322af41227c,BEV-003,1,377.89
58be879b-9703-493c-9361-02bc6e92ef4c,429eea2a-db07-4a3f-a015-6322af41227c,BEV-004,9,155.24
18c82ae7-22d9-478b-8282-7ed2fb6f91e9,429eea2a-db07-4a3f-a015-6322af41227c,BEV-004,6,239.65
447e061b-c541-4364-9025-9a3421411361,429eea2a-db07-4a3f-a015-6322af41227c,BEV-003,4,353.96
dabf4991-b187-451d-9650-023321b60043,429eea2a-db07-4a3f-a015-6322af41227c,JAF-004,4,549.02
086b78c6-49c4-4505-b2d0-97e8383f445e,429eea2a-db07-4a3f-a015-6322af41227c,JAF-003,2,888.12
5a6d0da1-d1cb-4817-9c8b-0859cfda3031,429eea2a-db07-4a3f-a015-6322af41227c,JAF-002,6,586.59
ff076a7a-adf3-4d36-9e84-c97c25229a44,429eea2a-db07-4a3f-a015-6322af41227c,JAF-005,3,510.8
e728de68-420e-43ee-b5ab-8a1719b07c8a,429eea2a-db07-4a3f-a015-6322af41227c,JAF-004,4,914.72
3e66330e-cd5e-47f9-ae81-016d271a7c8f,1b01f4b5-03b3-41c3-8862-7529bf352e1d,BEV-005,2,784.5
e183de97-0c8c-4529-b623-9b0fb1202d64,f21b5c94-db4a-4bf2-9f37-3792df68fe30,BEV-004,5,761.42
7bc5587d-ac95-4a57-8629-af5479a2688b,aab9ff34-ef30-4193-9469-655489a736b2,BEV-002,3,561.23
0cc64ec3-1499-4131-bfce-585525a41ea7,aab9ff34-ef30-4193-9469-655489a736b2,BEV-005,6,28.48
86d794bc-f6a8-4165-a0c8-a4731356839e,aab9ff34-ef30-4193-9469-655489a736b2,BEV-005,9,587.15
36d15ff9-b0be-4eb9-87a5-b1e45aa0ed3c,aab9ff34-ef30-4193-9469-655489a736b2,JAF-002,3,251.1
f7852dfd-4cca-4b25-afe5-acbef6e98257,aab9ff34-ef30-4193-9469-655489a736b2,JAF-005,10,90.1
c326055c-cc43-4425-9c2d-cc04e61a1403,aab9ff34-ef30-4193-9469-655489a736b2,JAF-005,5,406.51
1cadfd4e-1dad-43bc-9389-e18806810ff2,f623546e-b157-4f4a-a3a7-32a83b22b58a,BEV-005,9,727.19
b4f588ec-99d1-4823-897b-ba2844331968,f623546e-b157-4f4a-a3a7-32a83b22b58a,BEV-005,5,341.38
0adf5bb6-ac48-4d93-9416-c9485cf4c0d1,f623546e-b157-4f4a-a3a7-32a83b22b58a,JAF-003,9,458.68
1aaef248-2327-44a7-a73e-84465311bca0,f623546e-b157-4f4a-a3a7-32a83b22b58a,JAF-004,8,194.09
f1925458-4d6e-40d3-8ab9-2b5d6ec2340f,85113651-fd46-4471-86fe-081425abebc6,BEV-001,9,251.91
ead6d12f-8ef5-417c-9057-ec0fbfe07f41,85113651-fd46-4471-86fe-081425abebc6,JAF-004,6,827.19
f313fb52-9bdb-461b-90bc-672ba301ae1b,d36ee957-d49d-4cc2-81ab-0cbfa2bcc6e6,BEV-001,4,995.37
41a37a04-5481-46d1-a2ec-bf2d484e8afc,d36ee957-d49d-4cc2-81ab-0cbfa2bcc6e6,JAF-004,6,358.31
ec49c2a6-28b4-46cd-a8d1-aa15a9969900,b672619f-4861-4a09-974e-5c5cfee28afc,BEV-004,5,329.8
e99330f5-362d-4716-889c-d5024cdc64c7,b672619f-4861-4a09-974e-5c5cfee28afc,JAF-002,1,472.78
88c38b50-69a8-4265-b74f-2f578b80e18a,250bc310-fe73-4784-89a1-7acc80401cab,BEV-002,2,270.88
71c63d8d-47d1-46a6-a73b-23431aed55c6,250bc310-fe73-4784-89a1-7acc80401cab,BEV-003,5,638.85
4d9e6e0e-e5da-4712-9fcc-876fa229bd93,250bc310-fe73-4784-89a1-7acc80401cab,JAF-002,8,979.54
7fb54c00-15b2-49a8-854c-f04651559051,250bc310-fe73-4784-89a1-7acc80401cab,JAF-004,6,62.36
dfb57ff2-6d62-4224-90ce-180c9552dff2,df0f69b7-3ff1-4d4a-900a-aa078733447b,BEV-005,3,636.22
a68379f8-910e-4ae4-bf57-a20d4cb6cf19,dba3bc42-2923-41e9-8f71-217db36e4cf0,BEV-004,4,382.08
aaf0a4d3-a909-48b1-8d1d-bbd300551ee4,dba3bc42-2923-41e9-8f71-217db36e4cf0,BEV-005,6,723.69
c4751fd8-32ce-4bcc-b1b5-fe7d642512e0,dba3bc42-2923-41e9-8f71-217db36e4cf0,JAF-001,6,254.09
4e694f73-b78d-4e64-a0e8-6b4280c0a95b,dba3bc42-2923-41e9-8f71-217db36e4cf0,JAF-005,10,738.28
e28907cd-62ad-4c5a-a335-8d683733b93a,2137ff9b-a698-4b13-aee5-c22c3f1e2144,BEV-005,8,210.44
bc066c2a-1b4c-4a74-84f5-8f9e3f035d7d,9a33a96c-9d10-4c6c-b511-ad5a0f5fef1e,BEV-002,4,970.76
7459bf46-e8a7-4d55-819e-c1ee828b5c99,9a33a96c-9d10-4c6c-b511-ad5a0f5fef1e,BEV-005,3,407.76
89fd33e0-456a-479a-81a5-abd13f06467d,9a33a96c-9d10-4c6c-b511-ad5a0f5fef1e,BEV-003,3,493.4
0aad6df2-a949-4340-bf16-d7fbce0f1773,9a33a96c-9d10-4c6c-b511-ad5a0f5fef1e,BEV-001,4,561.94
6cb370c1-6d55-457d-ab58-6e5cd8a8bde5,9a33a96c-9d10-4c6c-b511-ad5a0f5fef1e,JAF-004,5,421.48
d2dc1adb-eaab-4c1b-afe8-272a34f3b2d1,9a33a96c-9d10-4c6c-b511-ad5a0f5fef1e,JAF-005,3,958.01
00432c6f-5661-49de-a86a-148625a92573,9a33a96c-9d10-4c6c-b511-ad5a0f5fef1e,JAF-001,3,307.53
96005d5a-471f-4d6a-a8c0-6eb7e17c42e7,9a33a96c-9d10-4c6c-b511-ad5a0f5fef1e,JAF-002,7,458.82
6332ca00-729e-4d9a-b5c9-35ddc42bcf90,80aab3fd-b402-4a30-9538-952a6539e955,BEV-001,3,744.89
61332016-02f6-424f-8abe-1a3a3eaab56d,80aab3fd-b402-4a30-9538-952a6539e955,BEV-003,2,696.56
56618807-5400-43d7-b7cd-d5de925ffc5f,80aab3fd-b402-4a30-9538-952a6539e955,JAF-005,7,651.06
c6ba78a3-bbff-4218-97f6-7c78bbee767d,80aab3fd-b402-4a30-9538-952a6539e955,JAF-003,5,197.35
9c32df6b-6fd7-41e4-9425-00eae3d6ce1e,8f620c0c-b2cd-4522-bcf7-64a9e51b4a53,BEV-005,6,958.37
318a4e73-4e9c-48d1-b7b8-340db0bca4de,8f620c0c-b2cd-4522-bcf7-64a9e51b4a53,JAF-005,3,599.24
44d4d89c-803e-4725-a35a-a262e81a7a8f,3310b9bd-c213-4895-bb5d-8e37eb5245e3,BEV-003,7,44.42
91b09837-698c-41cf-a13f-c206ae72017d,3310b9bd-c213-4895-bb5d-8e37eb5245e3,JAF-003,10,507.29
ed91f8de-0eef-47cb-ac8c-19e50a3d286f,3310b9bd-c213-4895-bb5d-8e37eb5245e3,JAF-004,3,779.69
c453823a-2d59-45ee-8e60-bce8e297acd0,e5f6077a-fb9a-4250-83b2-9891d47be52b,BEV-003,10,961.42
25ad0e5f-2586-4a2f-9ce3-f552d63544cd,52e4e6c0-2a76-465b-9ad5-fb50ce9c43b9,BEV-004,1,272.54
f078fbb9-e786-4816-be30-84a6030979cb,52e4e6c0-2a76-465b-9ad5-fb50ce9c43b9,BEV-004,4,112.73
1d922d77-f839-48fe-81fb-d85050f753f5,52e4e6c0-2a76-465b-9ad5-fb50ce9c43b9,BEV-002,5,288.43
90ccc1e6-64a9-4980-a511-46e636ba5fba,52e4e6c0-2a76-465b-9ad5-fb50ce9c43b9,BEV-002,7,55.15
697adae4-1276-45a6-8a69-7ae07e96a17a,52e4e6c0-2a76-465b-9ad5-fb50ce9c43b9,BEV-003,2,218.7
0b947a25-b3ad-4c64-bc5e-08cf622ff876,52e4e6c0-2a76-465b-9ad5-fb50ce9c43b9,JAF-002,10,272.52
343664d5-e651-44b1-963b-7ec5c5f68b75,52e4e6c0-2a76-465b-9ad5-fb50ce9c43b9,JAF-002,2,971.14
47372f32-78e6-4274-a191-74c15d9db0cd,52e4e6c0-2a76-465b-9ad5-fb50ce9c43b9,JAF-002,5,83.94
a9e67b5c-f7a2-4a15-b23c-0b474067395c,52e4e6c0-2a76-465b-9ad5-fb50ce9c43b9,JAF-001,7,10.15
520806b8-e79c-4975-a2f0-8cb3964538ce,52e4e6c0-2a76-465b-9ad5-fb50ce9c43b9,JAF-003,4,661.8
ce29e2f4-e7b0-492d-8195-fae82c0c1def,e4ffaef4-125a-46a6-8616-ac6c356e25d9,BEV-001,4,873.98
20556bf9-9026-483b-9fbd-c8de2aa4a22e,e4ffaef4-125a-46a6-8616-ac6c356e25d9,BEV-001,10,207.6
64aa31f7-1000-47c9-b908-8a79c1b4e361,e4ffaef4-125a-46a6-8616-ac6c356e25d9,JAF-004,2,715.57
31d29590-9080-4172-83c1-4d2e9ffa17bd,e4ffaef4-125a-46a6-8616-ac6c356e25d9,JAF-004,1,340.39
5c212416-d5ab-4700-bdf4-8f8ec1a189a8,e189ae77-768a-4122-bfd4-18d4c22a7064,BEV-005,5,982.13
e0931b89-3249-4ebb-b0f3-924e756ccbcb,e562bc5e-0d51-4fa2-b543-fa1e47ccb643,BEV-003,9,825.19
f4dc802e-5d1f-4648-9cb1-ebe9715e56ce,697d424c-5830-411c-b9d1-e56a666b9822,BEV-003,10,225.65
048894f0-894a-4411-afd8-73f4fd42b72d,4305042c-9deb-4c5c-b3ea-73905fea4402,BEV-004,10,489.04
d9595524-b14c-43d3-a6a4-43fbfdc69493,2537f059-f416-4912-b915-f44772166a0b,BEV-004,6,799.99
1543294d-0a5f-4a14-baa8-306969bf1fad,2537f059-f416-4912-b915-f44772166a0b,JAF-001,7,275.98
9f8e43d6-93e6-4a55-8234-42281a97b5b3,4fa721c6-4fc6-44ce-8fdc-90e7953a0176,BEV-004,5,205.08
506f36b1-32ab-4356-95cc-d8f2ba146e55,b6c6d4f5-8fe3-4393-bb8b-4b6c8daf9cb5,JAF-005,5,949.93
af05a657-fdaf-4128-b63c-a6e2a49b14b4,123ae15c-1531-40c8-866f-27a5d65fc37e,BEV-002,8,386.49
fa1825d7-dca6-4141-b000-b12a86221821,0ec9106f-51ec-448e-8b0f-1d719ff0f08c,BEV-002,5,727.62
48797b19-4339-4915-9555-7b59365a5d78,0ec9106f-51ec-448e-8b0f-1d719ff0f08c,BEV-004,10,50.94
b25d2ea5-ceb1-4e33-9ede-dba5ecc76088,0ec9106f-51ec-448e-8b0f-1d719ff0f08c,JAF-003,6,701.77
13965bda-74f4-429e-ae48-e47c43ae3ad7,0ec9106f-51ec-448e-8b0f-1d719ff0f08c,JAF-004,6,620.45
b8feff9e-dff0-41b3-8497-fb15aef27212,0b326f57-1a44-4d17-8b5f-8e9d7ebbad97,BEV-002,1,90.55
87cf1211-fc49-49fb-bc4d-e611d0531eaa,0b326f57-1a44-4d17-8b5f-8e9d7ebbad97,JAF-001,3,823.36
ba1ec5f3-4b8b-45ea-b0ae-b3cb811b135d,0b326f57-1a44-4d17-8b5f-8e9d7ebbad97,JAF-001,7,359.12
44d39230-dc81-4a25-a28f-182e5d290ddd,24bda0f0-393d-47be-b92e-2d9c5c235868,BEV-001,5,147.66
1632c002-24bc-4288-bf6d-ca8949553a76,268ca9a3-b4ba-4636-be24-4c960bb9a026,BEV-002,10,54.77
3070af46-0cd2-40a3-b5a4-98a4a2551845,f4daba47-0ed8-494b-8ab7-b9cb3a9b341e,BEV-004,4,353.26
6d97d197-5915-44b6-aa5a-546ed22fae01,f4daba47-0ed8-494b-8ab7-b9cb3a9b341e,JAF-004,3,279.41
8b6fcd7f-4b72-4e16-a6a1-7dde4f33ea2e,df0a84fc-fa4b-4373-8811-897b80826660,BEV-005,7,611.3
0bc96f89-c6fe-45f7-acc5-4e9c8b62cb4a,df0a84fc-fa4b-4373-8811-897b80826660,BEV-005,2,802.62
07cedb92-c56f-4c7d-8aac-15246ac46c66,df0a84fc-fa4b-4373-8811-897b80826660,BEV-002,9,525.5
53eea810-d05e-457f-94ac-06f67013ae8f,df0a84fc-fa4b-4373-8811-897b80826660,BEV-001,1,546.96
a45e1a1f-b70b-4956-954d-9b6cc5b7a3eb,df0a84fc-fa4b-4373-8811-897b80826660,BEV-003,9,288.18
612efacb-a1ac-414d-8959-c880ce828c9f,df0a84fc-fa4b-4373-8811-897b80826660,JAF-002,3,547.69
9e697155-5b29-4b1a-b768-77f8981ec173,df0a84fc-fa4b-4373-8811-897b80826660,JAF-005,3,885.1
85a6c409-91b6-4947-8852-daad360b04dd,df0a84fc-fa4b-4373-8811-897b80826660,JAF-005,10,661.92
de497d2e-bbc0-4304-9330-a1530a8c2bcd,df0a84fc-fa4b-4373-8811-897b80826660,JAF-002,10,297.94
34376f36-76c8-4bdd-b86c-e30b7836b0dd,df0a84fc-fa4b-4373-8811-897b80826660,JAF-002,8,684.18
a2c3eb24-4ed5-499a-854e-204842472c76,6736603a-df50-488d-80e1-fba336df32a4,BEV-001,2,38.69
329ef00e-705c-48fb-b67a-8878ca055488,6736603a-df50-488d-80e1-fba336df32a4,BEV-003,6,917.55
a5520ced-3e6a-4a8a-ae90-5fbc56059e95,6736603a-df50-488d-80e1-fba336df32a4,BEV-002,6,362.78
25ce1708-d258-4cab-9167-ea5c2e3f0dd0,6736603a-df50-488d-80e1-fba336df32a4,BEV-002,10,126.78
4cec3d19-e35f-435e-b80c-64ace18be233,6736603a-df50-488d-80e1-fba336df32a4,BEV-003,9,897.86
be329c01-417a-4ec5-85c3-a3552a58c065,6736603a-df50-488d-80e1-fba336df32a4,JAF-002,3,966.84
c434fd08-f3ba-4b4d-abda-6d737aa3f973,6736603a-df50-488d-80e1-fba336df32a4,JAF-003,6,756.8
fa9dad0f-1933-45e4-8ec2-8de2f2f5261c,6736603a-df50-488d-80e1-fba336df32a4,JAF-005,2,38.28
e1c85e5f-14ab-4cec-9d6c-fcfc41a7f72e,6736603a-df50-488d-80e1-fba336df32a4,JAF-001,4,137.48
0586c240-366f-402a-9ace-ced8c7efb8a4,6736603a-df50-488d-80e1-fba336df32a4,JAF-003,6,556.22
ed2d1997-7f68-417e-bdfa-7b0429bf3292,7ca858e5-9e5a-4525-a5d9-feab31eb7b00,BEV-001,2,653.34
c8a580df-949b-48f5-9be6-d92df7220a3b,d1cb0493-cf64-4e3d-a021-fab099c03f4b,BEV-001,1,723.23
44f95dc7-ac66-4fa8-87e3-ab9117138f50,6b528f6f-8214-43aa-b295-10f869055e34,BEV-005,5,440.9
4e7bf34e-2bbd-4c80-938e-962e2535d08d,8e76cda2-49e2-4ad3-aa87-f49cb7946a1d,BEV-001,1,275.19
35039f12-22c7-4b54-9642-a8df88304ec7,8e76cda2-49e2-4ad3-aa87-f49cb7946a1d,BEV-001,8,803.49
1664e160-23dc-4c0e-9eae-c5e3ea67641e,8e76cda2-49e2-4ad3-aa87-f49cb7946a1d,BEV-001,7,277.49
8174296c-6983-49d7-a669-533083bcecd2,8e76cda2-49e2-4ad3-aa87-f49cb7946a1d,BEV-001,6,233.11
4a307d9c-c9d1-4c31-9ffe-6962dca2a30b,8e76cda2-49e2-4ad3-aa87-f49cb7946a1d,JAF-005,10,105.98
cecf89d0-32fc-4e99-9afa-e85a24ffb94b,8e76cda2-49e2-4ad3-aa87-f49cb7946a1d,JAF-005,2,287.57
705af95b-fc1e-4df3-a304-acf32168828a,8e76cda2-49e2-4ad3-aa87-f49cb7946a1d,JAF-004,7,548.5
a76fb023-ff14-45be-83f0-961ceae9ad09,8e76cda2-49e2-4ad3-aa87-f49cb7946a1d,JAF-002,7,84.25
78a75012-7732-4f9d-84a1-e5df88e83658,5c46bf78-7abf-4f81-bb57-ef71544c75cd,BEV-003,6,789.06
8eaf2676-d074-4b8d-a28c-4ae863c74366,5c46bf78-7abf-4f81-bb57-ef71544c75cd,JAF-003,2,72.59
8ac241d3-02e9-47fa-869d-2e957e7200e8,5c46bf78-7abf-4f81-bb57-ef71544c75cd,JAF-001,9,562.52
68b028c4-bf5d-4df6-8a2f-674038c378c8,ca178dd2-9b67-406f-9ea7-3fbd3f4fd64a,BEV-001,5,185.44
365becbc-191f-4d94-be70-f0a01c4357c0,d1f6080e-0e16-4548-8c50-8f6020095492,BEV-004,8,759.39
037fc843-cdba-49b8-b41a-2c4a9e7a42e1,ea1c12a6-8796-4411-b2c2-dda68fc300d9,BEV-004,1,246.83
f105a247-1e8f-4970-b0cf-67ff9eb02139,ea1c12a6-8796-4411-b2c2-dda68fc300d9,BEV-001,1,244.8
d4143359-1ff6-42e2-badf-2b7fc56f4700,ea1c12a6-8796-4411-b2c2-dda68fc300d9,JAF-001,8,952.4
9d59876f-900d-4efa-884e-a4b7cf33ad63,ea1c12a6-8796-4411-b2c2-dda68fc300d9,JAF-001,10,481.5
79f8eb02-cd33-404b-b71c-7f2074d50a9d,3bea936c-3387-4b6a-8f60-c224e814ed2c,BEV-003,5,681.27
1dc61ff0-f1ce-4db2-87ce-a560c170dc71,4c3a44a5-4f9b-468a-9a44-e7249d3df765,BEV-002,5,464.23
b7d6a14f-1c53-4673-857f-c68a3adf6677,4c3a44a5-4f9b-468a-9a44-e7249d3df765,BEV-005,3,351.84
70fc2363-7a64-46fb-9cf8-de3783b7e781,4c3a44a5-4f9b-468a-9a44-e7249d3df765,BEV-001,6,371.23
1b519696-cb2e-4872-82af-dac1e346c55d,4c3a44a5-4f9b-468a-9a44-e7249d3df765,JAF-002,4,553.65
b9a1ba12-c432-49c8-9d93-654ebf66bde3,4c3a44a5-4f9b-468a-9a44-e7249d3df765,JAF-003,1,723.27
7793836a-13fe-4875-b355-c3a1d744f0ad,4c3a44a5-4f9b-468a-9a44-e7249d3df765,JAF-005,4,727.33
a5b82b11-23a4-4b60-aca2-4a28a39e0280,12e08b54-87bd-42d0-9247-5979bb6020cf,BEV-001,4,592.43
3f9d1121-f0c2-4783-9828-e6403b90d382,12e08b54-87bd-42d0-9247-5979bb6020cf,JAF-002,7,116.22
56ede767-0f60-47a9-8518-9cd78d3e89d7,33b9eccf-bb1b-40d2-b50f-92479506cca1,BEV-004,5,293.39
99aa17b5-f24d-43e7-bc3b-b0caf63a2e69,33b9eccf-bb1b-40d2-b50f-92479506cca1,BEV-002,9,862.46
30c2acbc-a24e-445b-a695-29c82480af2d,33b9eccf-bb1b-40d2-b50f-92479506cca1,BEV-004,1,516.58
249f1e47-5bf5-4690-9c27-4deee279fe1f,33b9eccf-bb1b-40d2-b50f-92479506cca1,BEV-005,4,324.04
ec1794a5-58f9-4ddb-82d1-c7643a81b01e,33b9eccf-bb1b-40d2-b50f-92479506cca1,JAF-003,8,770.98
3e3e4a21-32a2-43d8-b5fd-8e7f73e10cab,33b9eccf-bb1b-40d2-b50f-92479506cca1,JAF-003,7,425.11
6534b966-0df7-471b-abba-8e08d9adaaef,33b9eccf-bb1b-40d2-b50f-92479506cca1,JAF-004,8,346.25
9be69011-ad00-49fb-9408-9ca4f9db0e6b,33b9eccf-bb1b-40d2-b50f-92479506cca1,JAF-003,8,655.79
a4e15454-f33c-4c5a-b063-c85c53f1b17a,c2273831-9bda-4d11-9bb2-97474e2ad4a7,BEV-002,2,251.01
b75ab09c-cfe5-4bd1-bee4-83da7e466a45,df23a432-814b-4392-a25b-13c584840c7f,BEV-005,3,736.41
ebd10d47-be99-4509-a0d1-8440831fb947,df23a432-814b-4392-a25b-13c584840c7f,BEV-002,8,215.79
bc9ddff3-a1b0-4860-9209-90bc2e5a747e,df23a432-814b-4392-a25b-13c584840c7f,BEV-001,9,309.09
f53fa11c-79d4-4716-954b-072e44166982,df23a432-814b-4392-a25b-13c584840c7f,BEV-003,9,905.65
02b219e5-8ba4-46a5-90e9-5481adb9b3f4,df23a432-814b-4392-a25b-13c584840c7f,JAF-001,6,967.14
6a0bacfa-7b0d-4603-af68-c1eba291a286,df23a432-814b-4392-a25b-13c584840c7f,JAF-005,9,163.1
b3457ccb-8f52-4b9f-b090-a2381f6a2072,df23a432-814b-4392-a25b-13c584840c7f,JAF-002,5,80.41
f49f3d29-166f-4a86-8e40-f71b8363ae2f,df23a432-814b-4392-a25b-13c584840c7f,JAF-001,5,674.33
04615404-c44c-42cc-a5d2-c8974738d29e,10273d51-e13d-4d41-80f1-b4df71cfee3b,BEV-001,10,438.28
52b02e95-a946-49b7-b5e5-67485c81659b,10273d51-e13d-4d41-80f1-b4df71cfee3b,BEV-004,8,66.09
02d8a4b0-f917-4b87-9244-830866ccb5ba,10273d51-e13d-4d41-80f1-b4df71cfee3b,JAF-001,2,995.91
52b92121-3dd8-4015-b100-ebc95bf1ecc4,db5caa61-f96d-4792-8c3b-0b878dc4a179,BEV-004,10,627.08
038b33c7-1c91-4893-89f5-58a11a54e47c,41f0dd34-528f-44ce-b90e-8e557da64955,BEV-001,8,313.64
4edc09a2-aa18-413d-b8ad-436f620a7c8d,bcd1a448-fb13-4868-b4f3-a82e2c7a2359,BEV-003,1,247.1
56004f6e-5d3b-4e6a-a60f-761ec86ef23b,99b7104c-06c1-4e33-8cd7-ab12f70b9950,BEV-004,2,240.45
45a02a30-9eff-4a80-b7a2-1831a8970f24,99b7104c-06c1-4e33-8cd7-ab12f70b9950,BEV-004,6,115.8
6a49bba0-abe4-4d50-afa9-9f427f218b3f,99b7104c-06c1-4e33-8cd7-ab12f70b9950,JAF-004,3,467.07
c5b470ab-a0b9-4487-b2f7-bf684ecc195e,99b7104c-06c1-4e33-8cd7-ab12f70b9950,JAF-002,2,859.11
b5bcffee-de51-4986-a294-ef48b276a68e,24cb40d2-f8e7-42c6-ac88-33b1c5c32b46,BEV-003,8,289.88
c9c3699f-59d4-40da-a093-b9660360cdc1,24cb40d2-f8e7-42c6-ac88-33b1c5c32b46,BEV-005,1,413.66
47d93da9-93a6-4080-844d-9ba7d2193d79,24cb40d2-f8e7-42c6-ac88-33b1c5c32b46,BEV-004,8,445.3
b7fea166-285f-4691-89f9-6bea43436399,24cb40d2-f8e7-42c6-ac88-33b1c5c32b46,JAF-001,8,274.49
240aab7a-958b-48bd-9387-f14607ae5c9b,24cb40d2-f8e7-42c6-ac88-33b1c5c32b46,JAF-005,10,454.05
ff3457a1-d0f3-4288-b15c-5ef39a690c85,24cb40d2-f8e7-42c6-ac88-33b1c5c32b46,JAF-004,1,339.44
35cf3c28-2083-47bb-978b-a11db9721d73,57927f14-2562-4af0-88f9-b58deb8952ff,BEV-001,5,856.57
8fd70336-7fdd-48ca-bc65-5b161f60513a,ad087936-2396-4e5d-b59a-08a07d909893,BEV-004,10,175.14
f696558b-33d6-4830-b9fb-809f13133c9a,ad087936-2396-4e5d-b59a-08a07d909893,BEV-003,4,22.79
4d822790-f1a4-431f-84a9-3201f22d804a,ad087936-2396-4e5d-b59a-08a07d909893,JAF-005,3,650.3
52c1a8e7-fae9-4b68-8480-8f0b4b4e4406,ad087936-2396-4e5d-b59a-08a07d909893,JAF-005,3,590.83
6376a80b-316c-4625-9a5f-a3c267eb80df,0c288a27-7f14-4c7e-9179-bf881d1a2e8f,BEV-005,2,661.77
3e603140-6112-40b0-b69f-15553aaa809c,6b07e807-4130-406f-b52a-b1058f960d00,BEV-004,2,157.28
063b23b4-5523-4990-8a8c-1ffd698aa4c7,62237e31-b8d9-41f7-887d-0a02990b463b,BEV-001,6,354.52
45088313-3a89-4be4-a18a-ede31466b609,62237e31-b8d9-41f7-887d-0a02990b463b,JAF-001,10,211.73
ee136b27-6862-4594-863c-27992e8db9af,62237e31-b8d9-41f7-887d-0a02990b463b,JAF-005,7,44.81
12e53dfb-7cce-4541-93b9-3288f5af0182,d74c3b1d-986a-4ebf-b65b-eec962384043,BEV-004,5,675.23
8e333ce7-fbda-4eb6-a74f-81958b33cd4f,d74c3b1d-986a-4ebf-b65b-eec962384043,JAF-003,8,727.8
84ead520-c187-485f-85ae-7379937d0c3b,4d63e915-bf05-4bce-bc0f-f0368822650f,BEV-005,5,704.98
225f6c07-f901-437a-ad72-b542a8cb83aa,4d63e915-bf05-4bce-bc0f-f0368822650f,BEV-003,5,480.54
cc9ed3fd-b843-4e58-aba4-b2a83e93e8d3,4d63e915-bf05-4bce-bc0f-f0368822650f,BEV-004,6,224.81
d8157dc6-1b9d-491c-a771-8c96c265513d,4d63e915-bf05-4bce-bc0f-f0368822650f,JAF-004,5,266.98
34719813-30cb-469c-a951-80fa947ef910,4d63e915-bf05-4bce-bc0f-f0368822650f,JAF-002,6,969.11
92fe08a8-0274-48bd-adfe-e6fca347258c,4d63e915-bf05-4bce-bc0f-f0368822650f,JAF-003,8,582.68
e6774f42-ac61-4eff-bc95-be4e7b248181,95b06d3b-f1fd-44a5-9b5f-216084e404fb,BEV-002,4,775.44
f1d35c2c-730d-4ca0-a777-40941dbabd01,95b06d3b-f1fd-44a5-9b5f-216084e404fb,BEV-002,1,829.62
c999839a-c8ec-4606-b1fb-4b60b1a2e9b5,95b06d3b-f1fd-44a5-9b5f-216084e404fb,JAF-005,5,475.25
e46f03a3-666b-4ab2-8483-d4ef342a7855,95b06d3b-f1fd-44a5-9b5f-216084e404fb,JAF-001,1,432.66
b15c04ad-cb5c-4f07-88bc-2ba4c5fb46fc,1d153c81-2f27-4539-bf0c-cc7a828ba02c,BEV-003,5,922.9
ed0fe63f-42a4-4ef7-9160-e0f1f51d2086,4cdc45f9-f221-4da2-8cac-1f902f4015a2,BEV-005,2,984.21
5681ed0c-9bc3-43f9-b5d1-c2e815ae86ea,6e3116d8-8061-4c94-afb6-89baca2031ca,BEV-003,9,963.3
47eac38d-afc0-4c3b-9e24-d26fb495affa,6e3116d8-8061-4c94-afb6-89baca2031ca,BEV-005,7,147.75
4364e7ce-f35f-475b-8118-53d495385bf1,6e3116d8-8061-4c94-afb6-89baca2031ca,JAF-002,6,740.04
ba26ffe4-4557-4e33-9b25-434da1905a53,6e3116d8-8061-4c94-afb6-89baca2031ca,JAF-001,9,983.57
6280b72f-f349-4151-9a12-a30b44df1a4d,cbe5865b-3438-4cd7-8453-707a22ae1bbc,BEV-002,6,79.74
008b78c0-698f-451d-90c7-f47f4f5b28e1,74f01db9-0794-4475-b046-8535fd7680a9,BEV-004,10,572.19
7493b34c-780c-42ca-83ce-90de82925efb,74f01db9-0794-4475-b046-8535fd7680a9,BEV-005,1,804.12
5a7bb35a-7772-4e4e-85fe-2ce7040ace0f,74f01db9-0794-4475-b046-8535fd7680a9,BEV-004,7,468.03
90d9626f-977a-445c-ad86-48120d84ae9e,74f01db9-0794-4475-b046-8535fd7680a9,BEV-003,5,540.01
ccc4369e-cb3d-4bc5-afd4-62679e099bf2,74f01db9-0794-4475-b046-8535fd7680a9,BEV-004,6,907.71
21c3d150-6a48-4003-a898-09b6c66c7826,74f01db9-0794-4475-b046-8535fd7680a9,JAF-001,1,667.4
ec8189e0-0023-407e-9e38-ef8fc3af138b,74f01db9-0794-4475-b046-8535fd7680a9,JAF-004,7,980.75
7f58fbb4-0ea1-4bd8-9bf4-57d647c4da0c,74f01db9-0794-4475-b046-8535fd7680a9,JAF-005,5,778.45
4e12d05a-946e-4a2a-b5b3-fa96ba11799e,74f01db9-0794-4475-b046-8535fd7680a9,JAF-003,10,919.58
8695ed36-ddb1-4067-abbd-e16d03e53727,74f01db9-0794-4475-b046-8535fd7680a9,JAF-004,7,560.54
77ea6ea4-11f5-4a1e-8535-7995967b2730,705933d5-a9b6-4ae8-b03d-f8b207329930,BEV-001,2,379.23
16eaf2dc-9f1d-4791-a4b2-cae2d1da5f0b,705933d5-a9b6-4ae8-b03d-f8b207329930,BEV-005,4,45.57
1274540f-ec46-40b9-be85-877ad80ee2f2,705933d5-a9b6-4ae8-b03d-f8b207329930,JAF-005,1,49.66
f80abee8-d2e6-4640-8301-70ba71174999,705933d5-a9b6-4ae8-b03d-f8b207329930,JAF-001,10,721.05
292ea17b-2506-421c-976e-0336062d5c58,0c8d077d-93da-4cf7-b7ad-483dd5fd082b,BEV-002,2,476.02
49311406-c918-4d39-8815-0022f227f516,0c8d077d-93da-4cf7-b7ad-483dd5fd082b,BEV-001,1,632.65
f7c1bdac-02fc-4f67-a255-57760b4c6640,0c8d077d-93da-4cf7-b7ad-483dd5fd082b,BEV-004,2,565.76
626ef670-1361-4220-afd6-8f0a1300a469,0c8d077d-93da-4cf7-b7ad-483dd5fd082b,JAF-001,3,152.91
566006a4-1432-474e-9a15-3af91f4e603c,0c8d077d-93da-4cf7-b7ad-483dd5fd082b,JAF-001,6,539.39
d0a828ab-c640-414d-a93d-9d8531c7c9f3,0c8d077d-93da-4cf7-b7ad-483dd5fd082b,JAF-005,8,237.68
1ea8c284-9730-412a-b114-aad9e0c13fb6,16d09ff3-80f5-4907-9caa-ae1e4c046606,BEV-002,9,225.29
66a06885-1177-41aa-b13a-47f1ba20a7ea,16d09ff3-80f5-4907-9caa-ae1e4c046606,JAF-002,7,697.75
bc9e8b57-fcce-42f0-bc4a-6f4e333cc19d,1c1529fe-d243-472a-ac7e-ee56275362e7,BEV-002,2,636.11
24845a06-5045-4037-80ef-775d97235e36,bc26f944-1aeb-4a1d-8689-9c955a18fc03,BEV-003,8,35.11
39ef5012-30fe-4785-840a-283798674e49,bc26f944-1aeb-4a1d-8689-9c955a18fc03,JAF-004,3,845.14
904ada5e-a5c3-4e8b-af43-2acb004fd7cf,d01e9ff0-fe87-4cd2-ae15-ca2125ca41bd,BEV-001,9,650.25
bf299985-26b6-4a0e-9fc4-c96ab62c2005,acc279f6-008c-4025-bced-f7901f07ef04,BEV-004,8,849.17
079698db-ae5f-48e6-b3ce-f6399bcd6b95,acc279f6-008c-4025-bced-f7901f07ef04,JAF-001,5,842.37
a85570f0-000f-4bfc-b5ac-cf57472c0b2e,d54384fd-5bcb-40d4-81ba-8a9c2c4bc7fb,BEV-004,5,880.49
d6db27a0-e0be-4100-89f1-df36149b3e3d,d54384fd-5bcb-40d4-81ba-8a9c2c4bc7fb,BEV-004,3,493.05
7f92a14d-c509-4d3b-86ee-a9976c647cc9,d54384fd-5bcb-40d4-81ba-8a9c2c4bc7fb,BEV-005,5,101.59
08973473-d905-4658-8438-54bb962ca525,d54384fd-5bcb-40d4-81ba-8a9c2c4bc7fb,JAF-002,5,100.67
a8f2f983-bc70-406f-a097-e38beae6d28b,d54384fd-5bcb-40d4-81ba-8a9c2c4bc7fb,JAF-003,10,252.1
06125dfa-68c2-46c4-b555-63b80d4c8287,d54384fd-5bcb-40d4-81ba-8a9c2c4bc7fb,JAF-003,2,43.05
8ebbb4de-62f9-4aa0-918e-809177acb7d6,3ee592e3-5ae5-43dd-a6f7-3f91f5ddeb79,BEV-001,5,30.66
74dd4bd9-0e86-4b8f-816f-6ebf93c8e443,721481cb-c260-472a-8e5a-ae11c66e1865,BEV-003,1,900.26
4b5ec0e2-67cd-4a10-be68-05ac47364eb5,721481cb-c260-472a-8e5a-ae11c66e1865,BEV-003,9,626.83
abfb78d0-aef8-4b9c-a856-2033b6cc2987,721481cb-c260-472a-8e5a-ae11c66e1865,JAF-005,5,16.78
6935d362-b134-4db0-82a6-0844198237d0,721481cb-c260-472a-8e5a-ae11c66e1865,JAF-002,10,794.53
9123a7b5-9b3e-421b-9ec8-acfce9643109,6203b5f4-bda7-4849-8a2b-0c9d0ca23b86,BEV-002,7,161.08
378b9ced-bd99-4189-afeb-e1c3002e0cbd,6203b5f4-bda7-4849-8a2b-0c9d0ca23b86,JAF-001,4,335.7
bd5c67ce-59e2-428a-bd89-47c5ad521c9c,6203b5f4-bda7-4849-8a2b-0c9d0ca23b86,JAF-005,4,671.55
f472f499-ea67-412e-bb1b-0caf4d5e38cb,25ff1246-2d1c-4418-9b78-ee7ece907f2c,BEV-004,8,751.87
c4e42336-c123-4b7f-a8ba-2afcd30aa70c,25ff1246-2d1c-4418-9b78-ee7ece907f2c,BEV-003,3,13.55
2fcd0e1e-7a6b-4895-bde9-e61c6d450f50,25ff1246-2d1c-4418-9b78-ee7ece907f2c,JAF-002,7,521.37
a99bfbfb-8e87-4693-b4df-f602b47920e4,25ff1246-2d1c-4418-9b78-ee7ece907f2c,JAF-003,9,431.78
dadf936b-e51e-441b-9257-190e5c33c373,682a4d32-baeb-4679-af46-7cd2e9a26c0e,BEV-004,8,749.87
dde58a1d-af7c-414a-a76b-927b4d8b0ab2,74acbfa4-da15-41d2-93e1-7eeec81ee26f,BEV-001,3,519.73
a3114015-5378-4541-8ea8-49b6eb155d25,84429ad9-530d-47c8-a81a-5c2137ec6f1f,BEV-001,9,508.34
057974b1-a55e-4052-91b4-0f483adc6c83,84429ad9-530d-47c8-a81a-5c2137ec6f1f,BEV-002,10,977.66
c2b9d6a4-4702-4faa-a52f-0ebb5744352d,84429ad9-530d-47c8-a81a-5c2137ec6f1f,BEV-001,9,580.56
a6d308a5-3799-4777-b260-d54ddf889537,84429ad9-530d-47c8-a81a-5c2137ec6f1f,BEV-005,7,706.14
6f430d5d-b58d-469d-be97-c8984e554e01,84429ad9-530d-47c8-a81a-5c2137ec6f1f,BEV-001,4,550.25
6e7e0d1b-0124-4f9e-b9e0-911192784ea3,84429ad9-530d-47c8-a81a-5c2137ec6f1f,JAF-001,6,722.65
b01a7515-5f81-4e42-af01-79e5fa41fbdb,84429ad9-530d-47c8-a81a-5c2137ec6f1f,JAF-001,5,830.45
db1dc749-368d-4b18-9bd2-4a9e6e69a2ff,84429ad9-530d-47c8-a81a-5c2137ec6f1f,JAF-002,10,164.26
7a5431dd-6500-460c-bc58-03673413c613,84429ad9-530d-47c8-a81a-5c2137ec6f1f,JAF-004,3,162.57
fba1223f-2cf1-48ec-8db4-e7c0674ca5b9,84429ad9-530d-47c8-a81a-5c2137ec6f1f,JAF-001,1,154.18
e37f0cf7-182a-4b58-a88c-8bc3700e9194,88827417-486b-4828-8a07-4ef30bed5800,BEV-004,8,343.24
be154bd1-01c7-47fc-bf3b-2bac7a881c55,d923f2a2-57d6-4a5a-a125-8ae980dfff6e,BEV-003,1,548.88
2020ab25-34d3-4f71-90cd-3a199a093768,d923f2a2-57d6-4a5a-a125-8ae980dfff6e,BEV-005,5,897.08
90d9ad10-3593-4739-9b81-0addb203bed5,d923f2a2-57d6-4a5a-a125-8ae980dfff6e,BEV-001,7,33.1
67510b70-8f6d-4dcc-8ad3-a19195d3ee37,d923f2a2-57d6-4a5a-a125-8ae980dfff6e,JAF-005,4,941.26
02817bc7-904a-4c0a-b557-b331653fdbc2,d923f2a2-57d6-4a5a-a125-8ae980dfff6e,JAF-001,10,35.3
21549965-ae9d-4463-a636-8652e559989a,d923f2a2-57d6-4a5a-a125-8ae980dfff6e,JAF-004,7,403.72
ec5cb5a8-c70e-4272-9bfc-3dae7312bac6,ab441427-e5d4-4461-a460-8cea365c5f0e,BEV-003,10,11.47
acab4d6e-2f65-4f00-b32b-60d8b1d0b6aa,8c788cd2-d4ad-49aa-87bb-79271d6a1b86,JAF-003,1,702.34
6096f56b-b462-4241-8a6d-50b4b7316e08,8c788cd2-d4ad-49aa-87bb-79271d6a1b86,JAF-001,10,792.91
a8266ec8-4a47-4542-b588-e78d76f61004,63d38dc7-d191-4414-9e93-20580bab0c27,BEV-004,3,358.97
272ba601-3775-4ce1-9463-4e670d7d8914,69aba25f-4cfc-4c3f-a6c3-b2380f9de0f4,BEV-005,8,680.0
14609ab7-a3bd-4606-8b80-d31827eb44c7,69aba25f-4cfc-4c3f-a6c3-b2380f9de0f4,BEV-001,9,945.96
8e691817-6100-4886-9396-8b9a97b78322,69aba25f-4cfc-4c3f-a6c3-b2380f9de0f4,BEV-004,5,562.86
78836cbb-b22a-4f6b-902a-79e7a771bd1f,69aba25f-4cfc-4c3f-a6c3-b2380f9de0f4,BEV-004,4,56.0
78dff722-ed15-4f25-b871-3a79a850010d,69aba25f-4cfc-4c3f-a6c3-b2380f9de0f4,JAF-003,1,815.19
d87eb497-4565-4d36-8782-e012bcbc03f9,69aba25f-4cfc-4c3f-a6c3-b2380f9de0f4,JAF-004,7,607.83
369f9e75-f01d-46a8-9ec0-b8e67229a378,69aba25f-4cfc-4c3f-a6c3-b2380f9de0f4,JAF-001,9,976.77
75992bdc-fea6-4448-92f2-7cbf877e3386,69aba25f-4cfc-4c3f-a6c3-b2380f9de0f4,JAF-003,5,125.91
1777a40d-e0fe-462f-98d0-209ff96e2e1e,44e91a70-6ccb-4ddd-bcd4-933103a80a61,BEV-001,10,324.56
002d7361-7793-43e3-a703-ca96586266d3,44e91a70-6ccb-4ddd-bcd4-933103a80a61,BEV-003,7,931.89
c4c97e96-6b8c-406f-b995-1c4abf51b606,44e91a70-6ccb-4ddd-bcd4-933103a80a61,JAF-002,2,409.58
b34c91ff-5da7-4004-9df2-72b7b727d56d,44e91a70-6ccb-4ddd-bcd4-933103a80a61,JAF-001,7,308.37
70c7ed9c-72b0-4f79-ab09-e2827c2be2ba,63424871-159c-494b-a492-66314100f0d9,BEV-005,5,614.76
51480cde-7382-4877-a8f8-8c9ff68420b1,41182795-aeae-41ee-87d3-4b8df266c9eb,BEV-004,6,728.94
756e54de-f3b4-421b-88e8-63938e4598cf,8e0c34ea-6563-4d14-87cd-09208ba7cdb9,BEV-005,8,696.34
cf0d77f8-bd31-40f8-8323-b0df0c300812,8e0c34ea-6563-4d14-87cd-09208ba7cdb9,BEV-005,3,31.86
13e5e58b-c918-437a-8826-375d07be6981,8e0c34ea-6563-4d14-87cd-09208ba7cdb9,BEV-001,2,583.11
24dba40b-ba22-4fb6-8b7e-f2df5fd7540e,8e0c34ea-6563-4d14-87cd-09208ba7cdb9,BEV-004,6,258.24
8f1a1838-9f4e-42f0-b7de-a718fdfb51d1,8e0c34ea-6563-4d14-87cd-09208ba7cdb9,JAF-004,5,726.95
d12e527b-c7e9-485f-94f0-3b10144d5d1d,8e0c34ea-6563-4d14-87cd-09208ba7cdb9,JAF-005,3,29.17
7160e7df-11c0-4035-aa01-e6e085cf9506,8e0c34ea-6563-4d14-87cd-09208ba7cdb9,JAF-005,6,72.85
22a29a6f-5afb-4dc2-9a26-597271006170,8e0c34ea-6563-4d14-87cd-09208ba7cdb9,JAF-003,5,405.01
a107bffd-6fa9-4733-bbd3-2fd4a34d41be,bedc52bd-af80-434a-a4a7-da1cda4948a1,BEV-003,10,699.08
8a49b2f5-656b-435c-97b8-14ca6ddd4c85,392792f0-6415-4a7f-960e-12edb77416f6,BEV-001,7,626.21
0df25ad4-b464-4494-9f38-ee29a08a22df,2c8ef9f0-0cde-4ca3-a898-a982ca87e323,BEV-003,2,481.89
41ef0016-9429-481b-88b2-2d60b7324b4d,1b4e3d1b-e1a7-4145-9519-7e0a2e8e2f3e,BEV-001,10,629.07
7efb5271-cc1b-40c8-aa37-ad63f8662e86,1b4e3d1b-e1a7-4145-9519-7e0a2e8e2f3e,BEV-002,3,822.15
afa1087c-4ec8-4423-881d-7816f62d2c9e,1b4e3d1b-e1a7-4145-9519-7e0a2e8e2f3e,JAF-005,9,635.22
8d909384-2c1e-4d6b-b00c-1362c22eafcc,1b4e3d1b-e1a7-4145-9519-7e0a2e8e2f3e,JAF-004,6,451.07
adaa97d1-c499-42ab-a440-91feb72a8cb5,6b79c9f3-40f8-480d-9843-0a9d4151a05a,BEV-003,4,378.28
cd8659ef-eb2b-4b88-b69e-1892f5fcdc46,e23fc68f-9eff-4955-81c7-a814c81849e7,BEV-001,7,766.41
23eedadd-fb75-4ee3-b7dd-2399d6e1d5e9,09f409bb-447a-4e6b-907f-7e9eab3008e2,BEV-002,5,863.48
0d12c7e2-37ed-4cc1-b0ca-24a9839abc85,09f409bb-447a-4e6b-907f-7e9eab3008e2,JAF-002,4,671.22
ef5ec12e-67d0-4873-b955-a0c02af63b89,09f409bb-447a-4e6b-907f-7e9eab3008e2,JAF-001,1,335.39
83a8cfc7-7357-4273-a95a-21cd364e4320,63dba178-8b6f-4bd8-946d-f117de901052,BEV-005,8,427.8
6af98ac7-c557-4fce-b877-e0b2897a59db,63dba178-8b6f-4bd8-946d-f117de901052,BEV-003,1,925.46
b6a37274-ca66-4a75-adc6-97bc701af2e4,63dba178-8b6f-4bd8-946d-f117de901052,JAF-002,7,718.9
934b7c95-aad6-4d39-ac39-ac526c924fe2,63dba178-8b6f-4bd8-946d-f117de901052,JAF-002,9,704.48
96ebf45b-cb87-4e17-9514-77b709ff2250,a1f25ded-10a0-4abd-8f13-f3ebccf23beb,BEV-003,10,446.11
7177e616-2981-4e6a-9c88-9c10e2131ff0,a1f25ded-10a0-4abd-8f13-f3ebccf23beb,BEV-001,1,626.61
629c340c-ad98-4c3b-a20c-5c14943ab5ab,a1f25ded-10a0-4abd-8f13-f3ebccf23beb,BEV-005,5,642.91
3476d8f1-ad24-42e1-a415-348bcb11b2ab,a1f25ded-10a0-4abd-8f13-f3ebccf23beb,BEV-001,2,18.42
f6271cad-b70f-4ed3-b4ed-b3523ffe76ea,a1f25ded-10a0-4abd-8f13-f3ebccf23beb,JAF-001,7,860.8
17d8b9ca-1038-4f17-bff3-07d7593b0238,a1f25ded-10a0-4abd-8f13-f3ebccf23beb,JAF-002,7,343.05
694347d6-fd6c-451c-a9a5-c2288feb9d8a,a1f25ded-10a0-4abd-8f13-f3ebccf23beb,JAF-001,8,108.09
80094301-ef2c-416d-a3a6-dae4eac1e6f5,a1f25ded-10a0-4abd-8f13-f3ebccf23beb,JAF-002,9,233.36
489a6f82-de3f-4e05-9e92-96ebaa4be539,3b0c3a04-fa57-4fe2-945b-8916f92d43b7,BEV-004,9,244.28
81faae55-fbc0-49dc-9186-619b13388787,5711e307-0bf8-4848-ace4-05def310f700,BEV-001,7,831.52
53a8699f-4c03-4460-a65e-668e104b527b,5711e307-0bf8-4848-ace4-05def310f700,BEV-004,3,960.48
d549ec1d-1388-49bd-a1df-8d0043399e74,5711e307-0bf8-4848-ace4-05def310f700,BEV-004,10,898.06
b37835df-8969-4811-a5a0-edc7b6326f94,5711e307-0bf8-4848-ace4-05def310f700,JAF-001,1,669.38
bcdd2460-f0c3-4cb7-aeed-14d859b39410,5711e307-0bf8-4848-ace4-05def310f700,JAF-002,8,423.62
5a8a9b4f-c457-4f73-b341-5fe51cf4cada,5711e307-0bf8-4848-ace4-05def310f700,JAF-005,8,508.72
323a3cf3-de56-4ba0-907f-abcc852e9b29,64f9e554-c385-4192-9293-db998f0b4d81,BEV-001,3,420.73
53f7e65e-f6c9-4d9b-983b-29b3ad6a541c,64f9e554-c385-4192-9293-db998f0b4d81,BEV-002,1,922.56
3bbcfe43-51c9-4734-8041-47dcaa3af7cc,64f9e554-c385-4192-9293-db998f0b4d81,BEV-001,5,436.41
043da648-68e3-4661-b58b-437b65af46e3,64f9e554-c385-4192-9293-db998f0b4d81,JAF-004,10,217.92
7f8f9aa1-54b7-41bb-94b2-dbb9c4bb42a6,64f9e554-c385-4192-9293-db998f0b4d81,JAF-001,2,944.73
fff55156-2b66-4daa-93a1-d3228851a8fe,64f9e554-c385-4192-9293-db998f0b4d81,JAF-004,8,463.66
c0c369c7-6cec-4f60-95c4-f962949947e3,bed5c46d-e4ed-4514-a206-d76a94c5f4c6,BEV-003,5,900.47
9b6211d4-d2b0-4aab-8a69-a10a0528e50a,9ba5751b-8048-4e66-9794-5c4db7820f1d,BEV-004,5,515.83
fdaaab12-c2a9-45e5-9dbf-673f9f30b3ec,9ba5751b-8048-4e66-9794-5c4db7820f1d,JAF-004,9,774.46
80af21f1-f42e-47b1-859c-62ddf4e1e91d,4b9e7460-b147-4b56-b13f-984f49df6e93,BEV-001,5,425.05
e50506db-c5c5-4cfe-bfc7-55211438bf44,4b9e7460-b147-4b56-b13f-984f49df6e93,JAF-003,1,609.4
7b1ff42c-144b-4167-a903-187aec3081c2,874766be-8864-4edf-91d8-05a696987c62,BEV-002,9,802.18
de92a0b5-390d-4e83-89ef-d143a97175a7,874766be-8864-4edf-91d8-05a696987c62,BEV-002,2,572.31
34c86153-052e-4479-8584-0c964902b445,dfe0ff4c-8b7d-4a80-9656-58cd9f504ec8,BEV-005,9,428.36
2b354b7d-4850-4bcf-b38a-841ac1eab5b8,dfe0ff4c-8b7d-4a80-9656-58cd9f504ec8,JAF-003,3,303.11
c21598d7-3e9b-452e-a0f4-e9e89fbe08d3,6ddbe0c7-db5a-48d8-a189-f834b1121239,BEV-001,4,409.8
b9ec882b-b3d5-4a2f-bcd6-28635d3629f9,6ddbe0c7-db5a-48d8-a189-f834b1121239,BEV-003,3,275.19
a90c6768-91be-4885-93aa-5e9fc16911cc,6ddbe0c7-db5a-48d8-a189-f834b1121239,JAF-002,9,236.17
0c4a9dd6-5b84-4eb6-8809-ab8b392d5035,6ddbe0c7-db5a-48d8-a189-f834b1121239,JAF-005,9,634.67
99089e53-7327-410a-81bc-e8c42f42ea93,0d6e92e0-d1ee-40b8-bc37-4316b088c163,BEV-001,4,29.79
95f080a0-8496-4e15-b6d9-140e0b7b55b4,bb501a12-994d-4205-8cb7-19880cb2f617,BEV-001,9,191.64
5cb8ddec-5e27-4faf-9445-48306f31e49f,bb501a12-994d-4205-8cb7-19880cb2f617,JAF-003,3,566.33
977d48c9-5951-479f-96f9-80d153021792,b20ff18c-ee17-42ff-89b6-7ef3faa4f6b4,BEV-004,4,978.19
00580294-ef65-46b9-a4e1-2f091cea089f,d9b6af37-0858-455e-8f69-beba0ee111b4,BEV-004,6,676.15
4c477f9c-64d0-4e78-b249-f3de394f138c,d9b6af37-0858-455e-8f69-beba0ee111b4,JAF-004,9,633.34
649d1694-aa30-4037-8bc8-76fd61481600,aa85c589-d0f2-4f10-8a0c-a03a7431ec88,BEV-004,2,917.95
f38e3c90-e9c0-4a73-9dc5-f96bdc9698de,aa85c589-d0f2-4f10-8a0c-a03a7431ec88,BEV-004,1,406.54
e00e3416-3966-4593-8c8e-83213bdaa76d,aa85c589-d0f2-4f10-8a0c-a03a7431ec88,BEV-002,5,908.54
805c2be6-ee77-4f8d-a89b-e1009cfb718a,aa85c589-d0f2-4f10-8a0c-a03a7431ec88,BEV-001,3,564.94
16ef624e-40bc-47d8-847a-da89d5fb1b1d,aa85c589-d0f2-4f10-8a0c-a03a7431ec88,BEV-001,6,423.61
fa2b9a70-c9c6-44c1-9ed2-f68162359431,aa85c589-d0f2-4f10-8a0c-a03a7431ec88,JAF-001,6,536.19
517ca11f-14da-4da0-ab8a-b9aeb854f45a,aa85c589-d0f2-4f10-8a0c-a03a7431ec88,JAF-005,4,205.84
81d4b9a4-fb41-497a-8de9-a3f25b244ce3,aa85c589-d0f2-4f10-8a0c-a03a7431ec88,JAF-001,2,719.69
2e9332db-846e-475c-bc03-a25571e51c8b,aa85c589-d0f2-4f10-8a0c-a03a7431ec88,JAF-002,6,856.81
fcd4bf27-e816-4303-bd0c-7a663f30bc04,aa85c589-d0f2-4f10-8a0c-a03a7431ec88,JAF-003,8,339.44
805d10e8-4d9c-428d-93f7-3aaed32bb497,673b0e31-7652-4ca3-9130-85521939f2dd,BEV-005,5,574.1
093a179e-c2d3-42db-aef9-388823de8fb1,c3dfee64-67f6-473b-887e-339d624883d0,BEV-001,10,520.31
97b038c1-df01-41de-b9e4-9f012e4a67eb,c3dfee64-67f6-473b-887e-339d624883d0,JAF-003,3,493.69
0e113f58-677b-4573-88fc-285534133742,9d2f9121-544f-4e8a-8213-04a531b3356e,BEV-002,2,121.92
45912829-1cee-41f1-b6f8-38d069bd5ad6,56e8f368-f96f-416a-9239-dca8c05c03c2,BEV-003,9,90.87
b91dd997-98c6-4cbc-b226-ec411e6a05e1,37813625-c22e-43b2-9f5b-aa8f8a206c13,BEV-001,6,659.27
339e7bd3-b990-4ec2-aefd-8375431093a5,37813625-c22e-43b2-9f5b-aa8f8a206c13,JAF-003,6,690.97
98815bea-ee7a-4b13-86ae-dbf84ad188d1,53319257-ca9e-46e0-9e52-204450417bb8,BEV-001,4,152.16
fd29a7d8-55d3-4f06-b049-46cc0d9d6a4c,53319257-ca9e-46e0-9e52-204450417bb8,BEV-005,10,694.2
1b2b459e-80ae-4513-abe6-b341dce98c5c,53319257-ca9e-46e0-9e52-204450417bb8,JAF-001,6,880.99
2d977324-b46f-48c8-9c77-b0e7a73745c6,53319257-ca9e-46e0-9e52-204450417bb8,JAF-003,7,701.99
e8e2e449-1f5d-4841-ae38-0cdd1c6121a0,66f9247e-c644-417d-8c9d-a2a91504ff46,BEV-003,9,730.7
68ce5a66-e254-4ec5-8da0-4311d603c195,8b5b234b-75c6-4232-90b3-d37ded997a67,BEV-002,3,449.02
ec8fe0ac-c18a-4c3d-a7f4-86f0c8c859c7,2a1acefd-0c55-4f2d-87a5-725a97d0b9a2,BEV-002,4,549.6
c406dded-ea4d-4301-9424-a170fb569aa1,bc2c030e-a328-4f31-885d-270a7d443ddf,JAF-005,4,210.24
1566ca19-9cf6-410d-8c0a-b2f26b3c4a90,bc2c030e-a328-4f31-885d-270a7d443ddf,JAF-004,6,20.5
4b6f5c37-4b67-402c-be1b-d94405fd20bf,0b96ac11-3481-4d8f-9fd6-2a5616c7d2c0,JAF-003,6,407.92
c5d1956a-c0a2-4958-a3a1-a5b18fca036f,0b96ac11-3481-4d8f-9fd6-2a5616c7d2c0,JAF-005,10,525.62
a8a3fd2b-3be6-449a-9b31-f219db3588f8,0b96ac11-3481-4d8f-9fd6-2a5616c7d2c0,JAF-002,1,633.21
3b094902-2691-4174-8eff-075dcb550091,93f869c3-04ec-47bb-91c2-6df1a4522801,BEV-002,8,165.95
19f66860-67b8-4847-93f2-ccfebf4f8b92,634e5619-d717-469f-afed-66d21e6de520,BEV-003,8,310.57
3796d42d-beb3-4198-b224-39a085ad0f31,eb0c3486-0daa-4820-93e3-d2a665ffa42a,BEV-003,6,34.56
c6c7cf31-d5dc-49ea-bc7c-489baf9b9469,eb0c3486-0daa-4820-93e3-d2a665ffa42a,BEV-005,4,485.84
d5225496-1f02-4664-80c8-3dec342165b6,eb0c3486-0daa-4820-93e3-d2a665ffa42a,JAF-001,8,439.9
ae88b00b-d223-4b8b-bb22-d25b06efea9e,eb0c3486-0daa-4820-93e3-d2a665ffa42a,JAF-002,9,69.84
190e2a80-6802-4251-b76a-789d8a99f33c,5219eae0-8c37-428d-9e69-25634e3427ad,BEV-004,3,122.88
01229627-2ba3-481c-8ed0-50d86f89b93f,5219eae0-8c37-428d-9e69-25634e3427ad,BEV-004,4,626.76
7400fa23-a318-4323-92c9-5e875c1573d4,5219eae0-8c37-428d-9e69-25634e3427ad,BEV-002,8,864.99
bf63e6ae-97cd-4b6e-a69e-1d7a5953c3d0,5219eae0-8c37-428d-9e69-25634e3427ad,JAF-005,2,593.46
985b6f8a-32e7-4987-9ad3-9e87a0398d62,5219eae0-8c37-428d-9e69-25634e3427ad,JAF-003,4,707.74
98499fae-47ce-41dc-919d-f7acf82ca14f,5219eae0-8c37-428d-9e69-25634e3427ad,JAF-001,3,966.1
b5322f7c-2ffc-4d5b-b124-3d5dd393a28e,b2cc0d6d-ef27-407e-ad94-5c9b3072a26b,BEV-005,1,986.26
762b8ad4-0447-42d4-a934-92fb9c9a1560,67289995-d108-4310-9b7e-da37e286aaf7,BEV-005,6,13.55
38698f39-76d2-46e6-bddc-992624a04af8,58478f5f-49c9-4c58-ab44-a87a595d406f,BEV-001,2,654.41
80aae8de-cae6-4108-8af8-4668e68b5059,58478f5f-49c9-4c58-ab44-a87a595d406f,BEV-005,1,934.27
7ec512fb-aa54-4b0f-811b-b6044a51e37c,58478f5f-49c9-4c58-ab44-a87a595d406f,JAF-005,5,552.28
d5dbba69-3138-4c2c-ae93-4158836ff1e1,58478f5f-49c9-4c58-ab44-a87a595d406f,JAF-002,10,853.38
76f3b615-a468-4860-826d-f11f3a69d576,f5fabe7f-a000-40e9-91ea-db20572330f6,BEV-003,2,974.36
cfb6d925-c21a-4bc5-8d87-8ebfe5539b1c,c1a2e308-8af5-4b6a-ab83-7196a9030f11,BEV-005,6,773.1
177d0b47-7ebd-42f4-afdd-25d18de8b90e,c1a2e308-8af5-4b6a-ab83-7196a9030f11,BEV-003,3,463.27
8541b6bd-2283-47ec-806b-3763a98c5f87,c1a2e308-8af5-4b6a-ab83-7196a9030f11,BEV-002,9,78.93
7a0e6511-bd9a-428b-8b5b-f20a536b7faf,c1a2e308-8af5-4b6a-ab83-7196a9030f11,BEV-003,1,660.08
375c8c9e-fd33-442f-b40d-1970ccfa01ec,c1a2e308-8af5-4b6a-ab83-7196a9030f11,BEV-002,6,564.07
a771f1bc-78d3-43fa-9c1a-66c7a240e080,c1a2e308-8af5-4b6a-ab83-7196a9030f11,JAF-003,7,353.08
6e26864a-aee4-4ff4-a4df-3f80a796ed05,c1a2e308-8af5-4b6a-ab83-7196a9030f11,JAF-004,3,662.4
a4f0b07b-2a7b-4f89-91eb-5309edaa8a57,c1a2e308-8af5-4b6a-ab83-7196a9030f11,JAF-001,6,379.06
6bf74305-7a8f-442d-8527-aa8e9d5d36fe,c1a2e308-8af5-4b6a-ab83-7196a9030f11,JAF-003,1,252.24
c4c2b6b2-f066-42e1-8dd8-70a944ce4183,c1a2e308-8af5-4b6a-ab83-7196a9030f11,JAF-003,10,239.85
1f911660-978d-48e5-b20f-4ec510f8f09e,4ebc27ed-7f6a-47fe-b6eb-745ca4fbe71e,BEV-004,4,923.18
6e329919-eb6a-4afa-b1f7-82d319010dd7,4ebc27ed-7f6a-47fe-b6eb-745ca4fbe71e,JAF-003,4,515.34
8d96682b-0000-4ede-833a-42bb17634cab,ca0a78aa-6710-4e5d-922f-ba7ee1caecf5,BEV-003,8,848.48
b8bc6820-1b28-4d87-83de-422c4a9d6350,7882a941-af21-4062-889f-505e2f0fb5d6,BEV-002,4,191.45
cf58c63f-e4d8-48ea-98e8-00c8df8ec3e6,7882a941-af21-4062-889f-505e2f0fb5d6,BEV-002,8,928.13
49e8e901-4bbc-4c50-b147-6aa8accb282a,7882a941-af21-4062-889f-505e2f0fb5d6,BEV-005,6,399.03
9649b089-4062-4fa4-9dee-16118e3bf464,7882a941-af21-4062-889f-505e2f0fb5d6,BEV-003,3,802.26
dc18bbb7-42d5-4ae8-aada-3996487b0f28,7882a941-af21-4062-889f-505e2f0fb5d6,BEV-004,1,590.58
c686f83b-87a2-43fa-922c-8f47aeed33f0,7882a941-af21-4062-889f-505e2f0fb5d6,JAF-002,6,971.82
5264cd02-b386-4676-b4e0-c2663c443767,7882a941-af21-4062-889f-505e2f0fb5d6,JAF-003,3,345.37
07be67d8-1a8f-473a-aa73-cf4314c337f2,7882a941-af21-4062-889f-505e2f0fb5d6,JAF-005,1,20.47
9e9a5004-09a6-4daf-843b-aca80eda749b,7882a941-af21-4062-889f-505e2f0fb5d6,JAF-001,7,681.52
318bd67f-0e3d-4add-89dd-8b1d6eef8d35,7882a941-af21-4062-889f-505e2f0fb5d6,JAF-004,2,789.74
fe4e09b0-72af-44a8-bf26-05de8c2e6c01,1993ee1c-f6d5-4702-bef2-e8f2a2612605,BEV-004,10,717.87
86368057-53a0-4283-9efe-bb9eb22cbfb8,1993ee1c-f6d5-4702-bef2-e8f2a2612605,JAF-002,9,161.51
0580c42b-ae5c-445e-895e-31dcdf4eb3ba,f074a636-a1fa-4c53-a994-8e58dcaf3ba8,BEV-001,6,958.23
d3c3b6b5-36f8-41c7-8fd9-c1302bb165ed,f074a636-a1fa-4c53-a994-8e58dcaf3ba8,BEV-002,2,168.6
98f807a9-3e56-4acf-8241-24504212ac1d,f074a636-a1fa-4c53-a994-8e58dcaf3ba8,BEV-005,6,164.24
454fe72a-da53-4d25-97b9-7893fa81566a,f074a636-a1fa-4c53-a994-8e58dcaf3ba8,BEV-005,10,332.67
f82ed598-c111-4ca4-8ccf-f6a98f31ccd2,f074a636-a1fa-4c53-a994-8e58dcaf3ba8,BEV-003,2,250.4
0037614a-85d5-4a13-b711-08a00b8dd7f4,f074a636-a1fa-4c53-a994-8e58dcaf3ba8,JAF-003,9,650.7
faaf35b0-285a-4e47-b9e8-cb5acf1159d8,f074a636-a1fa-4c53-a994-8e58dcaf3ba8,JAF-004,3,459.87
feb399d0-58f7-4ff7-84b5-efff84bf5bf0,f074a636-a1fa-4c53-a994-8e58dcaf3ba8,JAF-002,2,848.5
ac754929-0373-4601-ace9-d48d9fe1aa75,f074a636-a1fa-4c53-a994-8e58dcaf3ba8,JAF-002,7,668.26
8ee2eead-e7fa-49cc-a39b-7235290f79d6,f074a636-a1fa-4c53-a994-8e58dcaf3ba8,JAF-002,1,392.87
59881447-b9e6-46e2-a93f-7c701b52801a,85b7548a-ea54-41f4-aa5a-87a9914da211,BEV-003,8,139.05
f09e9d81-7851-4953-b5e6-898e817c33d1,71772e38-c0f4-4ebe-8cb6-b62904cc9997,BEV-001,9,848.0
0c7e7b91-560a-47dc-9ad6-91acb7e3c8c9,465e7b0b-f320-4e0a-ae41-99ec44ddfd15,BEV-005,1,341.65
0437ee02-3a4b-41f7-8e59-0ec7494afaab,cd7d87a7-7560-4d83-a91f-7a59260b24f0,BEV-001,2,934.77
cc39e858-85e7-4dc0-894f-eff3f7b53887,cd7d87a7-7560-4d83-a91f-7a59260b24f0,JAF-001,10,737.76
c19c9df6-82ee-47a4-9d20-c92d818609ef,2ac53124-7791-4b56-93d2-758e935ed88a,BEV-004,4,951.23
ad197c22-91dd-42f6-9408-615b6da60c67,6ce976e5-1a45-4586-a012-8ef10f13282f,BEV-002,9,64.1
93f9c9b3-e87d-46c5-ab6c-d9881595cb0b,6ce976e5-1a45-4586-a012-8ef10f13282f,BEV-001,2,803.88
fdae8cc1-0206-4992-b17c-4d7162d89c6e,6ce976e5-1a45-4586-a012-8ef10f13282f,JAF-004,7,310.15
0f539488-3268-48c7-8461-edc3d1a5006d,6ce976e5-1a45-4586-a012-8ef10f13282f,JAF-001,6,437.54
da264130-30c5-4ea5-9939-2ec743c9c49b,f48a6752-ae48-49cb-9d51-b15f1a228917,BEV-002,6,160.08
5157d899-dd02-4030-9fd0-f1ebff5e0005,1df5d787-c8f1-4052-a517-bece0ab56bad,BEV-003,7,866.33
95db7635-81d4-4a4a-bdd5-3f4c13722cea,3aa32d63-e50c-429c-8bf8-e990caa8a22d,BEV-004,5,936.26
2fe4bf46-387d-40ee-b3e5-9e64de688d67,e8f694dd-c7ea-4a3d-bb2f-db555416a118,JAF-002,2,404.21
52446dec-7096-43b6-a630-0c16545490a7,e24ea4bc-5141-4429-afdf-fca1731150f0,BEV-001,4,783.47
893d29de-b3ed-4c2f-a20a-7a6b13fbc189,24bcf20b-90f6-4e8d-91c1-290b217e96e2,BEV-002,4,624.36
f2a2111e-e7a5-4469-a2d3-5c13367a2bb4,24bcf20b-90f6-4e8d-91c1-290b217e96e2,JAF-005,10,485.46
660ed5db-e710-4058-b900-dc26ff95738f,3c8f27e0-c31b-4cfd-8311-364ad3dd24d2,BEV-005,6,149.78
e4811282-e2b8-414f-a50d-8e2fb1974215,fa5147b3-451d-4a71-9bc8-a0a46927cccf,BEV-002,1,120.3
bda983b2-96cf-4b7b-8f9c-409fe860f2f4,fa5147b3-451d-4a71-9bc8-a0a46927cccf,BEV-003,8,719.93
2b88dc59-eb3a-4315-b618-ba7f06a8cb33,fa5147b3-451d-4a71-9bc8-a0a46927cccf,BEV-002,3,607.84
1883b2e2-adea-4034-a574-ee1294377b30,fa5147b3-451d-4a71-9bc8-a0a46927cccf,JAF-005,6,604.79
edf7d8b1-3e83-4e97-b29f-47f82f424b58,fa5147b3-451d-4a71-9bc8-a0a46927cccf,JAF-004,6,127.89
952e385e-4703-49cf-a0b6-0cac6803c54b,fa5147b3-451d-4a71-9bc8-a0a46927cccf,JAF-004,5,628.92
39f7ed5e-e352-4bf2-8c6b-92fd58e4c5d2,e34f8067-fc28-4e45-9eb7-039c1c7439c6,BEV-003,6,718.95
551f47df-47f8-4a47-91d7-580d72b80790,e34f8067-fc28-4e45-9eb7-039c1c7439c6,BEV-005,1,809.37
e74f5cde-6077-4324-ba40-6f2d001d4ece,b379c2a6-424a-42d3-b524-0b42b657b908,BEV-001,5,313.13
8951f023-a6e6-434f-9b92-a4ded6d06aa2,b379c2a6-424a-42d3-b524-0b42b657b908,JAF-001,1,416.76
0b8f37dc-f8fd-4d0a-a7c3-4242f265f7e0,697ba000-3d83-4849-a087-08d68214da8f,BEV-004,5,823.17
bd5db2b4-f677-4c5b-9e6d-598e326bb636,ade1bb9c-59a3-4fcc-a4c5-55d263d7c7b8,BEV-004,9,383.95
db6b33d8-5c3a-4d83-b198-8564d87b1391,ade1bb9c-59a3-4fcc-a4c5-55d263d7c7b8,BEV-004,8,793.9
9929c84c-a798-40e1-bd3b-45846c8cc3b3,ade1bb9c-59a3-4fcc-a4c5-55d263d7c7b8,JAF-002,9,602.78
fa84af0b-d201-4153-9e51-4137ecc3f88b,ade1bb9c-59a3-4fcc-a4c5-55d263d7c7b8,JAF-001,2,951.45
2133285a-e96e-403d-8dc5-9ee2e085a49c,28dafba2-e6cf-4918-9a68-059b4c4a2109,BEV-004,6,162.49
afe0f7eb-923c-4a54-aafc-2b17118483a8,042b8de4-13b2-42ee-abb2-2e11f6a45bee,BEV-005,2,235.97
4cd9dbdd-a957-46fb-9746-52a595032b4a,042b8de4-13b2-42ee-abb2-2e11f6a45bee,BEV-004,6,188.59
c2c8464b-32a3-432c-b4bf-a13fda4a3e1d,042b8de4-13b2-42ee-abb2-2e11f6a45bee,BEV-003,10,22.15
a022e482-2c9a-47e9-b2b5-cb3e85987554,042b8de4-13b2-42ee-abb2-2e11f6a45bee,BEV-001,5,165.69
e1ddfc8d-3470-45ed-9b3c-7e3e01afd105,042b8de4-13b2-42ee-abb2-2e11f6a45bee,BEV-003,5,202.24
9f67990d-ebc4-44d2-994f-9654b91ef303,042b8de4-13b2-42ee-abb2-2e11f6a45bee,JAF-003,4,738.82
f46a715f-7315-48b0-9ead-77e196965cb5,042b8de4-13b2-42ee-abb2-2e11f6a45bee,JAF-004,7,104.23
676f8911-0a54-4fb5-b7dd-054dcfa8a54d,042b8de4-13b2-42ee-abb2-2e11f6a45bee,JAF-002,1,877.82
2b7470fd-8899-42d9-b072-61123a935c6f,042b8de4-13b2-42ee-abb2-2e11f6a45bee,JAF-001,7,96.88
5be95e0d-2595-4daa-aec3-ef621849d46c,042b8de4-13b2-42ee-abb2-2e11f6a45bee,JAF-005,8,598.93
d88a79ad-2050-4837-abc3-90a4aa4a4208,fcac7f08-12f2-4514-a69d-36a4a807e5b9,BEV-005,3,232.45
350327ca-aa0e-435e-80e6-4fbe68e3e062,12e85d28-350b-4d4c-8535-2af49b451c75,BEV-003,7,806.44
bafdc2b7-755c-4b19-9707-e92fc93fb8d6,cdcd9268-2dec-4173-b86c-2a7da8852010,BEV-005,4,460.01
1ec15efe-b586-4671-9cfe-3d5f1eb299d1,33b89d83-8fa6-4063-bc7e-3f528dda292b,BEV-005,1,394.79
f299e868-5d48-4cb6-be54-e560470c0136,68ebe3ec-765d-469d-983b-d26b5a6b6f0e,BEV-002,2,564.05
afd7ed3d-1fe9-4aa7-a31f-aa3fa38cfc18,4237b7cc-2897-44c1-acf3-4e8aa4dbdbd8,BEV-003,4,245.25
55762ec1-7e4b-4809-a023-735bd2489e67,7bc9b7d2-7d54-4a74-aa4f-eabc6adb24d9,BEV-003,7,660.3
d03044aa-6bec-4be4-bb81-0a6d506d70b9,7bc9b7d2-7d54-4a74-aa4f-eabc6adb24d9,JAF-004,9,754.83
5a97e2a1-cef5-4027-9c4d-dee5f30f3e1f,817b8227-253d-4c8c-aa6a-73fdb5080fee,BEV-002,9,524.1
cbe3464c-60e7-472b-ac34-34d7aee399a4,66ba0419-9e8a-4a9c-a130-52a91c150f1c,BEV-003,4,971.51
a5a9ef5c-7a38-4c59-b271-90ecf39d7fcc,c886df3f-351e-419b-a5b4-58ce8e797b41,BEV-003,8,307.35
52276571-1e96-4635-a059-e0c2c95334bc,c886df3f-351e-419b-a5b4-58ce8e797b41,JAF-002,5,873.31
1505022f-0058-443b-84d8-8ea98a7ef354,47da9430-e8fa-4a7b-b717-0fbb16045b1d,BEV-004,3,606.12
f5751f76-c4d9-4b3f-a13f-5dbedb46c94b,47da9430-e8fa-4a7b-b717-0fbb16045b1d,JAF-001,1,166.32
6ef8e85f-7445-4242-891a-d3f5c574b41c,bc9973c7-dc69-477d-8b0c-7078446c1d02,BEV-004,7,878.98
3722b590-54cb-446b-8a0c-bb816be24563,bc9973c7-dc69-477d-8b0c-7078446c1d02,BEV-003,7,538.26
ba4e7539-e38f-4f77-b654-848c774a3ef9,bc9973c7-dc69-477d-8b0c-7078446c1d02,JAF-001,2,456.54
12580ae1-97a5-4d96-b401-f12329558929,bc9973c7-dc69-477d-8b0c-7078446c1d02,JAF-002,3,244.57
0f93c4b6-3f00-4263-915c-9f964cace98d,2a8a1946-5da1-4d25-8177-af5e410bcc02,BEV-003,4,168.64
8103736c-795c-4fcf-9af2-6661f3964526,2a8a1946-5da1-4d25-8177-af5e410bcc02,JAF-004,1,67.47
a3df1a96-6138-4456-857f-3afc48d9dfff,bd59c554-0c8a-4eb6-82b4-15fd2c60df4e,BEV-003,1,562.61
3eb2c275-ba8b-49c6-bd30-91322ff58c81,bd59c554-0c8a-4eb6-82b4-15fd2c60df4e,BEV-003,5,852.15
e916f49a-bbdc-4690-a0a4-0d8bb44603d2,bd59c554-0c8a-4eb6-82b4-15fd2c60df4e,JAF-003,9,913.3
e2f01041-0817-46dd-b1ea-b413277c8760,bd59c554-0c8a-4eb6-82b4-15fd2c60df4e,JAF-004,1,534.34
e48acaf4-d8a5-4f3d-974e-f446a498a722,8d0f9fd9-cf91-4167-be3e-2c00816aae5c,BEV-005,10,527.6
ea8019f2-b7d1-4142-9547-94e98f0f7e73,944ba93e-ce93-4480-a4c2-9038c9cbc44b,BEV-005,8,227.11
61ca80e4-58f1-40e4-9f44-044d7324d066,5449f026-94bf-42a3-924a-e938e91540aa,BEV-003,9,795.97
9afe07f6-53fb-4ce1-8e86-e74d0dbd3a0a,67bd03dc-e6d6-43b8-af6c-c42906e9b6d0,BEV-004,9,608.15
023f07bf-069f-4312-a947-f3ff789b11d0,27f98961-bdd5-4f0c-9134-92fc38415300,BEV-002,1,53.63
2f7c71eb-b5dd-4732-be40-1b5ebe879e35,f6f8a247-fa83-4b1b-98fd-1f3382d418f8,JAF-002,4,82.95
ae330f49-fdd3-4832-8125-ae63a5bbea08,f6f8a247-fa83-4b1b-98fd-1f3382d418f8,JAF-003,4,872.07
90fbff7f-88ca-4607-b55e-cc463b393c3f,3b953a3d-dd21-4a58-ad30-1ca6c4f82afe,BEV-003,5,935.68
16cd224f-02e1-4b6e-b8c1-5eac9b0ce46c,3b953a3d-dd21-4a58-ad30-1ca6c4f82afe,JAF-003,8,600.48
fd63db4d-93db-4598-9474-73c817681b2c,18df1f78-fd3b-4b4c-9365-01dfc93050c0,BEV-005,10,259.37
b595acc9-bac6-45fa-a091-16cfb453ed2c,18df1f78-fd3b-4b4c-9365-01dfc93050c0,JAF-002,8,646.47
7a63938c-bc5c-4350-ace3-6f238f082286,ae44c3ed-f438-4e40-9943-fa971cca38b4,BEV-002,10,449.54
aec6e06b-42a9-46df-b74c-0bd9aefd7e77,ae44c3ed-f438-4e40-9943-fa971cca38b4,BEV-001,8,726.61
f21c6ae5-ecda-4175-baa1-366034669921,ae44c3ed-f438-4e40-9943-fa971cca38b4,JAF-005,3,692.52
5e3efedd-1546-4f80-9d53-395bbd17e373,ae44c3ed-f438-4e40-9943-fa971cca38b4,JAF-003,5,169.15
de2d0dc3-c09b-48c9-a89f-bab420ea78fc,560d9488-6140-4fbf-b61a-e7505e640086,BEV-003,1,455.06
346023ae-9bd7-463e-b275-cf13937cf084,560d9488-6140-4fbf-b61a-e7505e640086,BEV-002,7,477.69
631b8ba7-1a7f-403c-8353-da1ac75b47b0,560d9488-6140-4fbf-b61a-e7505e640086,BEV-001,10,382.29
0d5e1cca-1529-4512-9714-2240bb6a9782,560d9488-6140-4fbf-b61a-e7505e640086,BEV-001,7,809.52
0c523298-e736-48e0-aade-8e5147258922,560d9488-6140-4fbf-b61a-e7505e640086,JAF-002,2,283.57
683dec9c-f78f-4e0f-948a-1c4912c8da84,560d9488-6140-4fbf-b61a-e7505e640086,JAF-002,3,761.24
df223ecc-4c0b-4eeb-8d4c-557f31000495,560d9488-6140-4fbf-b61a-e7505e640086,JAF-001,10,490.87
c1757ce8-6302-4758-80b4-050d73253a15,560d9488-6140-4fbf-b61a-e7505e640086,JAF-005,3,958.71
bcc60b8a-674b-434d-9e0e-06739035f1b5,878b5fce-82f6-4bec-876a-c0ec01c854b4,BEV-004,4,736.75
34fd03e1-158f-41b0-85c5-24a98007315e,878b5fce-82f6-4bec-876a-c0ec01c854b4,JAF-004,3,499.5
98c972b8-62c9-4bbc-9147-717a5d07c297,f1a04606-f579-4668-8535-bf20d14371a8,BEV-002,3,68.26
701c16b9-55c2-482c-8347-5c3e8c92e5f8,472ec034-9e54-4c26-a1f1-5ccf5b1fa6a6,BEV-005,7,694.85
544f210e-ee4d-469a-825f-55e0630b2284,472ec034-9e54-4c26-a1f1-5ccf5b1fa6a6,JAF-002,1,721.01
ea914899-fe55-496d-8766-e52ab19a1a90,8b4ce133-08a9-4d2c-b4b9-919fa0797bb4,BEV-001,9,174.44
5cb39a45-b7ba-4d21-9105-03cecb894144,deb673e0-ee0d-48ea-b158-3ab396073164,BEV-002,6,682.04
71f5ca1e-5dda-41a2-9cd5-ee42c01badc8,bd90fc36-7e63-4e22-b8ee-f3e6dc208042,BEV-002,10,367.57
b2fab820-8528-4ff9-a4b8-16e65af9dedb,3fea3cf8-5aa8-4e30-90ed-56db1851456a,BEV-005,10,368.29
a7057dbc-2e0b-4289-b7a9-4c289e3354d0,3fea3cf8-5aa8-4e30-90ed-56db1851456a,BEV-005,5,35.1
8659dcb2-a8e4-4133-94c5-14af1517a463,3fea3cf8-5aa8-4e30-90ed-56db1851456a,JAF-003,2,625.69
5bd26728-58fe-4d7b-b792-e22397783dba,3fea3cf8-5aa8-4e30-90ed-56db1851456a,JAF-005,5,852.06
186b223d-82be-4376-802d-d5c962eddd53,70a62a6f-149f-4b8d-a064-7aa6d223072f,BEV-002,4,492.6
d0ec70cb-b76a-4f26-9539-4d6c7b818fb7,34ad4b3f-1318-4d62-b144-6209bb41de95,JAF-004,4,276.02
5ea7cbea-d2e8-4be3-9b70-389ef66e9d36,34ad4b3f-1318-4d62-b144-6209bb41de95,JAF-002,7,291.45
7eb995e6-6008-4a30-84e4-fac3ed768352,34ad4b3f-1318-4d62-b144-6209bb41de95,JAF-001,6,416.47
a7c5dde2-8c15-49ff-b639-8b777dbdb4d0,4dcaf8a0-ba64-4937-9d27-66af0f7a9e82,BEV-005,8,536.61
47d4fdf6-a68f-4ceb-af0c-bf127ab90f6d,4dcaf8a0-ba64-4937-9d27-66af0f7a9e82,JAF-003,6,641.22
f518f221-6b1c-4192-97da-ab5acc7a9dc8,4dcaf8a0-ba64-4937-9d27-66af0f7a9e82,JAF-002,2,399.9
564c8d84-02dd-4c9f-9990-25c84cd82309,ae0e7ebc-55e5-4429-9e20-809eba540449,BEV-003,10,997.72
2c4507c0-876e-4c75-a155-59bf743cdde2,ae0e7ebc-55e5-4429-9e20-809eba540449,BEV-002,8,389.56
733cead4-9b1d-40e2-812f-457f49f8f359,ae0e7ebc-55e5-4429-9e20-809eba540449,BEV-005,6,146.33
6bf1400b-95e5-4ebc-9b29-8643ce2a770a,ae0e7ebc-55e5-4429-9e20-809eba540449,JAF-005,10,176.44
c3ebfc2d-666f-4e38-bf22-47c543694ef5,ae0e7ebc-55e5-4429-9e20-809eba540449,JAF-003,1,454.17
4e3b6f2f-b1f7-4e44-9f7f-5a5f271da398,ae0e7ebc-55e5-4429-9e20-809eba540449,JAF-002,4,922.17
a24044a1-50c7-43d6-b347-8f366829e5e3,eb67c718-afc4-4a5d-b440-4a6bd133ffc0,BEV-004,6,111.51
e1445415-99f5-4ea5-9444-9984fe66c47d,eb67c718-afc4-4a5d-b440-4a6bd133ffc0,JAF-002,7,401.19
4f4fae9e-9c6b-4b66-9316-c268f1a1d56a,b7c21c68-873e-4cb4-847e-72ab3542ff3e,BEV-001,6,119.43
c0ab270c-f221-4359-a8b5-885ad796cd2f,b7c21c68-873e-4cb4-847e-72ab3542ff3e,JAF-002,5,644.76
0a36dee3-8f51-4f8a-9e55-78a512da6ee7,3abb1029-90b8-4b31-8670-ea7bfb824a58,BEV-001,9,161.5
5eecdef7-5295-451a-9cbb-1f866107818a,dfb6283a-855d-455e-b77b-fc589db43412,BEV-003,9,655.37
8054049e-6886-4021-845d-9cbd775e0c2f,df0ba642-2afb-4cd1-9239-93d47a188131,BEV-003,8,791.02
fce52c3c-6096-4524-9447-df69eb82c70f,5d608f57-0dd5-4d71-9777-f76ab4e63715,BEV-004,3,480.99
ca8d0a0b-f0cf-4fc5-8c40-d45cb7f342ab,c2129946-05c4-4a8e-8a46-74b2010e1800,BEV-003,3,786.16
1ec610ca-8549-444c-aeb4-68fdfafa2a7f,c2129946-05c4-4a8e-8a46-74b2010e1800,BEV-001,9,65.74
7cbe88d3-1a94-437f-b7ef-6a58ee1bd4d9,596aea1c-b464-4cae-a772-bb0c07c8bbee,BEV-003,1,773.29
94f992c7-6ae0-4538-a211-8bf32f6337d5,596aea1c-b464-4cae-a772-bb0c07c8bbee,BEV-005,9,875.59
19de0ef2-dcef-4119-a006-8a13887c200b,addef789-babe-41b5-9705-07690dfce4a6,BEV-001,3,288.98
01b46d76-f7d5-464f-a416-09c2c5e6578d,0d2e5060-62ab-4afe-bce1-cf5573d597f3,BEV-004,9,348.75
c7fb4b7e-7f35-4ac5-ab6c-a28c1822c06c,e5ac9bbc-e980-433b-852e-93e9ab435cb6,JAF-002,1,593.22
75b36261-06f1-40f6-a6c1-a5d22aed1c3d,729ce66b-da85-4448-87b1-e6e8c7745e4b,BEV-003,10,509.63
d502f2d5-1c34-4b96-a384-f6667c15eebc,302dbf2f-d13e-4795-9deb-0eaf15f1120d,BEV-005,10,819.47
caa27ff3-dccd-4fb1-b087-6cf1df3ebe75,302dbf2f-d13e-4795-9deb-0eaf15f1120d,BEV-003,3,302.08
10a60a61-1eff-4c57-9d17-6110893e1bdf,302dbf2f-d13e-4795-9deb-0eaf15f1120d,BEV-001,5,425.51
ec5be3cd-fd6f-4c10-9c9e-620c0e37e813,302dbf2f-d13e-4795-9deb-0eaf15f1120d,BEV-004,3,225.61
c1af6a4d-6ea4-4235-9b7c-18d613a75660,302dbf2f-d13e-4795-9deb-0eaf15f1120d,BEV-004,7,550.53
062e1ff1-1510-4d29-892b-d2efd0a96baf,302dbf2f-d13e-4795-9deb-0eaf15f1120d,JAF-001,3,734.66
b4c3ce6a-4993-45e7-9348-9698220a557c,302dbf2f-d13e-4795-9deb-0eaf15f1120d,JAF-001,3,783.38
7b30ec33-6524-4968-8f5f-958389040a26,302dbf2f-d13e-4795-9deb-0eaf15f1120d,JAF-001,4,763.24
4f771972-009d-44b7-b763-40bbaee42308,302dbf2f-d13e-4795-9deb-0eaf15f1120d,JAF-003,1,512.2
573cd55d-c9d9-4c61-ac5f-d12a974a2db6,302dbf2f-d13e-4795-9deb-0eaf15f1120d,JAF-002,9,981.61
25c11637-21a5-45f2-a525-4eedff51ecdb,4e14d9fa-559f-4bb7-a76f-a199e8adae13,BEV-004,5,11.18
51533105-8b23-4e7a-835c-1b785a2749f2,709f0d61-0be6-47e5-8382-fb917d362e55,BEV-004,2,804.52
9405b25f-456e-41b7-a881-43c966b67420,709f0d61-0be6-47e5-8382-fb917d362e55,BEV-001,8,259.52
f0b3e64d-6193-408a-ab57-98d2dec3c6fc,709f0d61-0be6-47e5-8382-fb917d362e55,JAF-001,7,963.85
26fea465-f77c-4489-ba06-719f84f7c23d,709f0d61-0be6-47e5-8382-fb917d362e55,JAF-004,3,850.4
3dde516d-032c-423a-b12c-697f8c1f1fef,d44e19e4-1dd9-4a21-a408-1c51e360717a,BEV-001,4,883.79
b93fd92b-875f-4e50-95c5-aa01fb843604,d44e19e4-1dd9-4a21-a408-1c51e360717a,BEV-001,6,787.98
b06071da-14fd-4cc2-8f53-4ee191cd251a,d44e19e4-1dd9-4a21-a408-1c51e360717a,BEV-003,4,164.14
5559645c-bb59-495f-98e7-5837e8f66891,d44e19e4-1dd9-4a21-a408-1c51e360717a,BEV-004,5,393.79
e2b63400-1969-41bf-abcb-e4fd924f559e,d44e19e4-1dd9-4a21-a408-1c51e360717a,BEV-003,9,500.77
600c0cd2-058b-4bf2-b657-bc42e8f73c6d,d44e19e4-1dd9-4a21-a408-1c51e360717a,JAF-002,5,249.4
f932bc28-a20f-4bb7-b821-86dc81d1fa99,d44e19e4-1dd9-4a21-a408-1c51e360717a,JAF-002,4,974.46
a063af96-173e-4d08-873c-791a3ad39441,d44e19e4-1dd9-4a21-a408-1c51e360717a,JAF-005,7,268.19
5dadd844-39da-47ac-bf5a-3719ae60c271,d44e19e4-1dd9-4a21-a408-1c51e360717a,JAF-005,7,401.3
3ebb388b-8a82-46f8-8b6e-86486656aa2a,d44e19e4-1dd9-4a21-a408-1c51e360717a,JAF-004,6,765.27
1ee75301-1130-4302-b892-ddb3a9f8980b,b220cc7f-4600-4300-9500-ae06e67e9b80,BEV-005,8,249.09
c859b50c-baa0-48f0-80c0-73e75ef60e75,4300daa4-7941-4e2f-9d34-59fa1496777a,BEV-002,8,94.41
a082af2d-70ac-4d1b-9689-5d8e8cd88449,4300daa4-7941-4e2f-9d34-59fa1496777a,JAF-002,5,25.71
29b15367-c7fe-4477-842a-150f8ee5c9e6,5096a7ae-f7e8-4987-878f-37899d475f16,BEV-005,10,465.56
6fe9c717-b46f-4df8-9c47-f2e057f17c8d,5096a7ae-f7e8-4987-878f-37899d475f16,JAF-002,1,302.97
03a1805f-b93b-4cf3-9647-6f5e1ad4918d,beebc73b-7750-448f-b86b-81e9a1c913c6,BEV-004,10,113.71
eff485d5-1fe4-4805-8316-97bda2a6290e,beebc73b-7750-448f-b86b-81e9a1c913c6,BEV-001,8,641.83
93b1b97e-2641-4333-b8a6-c57319b84105,beebc73b-7750-448f-b86b-81e9a1c913c6,JAF-003,6,504.23
e3394eaa-4673-4fb4-b400-13bdefd6a98c,21c79dbc-3582-421c-a6a8-cbf533b21b83,BEV-005,5,119.03
ef08a031-6ba3-4a32-8b49-0a7c11748f02,21c79dbc-3582-421c-a6a8-cbf533b21b83,JAF-002,9,82.3
52b14238-3fb9-46bb-82e7-4d6d823df74e,c2d8649c-f37c-431a-8353-05952969a4ba,BEV-001,8,609.25
de150746-4626-4939-a203-55ce05bb21a0,c2d8649c-f37c-431a-8353-05952969a4ba,BEV-001,1,776.19
92778158-b6bd-40d2-811d-49bb66d562e9,c2d8649c-f37c-431a-8353-05952969a4ba,BEV-001,8,963.06
b4b3539e-0a56-43da-967a-4fdb29c5d8bc,c2d8649c-f37c-431a-8353-05952969a4ba,BEV-002,10,29.21
3113a864-bc62-4032-81cb-59430716155c,c2d8649c-f37c-431a-8353-05952969a4ba,BEV-002,10,493.16
2003d5ba-f5d9-4bc9-be0c-84ead6291500,c2d8649c-f37c-431a-8353-05952969a4ba,JAF-003,2,784.81
fada1bc0-10b4-44b3-9af6-400d4d00d466,c2d8649c-f37c-431a-8353-05952969a4ba,JAF-001,10,919.58
73f4f9de-281f-4c6a-97ed-9168dd494f1e,c2d8649c-f37c-431a-8353-05952969a4ba,JAF-004,8,736.71
53e95f64-cbda-43f6-9bcc-2d27f82c5bc8,c2d8649c-f37c-431a-8353-05952969a4ba,JAF-003,8,860.69
8edf1788-64e4-4d9c-9484-2dbf64ad3194,c2d8649c-f37c-431a-8353-05952969a4ba,JAF-005,2,440.85
e8911acc-fecb-46dc-bcb7-6f583722e6f9,fb297344-6c80-4187-8524-5ead6b3d88fb,BEV-002,6,240.05
687cc030-cddf-4f10-935f-9abd309b0712,fb297344-6c80-4187-8524-5ead6b3d88fb,JAF-003,8,866.86
ab382da2-9813-45b4-a2a9-4c919943e964,ad998f54-79a9-4993-9d6c-1fb07b3d5025,BEV-005,4,904.3
16ed444f-33c9-4346-9b18-5c16ef7d422f,ad998f54-79a9-4993-9d6c-1fb07b3d5025,BEV-003,1,470.26
a3d60bbb-1e98-4a27-b54f-55473bc09438,ad998f54-79a9-4993-9d6c-1fb07b3d5025,JAF-001,6,596.26
cb0fdcac-3539-457b-968b-31f053269a2f,ad998f54-79a9-4993-9d6c-1fb07b3d5025,JAF-005,1,772.5
8e66a9f6-701b-4481-96e0-f722a9ae97ab,401203fb-d18a-47c9-85cd-2451d42f787d,BEV-005,6,501.52
35174394-1ee1-489a-a23e-4d27d56379b6,26f34457-92d6-4409-afb4-00d6b15452a6,BEV-005,8,802.84
ddaa9694-1f0e-4716-b559-d054fe329a3b,26f34457-92d6-4409-afb4-00d6b15452a6,JAF-005,10,621.85
f8910fe7-9ac1-422d-865e-03c69a113c0b,1e8cd558-2a5c-480e-a964-9bf329ab1ead,BEV-002,10,399.78
78af65f8-989f-47d4-b860-960ac0d92646,19c45744-3bbf-4c7e-9276-f5b4daf214e7,BEV-002,8,702.92
3ec4c0b0-0b2c-4046-a9f0-cb1313c9fa3c,19c45744-3bbf-4c7e-9276-f5b4daf214e7,BEV-002,5,599.96
376e7c57-4a17-46bc-beb6-e0ef1025e7d4,19c45744-3bbf-4c7e-9276-f5b4daf214e7,BEV-003,6,907.73
2cc34b25-1777-4083-a0cb-d9a723a4efeb,19c45744-3bbf-4c7e-9276-f5b4daf214e7,BEV-005,1,634.46
f54f2381-93f9-4e53-a074-298751ff999a,19c45744-3bbf-4c7e-9276-f5b4daf214e7,JAF-004,5,549.17
db937fa2-4901-43ff-9dfe-78a2275713ff,19c45744-3bbf-4c7e-9276-f5b4daf214e7,JAF-005,3,347.05
21c6997c-bc68-4548-8222-513608e3512c,19c45744-3bbf-4c7e-9276-f5b4daf214e7,JAF-003,1,146.31
610a4ba6-5cc0-452b-bf04-52140a48fdff,19c45744-3bbf-4c7e-9276-f5b4daf214e7,JAF-001,2,539.75
f3e688e8-f391-4839-a826-a2c523595634,51de31f8-b9e5-487e-a5f2-155db9184fed,BEV-005,3,405.23
7cc82bbf-5614-477f-a9eb-2ecdc43ec879,51de31f8-b9e5-487e-a5f2-155db9184fed,BEV-003,7,798.42
ab1b0bc3-4100-4aef-8124-5c9025b460fd,51de31f8-b9e5-487e-a5f2-155db9184fed,JAF-005,6,799.78
028a2e6e-0152-4051-ba54-ea5fa18a39bb,51de31f8-b9e5-487e-a5f2-155db9184fed,JAF-002,6,810.23
b4d27b12-02ab-48a7-b82c-00dfe21a8865,789dab6e-5ee2-4ab1-a069-eee8a5cfd353,BEV-003,6,786.88
af718673-ec5a-4683-a042-568d5dc79aeb,c9c5f2fd-e599-4303-b815-57a2db84e90a,BEV-004,4,865.35
cfbc69e5-21cb-4d95-98fa-1dcfa32515df,87489806-1a77-4fde-a110-4892b95bbc88,BEV-002,1,49.69
ca7562be-7cb9-4c56-927c-094853b1e5b3,c39807fa-8ee0-4eb6-ac33-bf85827bf222,BEV-002,5,985.6
6559483d-b406-4ced-b242-8dc5a85bcf5d,c39807fa-8ee0-4eb6-ac33-bf85827bf222,JAF-001,3,684.67
aa869b8a-7ac3-45e2-ac3b-25e6f87c7689,55111456-ca71-47df-a912-14527f3fabf9,BEV-003,4,899.13
01114b81-651b-4178-be7d-3fda6c6a8d93,55111456-ca71-47df-a912-14527f3fabf9,BEV-002,2,527.17
88491d65-1889-4ed7-9d36-13fc1e0e0a02,55111456-ca71-47df-a912-14527f3fabf9,JAF-003,2,324.48
d29196cd-33bc-4c4b-8d32-31ef3c63ef86,55111456-ca71-47df-a912-14527f3fabf9,JAF-002,9,879.64
801df746-8269-4cec-95b6-9a29b79fb816,087f5756-2656-464a-9fa8-0c3b7cd5c85e,BEV-003,6,42.25
891ec229-c442-42ea-b1d1-d85f27aa4601,a91de73f-50b8-4c7f-8a11-2357eae93555,BEV-003,8,687.9
ab39d2d8-2733-4e42-85c3-c1a07b40ec45,a91de73f-50b8-4c7f-8a11-2357eae93555,JAF-003,3,947.12
f672ca7f-e8c7-49ff-88eb-7955a1c042f0,2378f597-877a-49fe-a36b-15e086fc785b,BEV-001,6,734.2
0310a3f7-252a-4be8-a2d3-4dedf8898a3a,bfe8a0fa-64f4-400c-8135-9b315498f134,BEV-002,8,518.62
956cc2a8-fa9f-4368-9298-06281514cf63,bfe8a0fa-64f4-400c-8135-9b315498f134,JAF-005,6,259.15
ae5e872d-5b1e-4d13-9a84-2cd2ba6cfeaf,2dc5f965-bf2a-4386-8aa1-0e311202ecdb,BEV-004,3,896.63
8b13e537-a0cb-459c-b724-c3b795523467,2dc5f965-bf2a-4386-8aa1-0e311202ecdb,BEV-005,1,181.59
ff687062-473a-4c3b-8388-b89689cbf707,87fb1280-4813-4970-b1b1-6a8857f56f88,BEV-005,8,990.35
b5b61c2b-7c13-4947-bd23-d90ab38d5f24,1f6e366a-30a9-4218-b671-ad5be923cf9b,BEV-001,2,547.21
8fe27c54-b069-4661-9851-e523152c45be,78da96aa-301b-417d-a79f-9d970e2b120f,BEV-005,10,645.0
687951f1-45e6-4620-a120-949810149d37,78da96aa-301b-417d-a79f-9d970e2b120f,JAF-004,6,863.72
e3ec6f0e-f941-4fed-a450-29c17013f657,389febfb-ab66-4fcf-8bb8-94f0dd77ffae,BEV-005,7,111.59
eab6c32a-ddf2-485e-b6e5-025410e8e8fc,389febfb-ab66-4fcf-8bb8-94f0dd77ffae,BEV-001,4,481.69
358f3537-8bb8-4c2f-9bd1-79864e22caee,1ee0f5ee-37d1-4016-857a-d8c35f4d45ab,BEV-004,1,39.39
61ce56e4-d446-49a3-846b-06fd72b49b12,85de7567-9247-4f2b-9fb0-c21e9da455a9,BEV-004,3,846.34
fdf98f8d-a08d-43c8-af69-d69e30576981,85de7567-9247-4f2b-9fb0-c21e9da455a9,BEV-005,4,542.26
1959a7a7-3630-4b89-9115-8d3560db0849,85de7567-9247-4f2b-9fb0-c21e9da455a9,BEV-002,4,308.84
2afa9b90-509b-45ef-95a5-2b852a029a37,85de7567-9247-4f2b-9fb0-c21e9da455a9,BEV-001,1,581.82
34ace643-2aa1-4b31-b0bb-b2cc71f41fce,85de7567-9247-4f2b-9fb0-c21e9da455a9,JAF-001,6,602.61
7c45e2bc-ab3b-445d-91e9-2d73f5c483a2,85de7567-9247-4f2b-9fb0-c21e9da455a9,JAF-001,7,905.01
090f0ec9-74d7-4754-84a3-0f0535a4835a,85de7567-9247-4f2b-9fb0-c21e9da455a9,JAF-002,9,819.46
4e9c4971-195f-4395-aaac-ec1bcf7f4ebe,85de7567-9247-4f2b-9fb0-c21e9da455a9,JAF-002,2,103.67
fb7bbf7c-8c7f-413b-a922-2339d4c84083,fa190b17-b9ce-46e9-b35e-49c07810b898,BEV-001,8,698.7
474d09df-26b4-448d-81d4-c97790fed6f9,fa190b17-b9ce-46e9-b35e-49c07810b898,JAF-004,8,965.03
8d656e37-58b8-4ac6-bb5a-3af25a0a4e2e,28807082-693d-407c-a700-d50f18eccd48,BEV-001,3,499.02
e1da68ec-f638-4a12-8bd3-96d5f6c0d92f,6b492b1a-da36-428a-ac5c-094c9865025a,BEV-005,4,352.55
fb68667c-a78e-4a2a-9b5c-26f36be891fd,6b492b1a-da36-428a-ac5c-094c9865025a,BEV-001,9,169.72
52fed72c-3a03-44f0-925f-629692642bd9,6b492b1a-da36-428a-ac5c-094c9865025a,BEV-004,7,941.48
7c3de2c6-42bb-40ff-8a2e-251d560a3518,6b492b1a-da36-428a-ac5c-094c9865025a,BEV-004,5,886.81
a54fe82a-752c-42df-9d5c-4ca3c9702931,6b492b1a-da36-428a-ac5c-094c9865025a,JAF-003,2,543.3
32b95d7f-47ba-4aa0-bfd1-5d765aeb29b7,6b492b1a-da36-428a-ac5c-094c9865025a,JAF-002,5,913.8
3f55d3d3-8f29-4b28-9782-600b4007db4d,6b492b1a-da36-428a-ac5c-094c9865025a,JAF-001,5,624.5
aeddfe34-1d96-477b-830d-bc6500168020,6b492b1a-da36-428a-ac5c-094c9865025a,JAF-003,2,533.64
9ad805e5-d854-4b94-8680-320afa9403ca,ae1636cb-5a6f-48b8-aad6-56f795577722,BEV-001,4,815.29
aefc0536-b092-4fe3-b501-50ff337c248e,ae1636cb-5a6f-48b8-aad6-56f795577722,BEV-002,2,742.65
72a8e1ee-d7c7-47b8-ad6e-b83c4034d17f,ae1636cb-5a6f-48b8-aad6-56f795577722,BEV-005,10,689.05
7e2ac9d3-2216-4c1c-83e4-3109965cdc35,ae1636cb-5a6f-48b8-aad6-56f795577722,JAF-001,8,422.89
6ba69961-aa3c-4b7f-8f14-80eff57e3158,ae1636cb-5a6f-48b8-aad6-56f795577722,JAF-004,7,434.52
a75d59a2-1b95-4a2c-bf5f-4f6b563004db,ae1636cb-5a6f-48b8-aad6-56f795577722,JAF-003,5,572.66
68cf353a-e048-4088-a969-ed5f3a31f7bf,41d1b39f-b99e-4e35-9dca-8565498d7a10,BEV-001,5,685.82
2299268a-453c-46b3-82cb-4544e1efccc6,41d1b39f-b99e-4e35-9dca-8565498d7a10,BEV-005,3,715.43
fef102ba-cc13-47b8-87fd-6ca6d2a6d378,41d1b39f-b99e-4e35-9dca-8565498d7a10,JAF-002,3,446.02
d9c5dd2b-e240-437a-9397-1c2071abf871,41d1b39f-b99e-4e35-9dca-8565498d7a10,JAF-001,5,294.78
76571079-13d6-4dc7-aef7-a71b4459a104,32173daa-ce1e-429d-8688-f1182e5dcf14,BEV-003,3,510.17
a50a2c73-a3b0-4190-a931-d2a6ed119090,32173daa-ce1e-429d-8688-f1182e5dcf14,BEV-005,7,557.88
c0db60ab-44f7-4db0-bb26-e8d769563aa4,32173daa-ce1e-429d-8688-f1182e5dcf14,BEV-002,8,676.08
7e232aea-6fc4-4abb-943e-77fda04c4849,32173daa-ce1e-429d-8688-f1182e5dcf14,BEV-001,6,766.17
664532ee-86cc-49e3-9b9a-dab5e0d68f84,32173daa-ce1e-429d-8688-f1182e5dcf14,JAF-003,4,698.68
45c4aafa-56ed-4fa6-a0a5-8d081507081e,32173daa-ce1e-429d-8688-f1182e5dcf14,JAF-005,1,466.24
ab87db09-bdb9-4044-a215-9c0b447c4f0f,32173daa-ce1e-429d-8688-f1182e5dcf14,JAF-003,9,854.51
9ee742a4-032a-4501-8a86-43c9d2ebb7b8,32173daa-ce1e-429d-8688-f1182e5dcf14,JAF-004,5,671.57
355f3a03-34de-48af-947e-a83189fd651c,0ad7b50f-3e53-4b32-92a2-7d764f3acb87,BEV-005,9,649.78
8a827f04-ff41-4cdb-ae54-8a843c4983da,0ad7b50f-3e53-4b32-92a2-7d764f3acb87,JAF-004,1,399.4
d6e9f1e3-1654-4a7b-8f20-55cb0d1e7a4b,543d9162-b2bd-442c-b636-df42f36b4bc6,BEV-004,8,640.38
99ec3289-d4a3-4faa-932b-d3e06ee2229e,543d9162-b2bd-442c-b636-df42f36b4bc6,BEV-005,10,826.14
2ac8a5b5-ee34-4e7b-8039-d7bdbb9a47f1,543d9162-b2bd-442c-b636-df42f36b4bc6,BEV-003,3,413.9
62bb4721-93c2-41b5-8e2e-0cd836fb2e41,543d9162-b2bd-442c-b636-df42f36b4bc6,BEV-004,6,293.65
5132a2dc-55c4-4dc9-a173-7f7d92908511,543d9162-b2bd-442c-b636-df42f36b4bc6,JAF-002,8,133.11
fb44f38f-08b7-4471-8539-f80ee5722084,543d9162-b2bd-442c-b636-df42f36b4bc6,JAF-005,2,612.6
fce6706e-66c8-4683-965d-68117de7a0d3,543d9162-b2bd-442c-b636-df42f36b4bc6,JAF-001,1,829.21
6deaba8c-e0ec-452a-8f7c-7f2966fa0c4e,543d9162-b2bd-442c-b636-df42f36b4bc6,JAF-002,9,110.33
0a7f475b-4daf-4225-a959-1699e25dae39,a2506712-79d1-4aa4-9e91-6ca95f2cebce,BEV-004,9,985.44
089f70f0-1a8b-4f80-903a-9203087c00b5,a2506712-79d1-4aa4-9e91-6ca95f2cebce,JAF-005,10,955.58
f6d7ccc4-f627-4b04-8c2d-097bb6c38271,8a4710c2-6eea-4daa-86bd-7ac238991ff1,BEV-005,9,128.86
0115940d-2a5e-4951-8d0a-a0fc3aff9afb,3a93afb6-13e7-4e44-a7e7-f78aaee392da,BEV-002,1,65.95
db73f7b7-c674-4ca3-9896-12b95995e6c8,4821e8ce-d391-4161-a6ba-bfc58488c32b,BEV-003,9,291.18
e7560ed3-9577-4a80-82eb-67abaf9946a2,4821e8ce-d391-4161-a6ba-bfc58488c32b,JAF-003,8,371.64
e01feaa1-1529-444f-8f06-3c45878b9232,d0f952f3-7f75-4735-b071-d3741275fa4f,BEV-002,10,776.23
66065843-4263-4298-b314-992437300e76,d0f952f3-7f75-4735-b071-d3741275fa4f,JAF-004,4,883.78
ad87605a-b5fc-48a7-862f-3c1a79c6c844,356b6242-0024-4dd4-919d-d317092b9360,BEV-005,7,527.43
818bc56d-3433-46a1-97a7-a20f637dad17,904988f1-b0f6-4670-a4dd-1112d313c80e,BEV-005,9,473.96
6fde6944-8f78-44f2-9b0c-9bd488cdc597,517ea24d-6a44-46df-9e1f-0ee0562553f5,BEV-004,8,379.42
0012ff44-e05d-4580-9278-a4fefb062b54,517ea24d-6a44-46df-9e1f-0ee0562553f5,BEV-005,6,111.24
484a9fbf-0731-4ffd-b343-b97b0d3df007,517ea24d-6a44-46df-9e1f-0ee0562553f5,JAF-003,4,419.36
f2a35ad7-425c-44c1-b199-7dc4fd7bcbc3,bbc7764d-1027-4b2c-99b4-6e608fbed3ab,BEV-001,4,368.73
e8c30c50-4c3b-41c4-9a3c-319c01fa64c4,bbc7764d-1027-4b2c-99b4-6e608fbed3ab,JAF-002,7,677.23
fc724138-187b-4fe2-a367-34dad3017289,bbc7764d-1027-4b2c-99b4-6e608fbed3ab,JAF-002,4,432.01
c387a6e3-2007-4f7f-bc51-d1bd0dbf5618,bbc7764d-1027-4b2c-99b4-6e608fbed3ab,JAF-001,2,847.49
b924de05-2c52-418a-a23c-74dceba7a953,64163d9c-99c2-4576-9dec-4898f6198259,BEV-003,6,838.32
31bb4dcd-c49c-4f8e-8809-0ddc8cc73f0e,64163d9c-99c2-4576-9dec-4898f6198259,BEV-004,6,544.91
b00caae2-b7b6-40f0-a623-1d5fc1b5417c,64163d9c-99c2-4576-9dec-4898f6198259,BEV-002,9,734.85
f3fca24a-2107-48b8-9b8f-999d9040d81a,64163d9c-99c2-4576-9dec-4898f6198259,JAF-003,1,531.21
59b10d14-df3d-45bb-b28c-f39d51923e51,3abd1af4-505c-432f-9277-b564a7dc09af,BEV-004,5,48.12
68d05213-c1c0-405d-9796-4f9cd72cb9d9,a9e55e95-c9ca-4a90-b3bb-e7428f571e0d,BEV-002,2,916.96
1c7451ad-0764-49bb-8b11-89666d8ea5da,3f17754f-468b-458b-befa-b663078c704e,BEV-002,7,91.62
995a812c-926b-440e-8b93-a6284a02ffdf,3f17754f-468b-458b-befa-b663078c704e,BEV-002,4,884.9
ec2e0d40-e6b2-4784-8b71-c6e380182af4,3f17754f-468b-458b-befa-b663078c704e,JAF-004,5,415.81
920fb736-e60f-4f8c-b941-2206d2e4ecc8,3f17754f-468b-458b-befa-b663078c704e,JAF-004,7,562.79
18720ce8-537b-434c-b313-38c5dd05f323,23d254fa-8a51-4190-9b6a-ada93e0e316d,BEV-005,4,594.72
56716bf5-41bb-4855-a7c4-c322964e7dd1,23d254fa-8a51-4190-9b6a-ada93e0e316d,JAF-005,10,640.78
245949bb-2bbe-4ca8-b05d-734744d3009b,85fd3494-7f65-4eb5-b75b-021855634227,BEV-005,8,382.46
574693ac-e0e6-4de4-b8b7-2d4fccc9c597,5eeb775e-1bfc-4043-9984-0c27639fa110,BEV-002,2,137.24
22a083a6-6471-4445-94fb-61c086526109,cb66694f-5363-4c4e-9432-22f6b5e95618,BEV-001,5,211.37
e70ae7fe-2d67-49ec-b914-aed2d3285d3c,3d120e97-fb03-4220-8334-5acf355f4cd2,BEV-001,9,983.31
d40659ed-cb3e-4800-9db7-e4777378dfa2,36549b74-8497-4bad-8164-7ecbb606f4e6,BEV-003,1,173.44
53c78fa2-97f9-4698-993f-a4e5d0841a11,36549b74-8497-4bad-8164-7ecbb606f4e6,JAF-003,3,918.27
b8baeee7-1ef4-4c22-b7b1-7b7c17e0ff54,2a436d0a-9594-48d7-8e2d-5aae05966d33,BEV-002,4,917.05
df2dfe1c-c25f-4a2b-bcd9-269497ce1374,de8142df-47c8-4e5b-9659-e823f5c58ec5,BEV-003,5,472.29
ebe58799-a797-4aaf-8f62-1b83ae75235a,67d41d4a-0c91-4092-9fa5-e86530fc5dd4,BEV-004,8,194.68
3905ab58-9d15-4795-9fcb-2923d6ac5f51,67d41d4a-0c91-4092-9fa5-e86530fc5dd4,BEV-003,5,162.99
1e3737a0-3a60-4966-9446-d63bbab41684,67d41d4a-0c91-4092-9fa5-e86530fc5dd4,BEV-005,2,426.3
d1a01e2e-81cd-4f78-998c-b89061871b8f,67d41d4a-0c91-4092-9fa5-e86530fc5dd4,BEV-005,8,978.84
1e1a57e4-3676-4297-bb76-a22e38bbf3db,67d41d4a-0c91-4092-9fa5-e86530fc5dd4,BEV-001,9,384.16
bfaaa77c-8824-4abd-a48d-a8d6c12907cb,67d41d4a-0c91-4092-9fa5-e86530fc5dd4,JAF-002,8,413.59
9b0f2ee6-8847-4590-afec-1ae222b6805c,67d41d4a-0c91-4092-9fa5-e86530fc5dd4,JAF-002,9,899.6
0b485286-be3e-4c3e-a1a4-0b3a05eb5ac7,67d41d4a-0c91-4092-9fa5-e86530fc5dd4,JAF-004,9,49.72
b479b22c-469b-4663-b089-c610bfc2ca8e,67d41d4a-0c91-4092-9fa5-e86530fc5dd4,JAF-005,7,322.97
00efcc3d-45ca-4b0a-93a0-d6eed5572d86,67d41d4a-0c91-4092-9fa5-e86530fc5dd4,JAF-001,10,494.93
9be37bbf-71f9-45c7-99a1-df3ba4d325ba,cce08776-4b2d-40d8-9a40-816260d7be33,BEV-004,7,777.42
7477bfd4-9f3f-4e24-8445-5b2bdfebaa83,cce08776-4b2d-40d8-9a40-816260d7be33,BEV-001,10,306.16
be60fa67-7f59-48ea-bdf3-b004f8a09fc7,cce08776-4b2d-40d8-9a40-816260d7be33,BEV-002,7,493.47
164f24b4-2174-457d-9a07-897ab48c877c,cce08776-4b2d-40d8-9a40-816260d7be33,BEV-005,8,213.8
97fb6c4d-81ff-4b67-a287-83addb1e5572,cce08776-4b2d-40d8-9a40-816260d7be33,JAF-001,7,888.88
7f8009eb-c66e-4dc6-92c4-d9635574c24c,cce08776-4b2d-40d8-9a40-816260d7be33,JAF-002,1,282.3
2e3da7d5-d526-4eab-9c33-c5cbf0f665b9,cce08776-4b2d-40d8-9a40-816260d7be33,JAF-002,1,700.51
d1e885af-9a75-443b-aa33-d741fd9c695a,cce08776-4b2d-40d8-9a40-816260d7be33,JAF-004,6,163.69
9b46f0ae-f1a9-4e90-9f34-f8446392b801,8e63f0fd-6fe5-4ba3-bf21-b6c6ddd8af7b,JAF-005,8,565.18
bbd92336-2b18-4df5-8899-2bb1e8531345,8e63f0fd-6fe5-4ba3-bf21-b6c6ddd8af7b,JAF-002,10,427.17
d7259ff2-aa1f-410b-a59a-92d4c5a42e02,c6ba642b-7111-477a-bf33-81dc7e4bd247,BEV-005,7,659.94
7b76b3ec-bdd5-4723-bce6-141bb22a5e6c,f82348df-be55-4f00-a97f-823706bae0f3,BEV-003,9,364.86
2ac674d4-afa2-4ab2-b3c8-12e76513ca32,1f07d850-24f3-4971-9492-1fea4d3a94f9,BEV-003,3,821.27
3919f995-c63c-46a2-b634-3be256ea1a61,30cc911c-bad8-4ade-9e73-24adc5ed3700,BEV-003,1,690.27
8c868122-8ac0-452c-8888-87b35ce580b9,30cc911c-bad8-4ade-9e73-24adc5ed3700,BEV-003,3,223.18
5616335e-1bd7-42ff-8ab1-d23b818a2852,30cc911c-bad8-4ade-9e73-24adc5ed3700,JAF-004,1,749.34
12d9b2a9-ba95-4aa9-855a-a26f31a28026,30cc911c-bad8-4ade-9e73-24adc5ed3700,JAF-001,1,325.33
003402c0-130e-41a6-b658-2116a7777b17,e8773a3b-30f6-472b-88cc-66f5bf52554f,BEV-004,4,993.88
85a86246-e9e1-4440-a4cc-b1ab0c294cc5,e8773a3b-30f6-472b-88cc-66f5bf52554f,BEV-003,5,723.23
dffbfbb1-9819-4a2c-a206-0a979244dc94,e8773a3b-30f6-472b-88cc-66f5bf52554f,JAF-002,10,642.3
ce4fe74f-e9d5-41b8-9902-fb1d4c98ed36,e8773a3b-30f6-472b-88cc-66f5bf52554f,JAF-001,3,623.1
aca34b91-3a8e-4cf5-b08f-0f84dec84e98,e8773a3b-30f6-472b-88cc-66f5bf52554f,JAF-003,7,543.38
4f91840e-6623-47f4-ad83-109ec9316414,54613443-e2c3-44c5-98f1-6460ebd6ca2d,BEV-005,2,80.48
bc1ef1bb-412a-41c9-94cc-a32cf615f60b,b9c621d6-4c70-40b6-bca9-afddb4940a9b,BEV-005,7,876.03
48c1a4d0-4ac6-4f71-8e67-d4b2b0f46a51,b9c621d6-4c70-40b6-bca9-afddb4940a9b,BEV-001,10,981.53
98b1faa9-77e7-4958-ad17-9246f96f51f6,b9c621d6-4c70-40b6-bca9-afddb4940a9b,BEV-005,3,660.25
877b851a-b7fa-4ba7-ad2d-49b5d335d4f5,b9c621d6-4c70-40b6-bca9-afddb4940a9b,BEV-003,5,695.29
9c5028cd-3cde-40fb-bc58-97f518d40226,b9c621d6-4c70-40b6-bca9-afddb4940a9b,BEV-005,6,849.24
b6e2f78b-68f8-4045-b65e-c27695a315ed,b9c621d6-4c70-40b6-bca9-afddb4940a9b,JAF-001,10,640.49
f73cece0-35bf-4470-96af-b56173e94531,b9c621d6-4c70-40b6-bca9-afddb4940a9b,JAF-005,5,881.56
96181e59-ed36-4b4c-826f-47de20ad4bb1,b9c621d6-4c70-40b6-bca9-afddb4940a9b,JAF-005,1,228.21
9581cdf9-9baf-49b7-9654-79f67dfd26b7,b9c621d6-4c70-40b6-bca9-afddb4940a9b,JAF-003,8,319.69
f497183f-c263-4d34-add9-1ba347196753,b9c621d6-4c70-40b6-bca9-afddb4940a9b,JAF-001,6,140.58
201eb957-f9a3-47fc-8b74-dc846bad82a4,b38897d8-3822-4ae2-8f70-e1388057e16a,BEV-002,2,75.85
d2c96c16-45b9-4b4c-a273-e13274cd1d30,d020e356-888d-4916-b944-5c154aacb09a,BEV-005,6,528.41
359bf162-5c10-4fa3-9e54-10640dfdcaa9,d020e356-888d-4916-b944-5c154aacb09a,BEV-005,2,773.63
fb98bcd5-1f46-48e8-83b5-72bbc6a154cf,d020e356-888d-4916-b944-5c154aacb09a,BEV-002,10,688.25
ee07ae45-1da1-445e-a7d0-35f788e165a8,d020e356-888d-4916-b944-5c154aacb09a,JAF-004,5,221.99
142ef287-b217-4615-95a3-dd0b6139b9f5,d020e356-888d-4916-b944-5c154aacb09a,JAF-002,2,948.04
bfa62494-dbaa-48da-8e55-b593c4f9745e,d020e356-888d-4916-b944-5c154aacb09a,JAF-002,7,850.53
097cdf11-5f0d-46d3-ab4a-e07da0ea8948,0b38237d-7813-4734-a472-d588a794c11a,BEV-001,10,617.82
b6c17b02-ab97-4df0-b6e1-6831b16aa8a0,0b38237d-7813-4734-a472-d588a794c11a,JAF-002,4,774.23
f8615752-3aac-4725-8c83-bbd6e4abcd9e,0b38237d-7813-4734-a472-d588a794c11a,JAF-001,10,49.05
29d69af3-0eae-4ec9-91f2-8a9ad3e43488,0ebef0e9-6f83-4f82-84d2-7739841dbbad,BEV-005,4,604.47
8654355e-6b93-4c27-8a0e-7140652814dd,0ebef0e9-6f83-4f82-84d2-7739841dbbad,JAF-005,2,180.92
3e3ec2aa-615f-4b54-888f-fd323a99a9fd,b372dfea-9df3-46a3-a1de-be534be636a1,BEV-001,3,15.16
41c8d059-698b-4f26-96e4-7b8812a44084,7b202605-8ad5-4acb-bd4d-5ff4e75facfd,BEV-002,4,301.07
8ba89130-bcd3-476f-9ebf-080b92d33f75,7b202605-8ad5-4acb-bd4d-5ff4e75facfd,BEV-004,7,433.66
3e6ecef7-7ec1-45e5-a607-7ce25d9932d2,7b202605-8ad5-4acb-bd4d-5ff4e75facfd,JAF-001,6,993.15
9f13f9a2-81b5-4bb0-8057-6fd0582ec3ac,7b202605-8ad5-4acb-bd4d-5ff4e75facfd,JAF-004,2,619.89
00f3c646-4489-4e10-b439-1a6868a6f838,eb73a7ed-45cf-4668-9849-d828395e5ff9,BEV-003,3,441.47
f1862ed0-5e8a-4193-b99d-bd86ed8a7fc8,ef88f61c-d7d3-4737-82e5-d161892c4527,BEV-005,4,267.79
d36ec05c-b9b4-4eff-ad8d-16c3d165fec6,ef88f61c-d7d3-4737-82e5-d161892c4527,JAF-001,6,170.65
fa978a49-1c6f-4838-89f3-f3ce28da4fea,ac9f0c3f-7524-4ebf-b216-05ca21416448,BEV-001,7,121.21
70695b45-22b6-48ce-bd12-40d7a0fb4cb1,a31ae0b0-bda8-45d9-a03e-14fc3ffc2fcc,BEV-004,9,73.9
b71b76d6-475b-4327-9f14-083921b9022a,a31ae0b0-bda8-45d9-a03e-14fc3ffc2fcc,BEV-001,7,113.59
e2582826-92f5-47d5-af70-d74528fd9a8f,a31ae0b0-bda8-45d9-a03e-14fc3ffc2fcc,BEV-002,2,927.83
7eb64a62-8db7-4bd7-beac-7c12c61accab,a31ae0b0-bda8-45d9-a03e-14fc3ffc2fcc,BEV-002,7,844.91
0c1c784a-2b01-4879-9c21-c555d86fd179,a31ae0b0-bda8-45d9-a03e-14fc3ffc2fcc,JAF-002,2,502.39
06e0f205-634e-4e88-8a00-c571bf09880a,a31ae0b0-bda8-45d9-a03e-14fc3ffc2fcc,JAF-003,8,389.48
3fc43bd2-9e34-4979-8d4c-59ba93aae800,a31ae0b0-bda8-45d9-a03e-14fc3ffc2fcc,JAF-004,5,573.76
84b1b039-ffa1-4e23-aba9-dbe82b6911de,a31ae0b0-bda8-45d9-a03e-14fc3ffc2fcc,JAF-002,8,333.62
5cf56300-f549-4833-9e73-f40f2e4cdd8f,407569a2-4621-43aa-ad29-0d89a2ba649a,BEV-003,3,369.65
b8230168-21b2-420e-8764-f9080b18d421,407569a2-4621-43aa-ad29-0d89a2ba649a,BEV-002,4,573.37
b1aa0a3e-125d-4b84-a7e8-f6024a48a2f5,407569a2-4621-43aa-ad29-0d89a2ba649a,BEV-005,9,599.65
55ad8670-f922-4bb6-bb8a-fe24267b6204,407569a2-4621-43aa-ad29-0d89a2ba649a,JAF-002,2,900.05
e7c86616-3926-4451-8cd5-e3ca305d6db9,c3414814-a413-42fb-9c56-7512f7840980,BEV-005,5,519.11
24260dc4-cb18-4956-957b-e007d5b9b806,52a0617d-7bfe-4275-8746-2ac51f46b350,BEV-002,10,311.19
1915a1e6-803a-4a7d-ad66-aae09aa90586,5efd320f-e14e-4ff2-9727-5b0a3f5af647,BEV-003,10,316.46
027eff1d-c65f-4783-a5f4-8fb47667e731,9c2b4c76-ba28-474a-80bb-741c37ae6305,BEV-005,5,228.83
9d05c650-5e3d-4d07-ae67-f900c6d154ec,3a6514f7-b62c-41c4-9fa4-8f3173a5d637,BEV-002,9,618.24
bdc473d8-f87c-41bf-a4a1-2f150f5f82fe,3a6514f7-b62c-41c4-9fa4-8f3173a5d637,BEV-003,1,308.09
a15a9975-4d6d-4505-9bad-ca806ee64b42,739e1871-4ba7-42a3-921f-08b989ede4e1,BEV-001,9,903.28
2e4500de-6808-4cc6-9b44-9f5df7620dac,57a7f64a-cc24-4542-98d5-36c4f0bf8e9f,BEV-003,10,192.92
d31d829c-3b62-4911-b3c5-7cd218d923c1,5ca03611-b296-4217-bf25-0a5c1d79eabe,BEV-002,10,800.19
ec5c12e7-a75f-4d21-9680-26743b1df2f3,9459c7c5-f368-45b5-9be8-120b346c8344,BEV-002,2,184.76
1c68d406-3a73-4797-9786-d66a6bbf5304,d8bac457-1dba-4404-adb5-4e8170f5dee9,BEV-004,5,411.52
322863c5-e490-4235-a7c5-e53c3be4771e,47f4a924-aa96-4bf3-b3c7-0c3b24edcbe7,BEV-005,9,937.42
77f620b3-f4d8-4e43-98e4-c1900be16a4b,eb23fffe-cf43-43ea-93ea-58278c76a311,BEV-005,1,311.68
2eadf3e6-a4a6-4a2c-9eea-ee61daad49c7,eb23fffe-cf43-43ea-93ea-58278c76a311,BEV-001,7,455.2
fbe9a8cb-0761-43d0-8e6f-2df1857e88e0,eb23fffe-cf43-43ea-93ea-58278c76a311,BEV-004,4,660.54
3a0c5e3a-c549-4274-a185-2b73cfaf214e,eb23fffe-cf43-43ea-93ea-58278c76a311,JAF-002,9,34.51
923b29fe-854a-450a-b2be-b58f12884fe1,eb23fffe-cf43-43ea-93ea-58278c76a311,JAF-005,4,350.89
2c9f5123-f5aa-47ff-9fca-3d959fb9c038,eb23fffe-cf43-43ea-93ea-58278c76a311,JAF-002,8,615.47
e622fe15-9015-4e7b-9c7f-d5aac2cc2ac2,9a3f4fe9-9a7f-4329-9d6f-37215ab0913b,BEV-004,5,252.47
891ac690-3dbb-4b24-946f-850477a48cd9,9a3f4fe9-9a7f-4329-9d6f-37215ab0913b,JAF-004,2,202.63
afeb896e-98ec-4b69-bdc0-d310c80f1442,9a3f4fe9-9a7f-4329-9d6f-37215ab0913b,JAF-005,2,996.2
8040ce0d-2c98-4177-aa5f-6fe438152568,b72a2ba3-cc8a-48c8-ab26-3329329c34a5,BEV-002,10,401.79
2426acf5-2abc-4514-9180-ffaac8f9d062,986a5055-7701-424c-a253-a00ce834ded5,BEV-003,3,268.27
4a16af12-f68f-4c6d-a97d-9e60ff9c515e,f77d1d08-7da9-4483-8f97-4368e84e823c,BEV-003,8,711.17
6d8a6302-3a72-407f-a58b-b8e3ba766608,1c9b88f8-576b-4a54-b39e-38e609055d28,BEV-005,10,270.35
9288216d-b884-4845-835d-4f0da5aa8b1f,1c9b88f8-576b-4a54-b39e-38e609055d28,BEV-002,8,858.64
6a4355f0-7a02-4299-8afd-befbefc9400d,1c9b88f8-576b-4a54-b39e-38e609055d28,BEV-005,7,322.79
a1df7470-5712-4365-a347-c78db8e4361c,1c9b88f8-576b-4a54-b39e-38e609055d28,BEV-001,2,500.19
2aa6b88f-86c0-427c-b9e7-62397567cfba,1c9b88f8-576b-4a54-b39e-38e609055d28,JAF-005,4,377.99
f764e867-2451-4803-abf6-91c7c15744c3,1c9b88f8-576b-4a54-b39e-38e609055d28,JAF-004,7,778.01
41125507-af7b-40be-a7a6-675e89dc4a71,1c9b88f8-576b-4a54-b39e-38e609055d28,JAF-005,4,325.99
6928c748-6d6d-4396-8e41-5060dd22a1c2,1c9b88f8-576b-4a54-b39e-38e609055d28,JAF-004,4,57.51
34cdbbcc-9a94-4969-830e-9c9e511a1f11,56c70b5b-a6af-4c9e-af63-3cf83e8203b8,BEV-002,1,117.17
ed22eeb6-fb3c-4379-a3d2-b2e9d40f3ab0,56c70b5b-a6af-4c9e-af63-3cf83e8203b8,BEV-002,10,399.43
e853ef9b-a1db-4be5-bb93-13f53f4b8837,56c70b5b-a6af-4c9e-af63-3cf83e8203b8,BEV-003,2,199.9
5b093885-30e9-4813-b474-9c1995b35bbf,56c70b5b-a6af-4c9e-af63-3cf83e8203b8,JAF-004,6,777.27
1c44d7ef-4d70-4db9-88f3-1db719a740dd,56c70b5b-a6af-4c9e-af63-3cf83e8203b8,JAF-004,8,421.14
07ae1922-5f95-4126-aac2-5f9d32a5700f,56c70b5b-a6af-4c9e-af63-3cf83e8203b8,JAF-002,4,271.93
c43dfc5a-118d-475b-8eb1-85e5769058a6,dabd84fc-a7ad-47d7-9ec0-e369c4455909,BEV-003,4,435.01
ee64fab3-59dc-4160-9844-2334f25383eb,04372857-ca15-4a82-8773-2babd1b8b5ca,BEV-003,3,419.23
b8bd7b3f-198d-4f9c-878f-2d7817e58e93,de12fcde-42d0-46ce-929b-239c29987a93,BEV-003,4,138.5
4e9a3a9d-f414-480b-9f1d-33654f7f2e44,effe65ab-b3dd-4f8a-96a0-85fc378fcc6c,BEV-002,10,710.1
8f44e241-e7a1-49cc-bcfd-3b8e85727257,effe65ab-b3dd-4f8a-96a0-85fc378fcc6c,JAF-003,4,197.31
1c43b67d-ed5f-4841-a43f-2e5913427890,5e64d2ba-d0e8-4fa7-8939-f383f046147e,BEV-002,2,376.15
b8d390bf-74d8-4efe-a101-80f2712d1767,5e64d2ba-d0e8-4fa7-8939-f383f046147e,BEV-001,3,289.98
f3ad5aef-96c1-489f-a675-6fab92171c6b,5e64d2ba-d0e8-4fa7-8939-f383f046147e,JAF-003,7,95.23
0d108776-c18c-40c9-9920-b9a3b1b01cfd,5e64d2ba-d0e8-4fa7-8939-f383f046147e,JAF-004,3,184.56
bfa5e9e8-4d9e-4447-8b29-17bf1a18dc90,bb8f5334-0515-4313-9cec-a7749f227e09,BEV-002,2,657.78
6bf79720-5f21-4893-8b7f-b017d80b847a,bb8f5334-0515-4313-9cec-a7749f227e09,BEV-003,2,77.82
2c9e760a-538d-47e8-ab37-14e72ffe1325,bb8f5334-0515-4313-9cec-a7749f227e09,JAF-004,5,912.44
7bb15efb-79c0-46e0-b9e0-546085d58a62,bb8f5334-0515-4313-9cec-a7749f227e09,JAF-003,6,334.84
449d64d2-bd66-4004-a3d6-a6899070c11f,c949108f-8be2-4f73-877d-17e55d3fbf45,BEV-004,5,426.76
75a793fc-829d-4ff1-a333-1d66da03d8e4,664cc93f-eaad-4153-8b3d-55e0c307b6a0,BEV-003,1,718.55
f8b95db9-9e65-4963-ab43-3d5a6966c171,664cc93f-eaad-4153-8b3d-55e0c307b6a0,BEV-002,9,767.47
7017d770-a035-47e8-88cf-6e9e0e20c524,664cc93f-eaad-4153-8b3d-55e0c307b6a0,JAF-004,2,387.38
f5e08283-98c5-44ac-afae-78eb06cac196,664cc93f-eaad-4153-8b3d-55e0c307b6a0,JAF-004,1,171.81
26eebd1a-3131-4ba0-be72-aca580c65b50,7a060266-ba07-4250-9d79-c8f72e6eb63b,BEV-002,6,71.44
f7e4eab0-9b63-4e4d-9d3c-5029131b5ff0,7a060266-ba07-4250-9d79-c8f72e6eb63b,BEV-001,2,274.44
1ea483b3-cc41-4c57-ba9c-37fe1cedc855,7a060266-ba07-4250-9d79-c8f72e6eb63b,JAF-005,6,56.78
9aee3e32-abe6-4454-955b-85211e5b008b,cd0bc7f3-def3-45ba-99ee-16dd5a1ad922,BEV-004,10,116.94
a6db766b-0797-426e-b224-c230e27c46f9,cd0bc7f3-def3-45ba-99ee-16dd5a1ad922,BEV-001,4,964.61
6a37c200-997d-4b15-b28b-2c6ce5ca882b,cd0bc7f3-def3-45ba-99ee-16dd5a1ad922,JAF-003,6,679.4
b756fdf3-e02f-4f2c-8af2-7f470940a965,cd0bc7f3-def3-45ba-99ee-16dd5a1ad922,JAF-005,1,211.83
116a9033-19c3-4572-a59c-d40be7678b89,b5002ac6-8a9e-4663-afca-7acc5bb30baa,BEV-002,7,807.06
2df33a66-9ae3-41b6-b68e-3d79e08f18bb,b5002ac6-8a9e-4663-afca-7acc5bb30baa,BEV-005,4,924.3
692c1fda-2c58-4f53-91f1-f5a4a29344a6,b5002ac6-8a9e-4663-afca-7acc5bb30baa,BEV-002,1,621.61
39cdff1e-2e33-4c0e-9cd1-a4d37b085016,b5002ac6-8a9e-4663-afca-7acc5bb30baa,BEV-002,3,480.65
8ea32935-3cb4-4754-ac6c-e4379477dbf8,b5002ac6-8a9e-4663-afca-7acc5bb30baa,JAF-002,10,984.83
4abcf67f-2794-4fc5-87b0-b9dd4bc34d09,b5002ac6-8a9e-4663-afca-7acc5bb30baa,JAF-001,9,684.86
8334ecc6-42a6-4699-ba4e-aa67f19bee84,b5002ac6-8a9e-4663-afca-7acc5bb30baa,JAF-002,4,332.3
13e116a7-869f-4421-9867-dc5ee924260f,b5002ac6-8a9e-4663-afca-7acc5bb30baa,JAF-005,4,928.74
fa1a363f-fa4a-4b66-a217-dc3e4752cc89,b3986f14-877a-4ff6-b235-1fb7fb4b170c,BEV-003,2,161.85
adf7e879-0661-494a-b90b-c290a9d93480,b3986f14-877a-4ff6-b235-1fb7fb4b170c,BEV-001,2,460.05
20c44641-f733-449c-9962-37224203bed8,b3986f14-877a-4ff6-b235-1fb7fb4b170c,BEV-004,10,533.78
c3ec0193-04f6-486e-9813-571794bc9f5c,b3986f14-877a-4ff6-b235-1fb7fb4b170c,JAF-001,6,697.76
10cb0414-4090-4773-ab35-5622e3c3f1ea,b3986f14-877a-4ff6-b235-1fb7fb4b170c,JAF-004,10,670.04
b583bf04-5b89-4ee7-a2a9-92e13666dc02,b3986f14-877a-4ff6-b235-1fb7fb4b170c,JAF-004,1,101.55
dd5711bf-a982-447f-b16c-2d8a3f6fb59d,20e8f405-7519-498e-9479-b914a96b3474,BEV-005,4,605.91
f543c685-bf19-4bf8-8cb9-ff56678e8b3e,ae2c2d3b-ee32-414a-9933-00ce063d7db1,BEV-001,5,439.25
24c1b809-0f4e-40d8-a920-00b35b4e79e3,0878f30f-66bc-4f2d-8d13-a7963bf9d8a8,BEV-003,7,658.36
9ec3b5d4-66cb-4d3e-a03a-b693042cd5f9,0878f30f-66bc-4f2d-8d13-a7963bf9d8a8,BEV-002,4,419.84
f8d9d50f-ab4a-46d3-ad76-9e73a7258331,0878f30f-66bc-4f2d-8d13-a7963bf9d8a8,BEV-003,7,236.92
30419c12-5214-4f52-a484-f7778ba15e81,0878f30f-66bc-4f2d-8d13-a7963bf9d8a8,JAF-002,8,653.73
2dad1bfa-a505-49c3-9050-689d22f78e70,0878f30f-66bc-4f2d-8d13-a7963bf9d8a8,JAF-002,1,72.86
1a1e512e-bebd-4ede-b700-51937fa24345,0878f30f-66bc-4f2d-8d13-a7963bf9d8a8,JAF-004,8,176.49
d5669ebc-aa11-43f9-8565-f3c540ffc2fd,6544e045-2693-476e-a492-7dbaf20790d6,BEV-004,9,797.96
a2abb994-e318-470d-8797-93d918e8b1a1,6544e045-2693-476e-a492-7dbaf20790d6,BEV-002,5,858.94
7a3b867f-c39a-4254-9efb-55d03ed0d716,6544e045-2693-476e-a492-7dbaf20790d6,BEV-002,2,816.04
a3006bd4-c5ac-4377-ab58-d3bd71b3095f,6544e045-2693-476e-a492-7dbaf20790d6,BEV-004,7,854.61
8cffa958-f891-4e16-b486-9220a8cd52f3,6544e045-2693-476e-a492-7dbaf20790d6,BEV-004,4,620.38
691efd78-8dc5-4309-a4e2-d9b12f3defb5,6544e045-2693-476e-a492-7dbaf20790d6,JAF-005,8,870.65
ab0936ea-77d5-4a9f-92e9-baffe545c95b,6544e045-2693-476e-a492-7dbaf20790d6,JAF-001,1,658.96
07d206f9-5d19-47fc-a74a-16d475e29b49,6544e045-2693-476e-a492-7dbaf20790d6,JAF-004,9,741.36
6911e074-6b15-4242-96d2-db509472ba47,6544e045-2693-476e-a492-7dbaf20790d6,JAF-004,4,984.17
3624a6ca-dd51-4a2a-895b-01b153a7a516,6544e045-2693-476e-a492-7dbaf20790d6,JAF-004,10,133.75
5489d591-15eb-4e86-a606-4c94228c307c,e786f8fc-54a3-4649-8a10-daaa5812f745,BEV-003,10,638.31
e49a25d0-7f5b-4123-a1bb-57b2fa45af91,e786f8fc-54a3-4649-8a10-daaa5812f745,BEV-002,2,397.46
f9c9332e-85c1-4471-b679-b2c1ea3857d3,e786f8fc-54a3-4649-8a10-daaa5812f745,BEV-005,1,951.74
d344f5bf-f6f0-4926-96c1-2aa26476de19,e786f8fc-54a3-4649-8a10-daaa5812f745,JAF-003,6,954.09
d6527d78-c338-492b-b1eb-5cd0f45a5cb7,e786f8fc-54a3-4649-8a10-daaa5812f745,JAF-002,6,161.38
6f4bdff0-2a84-4858-ab87-b2dc0f606f39,e786f8fc-54a3-4649-8a10-daaa5812f745,JAF-003,6,382.71
18299a64-9622-4641-bd46-7c08c5cfb399,258f4c50-7849-4703-a803-dfce6d66c85b,BEV-003,7,12.14
e77b5a0f-dedd-4881-a47d-9cfd365bf65f,258f4c50-7849-4703-a803-dfce6d66c85b,BEV-004,2,726.61
cb4385ee-d581-4ddf-8fa3-5655ad0a20b1,258f4c50-7849-4703-a803-dfce6d66c85b,BEV-001,1,458.99
0ebfdf37-a673-4618-bc48-6ba4ebf20eb2,258f4c50-7849-4703-a803-dfce6d66c85b,JAF-001,6,934.54
6e00cecf-7811-4d56-a00f-5db1902be0ae,258f4c50-7849-4703-a803-dfce6d66c85b,JAF-002,1,162.22
2f38ace4-0aa6-4c7e-9346-7195ef140cd6,258f4c50-7849-4703-a803-dfce6d66c85b,JAF-001,7,786.98
235f1ffd-8b64-43b4-b297-43b3f5e87064,8cbb1748-43c9-4c3f-81c6-c6785888124b,BEV-004,10,387.03
e66d2e63-d486-4729-91cd-665203d5c3c8,7e06dafc-b02a-4256-bebf-7b142bedddce,BEV-004,7,757.07
36bd1fc3-a887-4c57-b766-aaf0ddbcb3e2,7e06dafc-b02a-4256-bebf-7b142bedddce,BEV-001,2,544.43
afe154cc-503c-48d0-9c92-9a0e85482b4c,7e06dafc-b02a-4256-bebf-7b142bedddce,JAF-005,3,908.51
96109cc4-4472-48fe-a590-d8a4bad777be,7e06dafc-b02a-4256-bebf-7b142bedddce,JAF-005,6,993.31
edd98112-002f-48a2-89ac-dcd1080054d8,1a30ca38-d469-4c09-8e19-b101a0f518f3,BEV-003,10,998.62
2233d1b5-64fe-4a9d-9635-ec0221bac0bb,581ee5fa-b7bc-4f57-b41b-c8ea9f09ba1a,BEV-001,5,441.19
07ff59ac-f302-461b-89c8-eb1d5bc2fe78,581ee5fa-b7bc-4f57-b41b-c8ea9f09ba1a,BEV-002,2,426.35
dadc8764-13bd-4956-bd67-1e90ddcade24,581ee5fa-b7bc-4f57-b41b-c8ea9f09ba1a,BEV-003,9,815.13
82b0cf8c-79df-4a1c-aca4-e0debec7c18a,581ee5fa-b7bc-4f57-b41b-c8ea9f09ba1a,JAF-005,5,696.35
d739ca36-b140-4c7a-89f7-db2290fc3b9a,581ee5fa-b7bc-4f57-b41b-c8ea9f09ba1a,JAF-002,5,367.92
3bfefea2-c83e-47a7-af19-efcdbeef9e05,581ee5fa-b7bc-4f57-b41b-c8ea9f09ba1a,JAF-003,5,585.26
3afbc932-04ab-43a8-93ca-32661076151f,ed2d32d9-9d8b-4011-8e8d-44dd5ee6c4ca,BEV-002,5,939.79
a86a3330-00fe-48f5-a789-f62a3f6837b6,ed2d32d9-9d8b-4011-8e8d-44dd5ee6c4ca,JAF-001,6,663.97
77968cb8-019a-44f3-b987-fb4e9a9dfb38,e90a04f0-9bb3-4685-a673-397f2c658d05,BEV-002,4,17.99
677b3920-5271-4827-b4c3-6a5e4542c95e,971c3213-958c-4493-bea9-456c33a809b7,BEV-005,9,700.35
ed07fad2-3085-465b-a854-52b70455b227,209eade3-916c-4610-aaf0-e3e67e34d406,BEV-001,6,446.43
78ff3f05-72be-416d-8bb6-45a74eee0d9f,209eade3-916c-4610-aaf0-e3e67e34d406,JAF-004,1,148.33
5c249126-b7ce-45bd-9f22-f04c320da9ba,209eade3-916c-4610-aaf0-e3e67e34d406,JAF-001,4,74.38
e687ddc3-5cc5-47fd-b0c0-c27e65078067,209eade3-916c-4610-aaf0-e3e67e34d406,JAF-003,2,150.32
c42c8b6f-2853-4c44-9bd1-81add55d69f9,a6a132e3-99bf-406d-9526-ac2d09dbcfcb,BEV-005,3,416.33
4238180e-50f6-4d51-9541-873a746511f9,a6a132e3-99bf-406d-9526-ac2d09dbcfcb,BEV-005,2,484.09
46ceb08c-366c-4b92-bac6-b5941bbec212,a6a132e3-99bf-406d-9526-ac2d09dbcfcb,BEV-001,10,906.86
9f256106-46a2-4e35-b377-76384c68ca19,a6a132e3-99bf-406d-9526-ac2d09dbcfcb,JAF-003,4,995.79
0ee6d7a8-5684-4c6f-87da-94bcec1341ad,a6a132e3-99bf-406d-9526-ac2d09dbcfcb,JAF-005,6,137.61
a3660b1d-0cfd-4391-a585-8c51b999cfc5,a6a132e3-99bf-406d-9526-ac2d09dbcfcb,JAF-004,6,329.98
8ac2e181-897a-430a-9674-08d269e95328,f61dd4d9-b8b4-4208-9501-1cf60ace8fd2,BEV-004,7,864.85
9849098c-9db0-48c5-bfd7-3d9c91ef582d,afc35129-7064-489f-9adb-5ff417ca4cea,BEV-001,5,708.87
71dcabd2-d211-4693-81b4-79c459d5fd62,afc35129-7064-489f-9adb-5ff417ca4cea,BEV-005,10,429.25
cdb8e546-f828-4874-9490-f31007dd5985,afc35129-7064-489f-9adb-5ff417ca4cea,JAF-003,1,809.81
5efc5a55-f65b-4842-b4e3-637041e71b79,afc35129-7064-489f-9adb-5ff417ca4cea,JAF-004,2,671.67
50cdd3c5-79aa-45ac-8e81-ee20dd341535,ab000c1a-5b66-47b2-aff6-587e1281ae00,JAF-001,3,28.96
c064398a-de02-44c7-bab2-c9b33e18483b,0c9aa633-149e-43b3-b410-e95405fa0b84,BEV-003,7,792.68
b975426d-07e0-4cbb-aff5-16ad875c219e,fd8d50db-e203-4d2a-ba0c-b7c98768a4d4,BEV-004,10,326.25
b713b0fc-74f2-4ef6-a111-b7a9a1b52b58,bc4d3759-5efa-4d52-9e14-664608ebffd9,BEV-005,2,150.41
596076f1-ded1-4b2b-8bdb-829dff488763,bc4d3759-5efa-4d52-9e14-664608ebffd9,JAF-004,2,763.04
c254efd3-9284-4c20-8c1c-536bdfc4364c,bc78b3d9-e393-4261-96b9-c7b6807271cd,BEV-003,6,170.23
2fb672bc-f799-4860-9d9b-c6e075acafa6,bc78b3d9-e393-4261-96b9-c7b6807271cd,JAF-003,4,865.99
58501084-31a3-49e8-be8f-27ea02cffffc,bc78b3d9-e393-4261-96b9-c7b6807271cd,JAF-005,2,904.47
a41be734-1f48-495d-9b79-460c8f14b556,bc78b3d9-e393-4261-96b9-c7b6807271cd,JAF-005,10,944.71
60c4e772-330a-4511-bc24-433d2e3104dc,bc9a7cb2-febf-48f5-aeec-f434c033828b,BEV-001,9,730.17
b3c52150-7767-410e-9563-86355feaba8e,bc9a7cb2-febf-48f5-aeec-f434c033828b,JAF-002,9,956.64
839f07d4-cb6e-440a-b2e8-99e27931646a,c3b81103-cbd7-4cd7-bb1c-d2beb9ca02e0,BEV-003,7,281.81
fa1c59e5-81d4-41a2-9f61-f65191a485e3,c3b81103-cbd7-4cd7-bb1c-d2beb9ca02e0,BEV-005,5,782.92
48b22b73-ec9a-44ca-8e77-3b36a0fc7879,c3b81103-cbd7-4cd7-bb1c-d2beb9ca02e0,JAF-001,9,496.03
bae6537c-a2e2-45db-83bd-40a0b69f12a3,c3b81103-cbd7-4cd7-bb1c-d2beb9ca02e0,JAF-003,9,401.31
edcb1abd-d465-4612-8c0d-cba2a71bff3f,545790d4-b911-4a20-ba4a-f3b192f0e224,BEV-001,9,351.4
d42cbc1f-ae8f-4111-aa19-6c99d5748b90,2ceff78f-5f63-449f-81b5-787628da43f5,BEV-004,2,470.42
2fe0f7c3-b674-4d16-903c-8c1c31bb86e7,3336a2d1-7f8a-4ef3-9280-bd187c5448db,BEV-001,9,510.62
eae5d5de-86f8-4259-8254-b27e5fafc481,6d760798-47c6-451c-9967-766e77b468de,BEV-004,9,524.79
1deb83e9-ed0e-4bc9-849f-3270c3465481,5242a7b3-a9ba-412c-a60c-20c1ace3f648,BEV-005,5,921.83
30f6b910-aff8-4b8b-89c3-d773f81254ba,1c44142e-ce93-4311-ba07-2d948c31aadd,BEV-001,3,886.5
632c8362-18d5-4c9e-baf1-125a245455f7,1c44142e-ce93-4311-ba07-2d948c31aadd,JAF-002,7,326.56
5a8142c9-c06a-42d1-abc7-2f7308589b0e,4eb96a6e-8e15-43ae-8010-7dc5b133a555,BEV-005,1,22.92
b190e97d-b50d-4ba9-98fb-f19d8b668d98,4eb96a6e-8e15-43ae-8010-7dc5b133a555,BEV-004,2,901.89
f1700f40-3c37-4ae4-9547-a5f41a7cf91d,4eb96a6e-8e15-43ae-8010-7dc5b133a555,BEV-001,3,688.63
bcbf2216-1d87-48e8-9eac-ae5bdc79e997,4eb96a6e-8e15-43ae-8010-7dc5b133a555,BEV-005,3,37.23
7f7b31ba-7fc4-4f6b-a84e-cc41f0044313,4eb96a6e-8e15-43ae-8010-7dc5b133a555,BEV-002,8,184.43
81cf70d7-3385-4a18-aad4-2b932987a9b2,4eb96a6e-8e15-43ae-8010-7dc5b133a555,JAF-005,6,409.49
cbe9ea66-b064-4209-80c0-9e28e7fe1f46,4eb96a6e-8e15-43ae-8010-7dc5b133a555,JAF-005,9,561.8
77e7170c-039d-48b3-87ef-9398f2fc5870,4eb96a6e-8e15-43ae-8010-7dc5b133a555,JAF-001,1,860.25
9ab948f0-b782-426e-a9dd-9ae2e5997433,4eb96a6e-8e15-43ae-8010-7dc5b133a555,JAF-003,6,243.02
73431e9d-eb28-43e2-b008-1001a8efae83,4eb96a6e-8e15-43ae-8010-7dc5b133a555,JAF-004,9,892.61
9d900774-fbb4-4668-ad03-98582bc07a58,75dcfe00-9b07-4ca3-9d42-def4dea24a9f,BEV-003,7,265.05
5afb8386-7d34-4d51-a19e-0641c1d6382a,75dcfe00-9b07-4ca3-9d42-def4dea24a9f,BEV-004,7,915.32
72ebf5d5-a379-494a-a607-6f8915c7df35,75dcfe00-9b07-4ca3-9d42-def4dea24a9f,JAF-005,7,427.92
9101db44-9f1a-4dbe-8fe4-ecfb5ef5c83c,75dcfe00-9b07-4ca3-9d42-def4dea24a9f,JAF-002,2,436.96
435bae9f-7eca-4e0a-aa19-f068d6ec6bac,082f4ca6-b2c6-4ee3-93ce-ee3563edc5df,BEV-005,2,649.55
36e4895c-4ca0-4abe-ad8a-cc41bf74c346,825dcc39-40e6-456b-9c5f-f5b6eb26a9ec,BEV-001,8,269.04
7843cb67-08a5-434b-a395-ccc31b5f25c9,c0117ce0-b1fe-4795-88cf-05348b1c8950,BEV-001,5,443.72
e4cc237c-5810-4d85-a462-d81ea9306d25,6cd632d2-3148-43e2-a6ae-f4f40c05fdb6,BEV-004,5,265.02
857867e8-ebf6-4794-9321-90e3d206daf9,6cd632d2-3148-43e2-a6ae-f4f40c05fdb6,BEV-001,6,229.28
c0fffe75-b48a-4d05-be69-7a55678579a9,6cd632d2-3148-43e2-a6ae-f4f40c05fdb6,JAF-005,9,290.35
993542a9-faa3-4297-904e-71298f65b112,6cd632d2-3148-43e2-a6ae-f4f40c05fdb6,JAF-001,3,85.45
81ab0b3e-0a07-4720-8739-f69af0d145c3,60f833fb-dc19-4b4e-838f-05c15f8f1c67,BEV-001,2,74.52
9c6e1655-d479-4f73-98c6-46211406e9e9,e9aabdbf-0a00-4b46-a3c3-6d280a99ebf5,BEV-002,2,134.08
3c7a1245-3251-4d74-8e19-baf5d8cd95a0,e9aabdbf-0a00-4b46-a3c3-6d280a99ebf5,JAF-002,7,783.68
4231da01-3d85-4358-9b26-2a9cb88ed81a,b51925e9-5d6f-4d53-8c2b-5b778ead8889,BEV-003,9,472.84
04298d5e-a874-49db-9c70-2292bc0937cd,07674adf-f6ef-401f-8b5e-b47f5b32cf4a,BEV-003,4,878.91
afa95b7e-4499-4401-9d9f-fef2e8daf0fd,c4e10aa5-19bd-4bdc-bdd8-e54849cafd48,BEV-003,1,859.19
f1d1fcb4-bcb3-4e86-a678-24e7ce18be7a,58228a87-fbd3-4304-8308-b5612301059a,BEV-001,9,440.37
185bb465-fab8-42d4-a908-3f6f907939a5,35b6050f-75cf-4301-acf3-3dac47837c54,BEV-003,2,743.97
4cb8d98c-278b-4a38-8642-e2fbb2730f8b,35b6050f-75cf-4301-acf3-3dac47837c54,JAF-001,8,68.68
db4ca7f4-f148-43e6-a107-c72c6f49cdfe,71867e23-77d7-4001-b975-e220e877de32,BEV-004,9,804.82
586a2f90-7dc9-4c95-9350-2c421cdb81ca,71867e23-77d7-4001-b975-e220e877de32,BEV-004,8,336.09
2a67f9b4-af13-4d5e-b2bd-65740f7b0122,71867e23-77d7-4001-b975-e220e877de32,BEV-003,4,704.9
8e0db784-ac9d-477c-86b1-4f7bf689ded4,2c6ed1bd-43ad-4e56-8c2e-789de8d9db58,BEV-001,6,774.96
38188590-68ad-4bdf-a2af-114c89b6370a,d2910162-1602-46a3-9dc8-d277ceba6f37,BEV-005,1,971.27
d2fa3424-060e-4bc3-8932-4ef8e473ca8d,d2910162-1602-46a3-9dc8-d277ceba6f37,JAF-001,9,117.78
800261ae-58a2-4cc4-aa10-9e8cb9833b1b,2ed2ea95-e438-4b95-92f6-d2e8249046a0,BEV-004,4,899.19
46e0775d-ac23-406d-85a1-705945b34b65,2ed2ea95-e438-4b95-92f6-d2e8249046a0,BEV-002,9,607.74
c479b913-a9d9-49a6-96c3-877599afd546,2ed2ea95-e438-4b95-92f6-d2e8249046a0,JAF-002,6,447.51
64b77604-6df7-4a58-9527-ed9762a03383,2ed2ea95-e438-4b95-92f6-d2e8249046a0,JAF-004,7,640.23
d8151398-3a74-4a9c-baba-7e50482a822c,4bcbeee3-45d7-45aa-b1a7-1dae5276606d,BEV-003,10,130.57
3cf1b53d-2d94-43ff-ad4d-7c06aab905c0,4bcbeee3-45d7-45aa-b1a7-1dae5276606d,JAF-005,9,911.3
d57c1b82-438e-4951-8ecb-93efe90b081b,4bcbeee3-45d7-45aa-b1a7-1dae5276606d,JAF-003,10,321.2
3c04ce47-f20e-450b-8e9a-31df3bf92355,8f014dce-ea09-492b-97c9-fbb34b705cc2,BEV-003,6,639.87
3a70d716-ec69-45ef-af8d-d4d91e1d6509,367d4904-0c66-4ac2-9fb2-9159d05fd255,BEV-005,9,735.76
dc5844d6-6da2-4d01-8794-1e9cd06f69c7,12a5f230-1a77-4d23-8473-1c64b0fde20a,BEV-004,10,302.7
1dde09c4-4fa0-40a0-a284-73c8ab0927fc,1ada7b12-bb5e-433d-af4f-3fb1b2fed541,BEV-003,2,699.85
0954962b-44c2-4fd3-8fdf-c430561dbd1e,1ada7b12-bb5e-433d-af4f-3fb1b2fed541,JAF-005,10,759.71
a724f7b5-df89-4d39-b15b-9906276178dc,e9bf9b0d-51bc-45a0-929b-e8a687d8f10b,BEV-005,10,140.06
2a95ba00-c084-4ae1-bc00-f93c516d655f,e9bf9b0d-51bc-45a0-929b-e8a687d8f10b,BEV-003,6,190.09
b4b9aa5b-b82a-4eb5-af3b-5a3067d43b26,e9bf9b0d-51bc-45a0-929b-e8a687d8f10b,BEV-001,3,969.36
06de4fc4-800f-4982-8f72-7427b4f2ca88,e9bf9b0d-51bc-45a0-929b-e8a687d8f10b,BEV-004,2,373.64
13face0c-72b3-486f-9c34-aa7a1d61879b,e9bf9b0d-51bc-45a0-929b-e8a687d8f10b,BEV-003,7,355.89
d3dd603b-a1e2-4e7f-b96a-dcc3b57622ea,e9bf9b0d-51bc-45a0-929b-e8a687d8f10b,JAF-002,4,571.75
03abfd2b-4f92-422e-9cea-079252d95d66,e9bf9b0d-51bc-45a0-929b-e8a687d8f10b,JAF-002,4,856.18
d5673770-e3f9-4e5f-b689-9bb5ceb02b8a,e9bf9b0d-51bc-45a0-929b-e8a687d8f10b,JAF-005,6,469.03
e06fb300-4ed7-44dd-bbf7-19f94600297d,e9bf9b0d-51bc-45a0-929b-e8a687d8f10b,JAF-001,3,825.42
f02fea79-335a-466e-8ab6-fbf71a22a150,e9bf9b0d-51bc-45a0-929b-e8a687d8f10b,JAF-002,2,82.2
4aeb64ed-08c1-467b-af77-9a69b0032c2a,45f94b3e-1152-4b93-8c64-814d45338b38,JAF-004,8,559.71
08984df2-39cc-49ee-8262-baca9d0932ca,621f580b-90ba-44f2-b16c-7739a2ba38be,BEV-002,8,744.5
10e9b07d-1def-48bf-9ba0-f9af1b8cff16,621f580b-90ba-44f2-b16c-7739a2ba38be,BEV-001,7,709.78
f1af1e1e-8aa3-4169-8e6d-8a5f5b2c9efb,621f580b-90ba-44f2-b16c-7739a2ba38be,BEV-001,8,569.36
7d91614e-675f-4f37-881b-65925e676e99,621f580b-90ba-44f2-b16c-7739a2ba38be,BEV-004,1,996.92
8d1ec972-ed13-40c0-8742-376dce074dbf,621f580b-90ba-44f2-b16c-7739a2ba38be,JAF-003,3,160.41
4bfb7b3f-77df-4ecf-9fd0-0c42a5e7bdcd,621f580b-90ba-44f2-b16c-7739a2ba38be,JAF-002,6,565.24
7d237b89-b578-4966-9666-ad09dd302684,621f580b-90ba-44f2-b16c-7739a2ba38be,JAF-004,10,320.9
05098d62-6bdd-4d57-a69d-c010ae8b3e27,621f580b-90ba-44f2-b16c-7739a2ba38be,JAF-003,9,619.2
8f8808f6-1e68-46aa-b2f9-7e395ebcfcf6,afd73a0e-c23d-4c91-82fd-998b26ab5682,BEV-005,6,623.89
07749626-4bcc-4677-8e4f-620deba601af,afd73a0e-c23d-4c91-82fd-998b26ab5682,BEV-002,8,266.76
76d2cb72-e15e-454d-a770-8d13d7927c9b,afd73a0e-c23d-4c91-82fd-998b26ab5682,BEV-005,8,620.13
2dd3b55f-f3cb-4db9-99d8-679165ee3dab,afd73a0e-c23d-4c91-82fd-998b26ab5682,BEV-004,7,942.75
d51c4293-20df-4eca-b99d-3d5a4834f8f0,afd73a0e-c23d-4c91-82fd-998b26ab5682,JAF-001,10,455.26
a0b918e2-b29c-477e-b451-bd73d022ef03,afd73a0e-c23d-4c91-82fd-998b26ab5682,JAF-004,6,33.48
b28eef32-2baf-45f0-bc7c-c5ecba813c23,afd73a0e-c23d-4c91-82fd-998b26ab5682,JAF-002,9,373.71
0218f841-7305-482f-8a95-430eb559fcba,afd73a0e-c23d-4c91-82fd-998b26ab5682,JAF-004,2,827.53
8b7e3dac-5d10-4e88-b36e-4a5df0b866b3,db4c9562-2166-4bf6-8e03-07e0d2cc3aa0,BEV-002,9,156.35
4db19206-9bb5-4328-91ad-6ff975dfd36f,db4c9562-2166-4bf6-8e03-07e0d2cc3aa0,JAF-003,2,916.47
354514d7-18ba-45e0-b396-444416070250,efa710e3-359d-47df-9f5a-b5529929369c,BEV-001,2,906.21
fb7ca82b-4b8d-4e9c-be2f-9964d9bc34d3,0c5c91b4-465a-4fbc-ba80-87fc681c5013,BEV-002,5,298.19
6f1befd6-d24d-41b9-be07-5c45eead2a5b,a0a9a0aa-d86f-408b-aafc-0da6b8fbd31c,BEV-004,1,292.57
8685baf7-5e48-4a97-b991-a086df06a839,3ffaeab6-993c-478e-8e8d-7c455a01a4a9,JAF-002,10,353.04
402f2f84-0236-4981-8014-03448ef9e814,3ffaeab6-993c-478e-8e8d-7c455a01a4a9,JAF-001,4,107.41
8dbe04a4-21fe-4a92-906e-977be17328c3,d51f43a5-f2f8-4f72-9320-801dbcceeb3a,BEV-003,6,231.43
1c1e04bb-5bda-49a0-92a6-b957194d4bfe,988415ea-05c9-4280-a7ab-241b11f67d6a,BEV-001,3,763.26
bbaf3eae-84fc-4d2f-a182-dd6105fb7cc3,988415ea-05c9-4280-a7ab-241b11f67d6a,BEV-004,9,598.46
75f7e357-5ce7-46d0-8953-3d6d59b92bf5,e78551f0-63d0-44d3-8f18-7f256c06ae76,JAF-005,7,929.58
a18027e7-47fd-402c-b04f-a3d4fbe63a07,e78551f0-63d0-44d3-8f18-7f256c06ae76,JAF-002,5,895.1
411c8e0b-a671-401e-9cd6-980283e9fbd3,e15da4a7-07bf-4c85-aaea-8eaa41d77abf,BEV-001,8,305.37
4dd0d26a-c1ff-40c7-acd3-fa2ff9e0d0d1,e15da4a7-07bf-4c85-aaea-8eaa41d77abf,JAF-002,2,257.33
cf85ba7f-406b-4085-ad19-6b5a8fa46170,18945419-0fe3-471e-ad65-d6b0b4129b7b,BEV-005,7,207.56
f5fb438a-37f9-4b8a-b478-85d2cf272db1,18945419-0fe3-471e-ad65-d6b0b4129b7b,BEV-002,3,747.47
f1613b21-4565-468e-aa50-268a01bbadce,18945419-0fe3-471e-ad65-d6b0b4129b7b,BEV-005,10,397.0
7bf7ca50-4f56-41dc-aa39-a5235956754f,18945419-0fe3-471e-ad65-d6b0b4129b7b,BEV-001,8,795.71
2eca3bd5-7135-4f99-b62a-6698773f18de,18945419-0fe3-471e-ad65-d6b0b4129b7b,BEV-001,8,744.48
8a7b9151-cb2b-4f5a-8c12-331b8e7882c2,18945419-0fe3-471e-ad65-d6b0b4129b7b,JAF-004,3,119.39
7672e937-6ffa-4a6b-9731-146b8682db00,18945419-0fe3-471e-ad65-d6b0b4129b7b,JAF-005,6,697.72
54b8b742-36cb-4fa9-a94a-190570ab4049,18945419-0fe3-471e-ad65-d6b0b4129b7b,JAF-004,2,928.92
aa05db45-ef6a-4da8-917c-2d3c3e47945a,18945419-0fe3-471e-ad65-d6b0b4129b7b,JAF-005,8,551.2
0ae96a03-d64b-4a6b-84bd-91ad8927f345,18945419-0fe3-471e-ad65-d6b0b4129b7b,JAF-003,3,310.2
276ecd3a-0087-4f09-ab66-95e242ab4d24,01c2c2b6-a669-4994-869c-7d76413000c7,BEV-004,4,147.59
2993e588-5983-4f59-a7e0-e4ef8388ec5f,01c2c2b6-a669-4994-869c-7d76413000c7,BEV-004,9,423.42
760935ba-77ce-4fca-a3a7-030ea81cb240,01c2c2b6-a669-4994-869c-7d76413000c7,BEV-001,5,676.64
e01c004c-83cf-40b9-9c04-f9438bf3d722,01c2c2b6-a669-4994-869c-7d76413000c7,JAF-005,7,875.62
0634c58c-9340-45d4-abcf-85c3b93cef02,01c2c2b6-a669-4994-869c-7d76413000c7,JAF-001,8,174.41
7ac57c0e-9ef7-4acc-9b0b-e019524a0126,01c2c2b6-a669-4994-869c-7d76413000c7,JAF-003,5,602.6
38bcb817-f0d1-40e3-a7cc-38703f47c822,4a765dbd-b8fd-4fd3-9a65-796a0b48d779,BEV-003,7,847.78
03cc9e87-0691-429a-8b78-13701e7f38d6,4a765dbd-b8fd-4fd3-9a65-796a0b48d779,BEV-004,3,382.74
488c41e4-fe5f-4859-92da-ac32971bac06,4a765dbd-b8fd-4fd3-9a65-796a0b48d779,JAF-003,2,870.39
03229b46-bbe7-4611-b8f2-6cce2d6c607e,4a765dbd-b8fd-4fd3-9a65-796a0b48d779,JAF-002,1,760.42
b7b14130-c976-4bcd-94e8-bc87f6725936,84f642a0-167a-433a-93e8-2b176a36ae5f,BEV-003,10,615.76
cea5e483-e589-4780-8cf9-ced4dbad5fa8,84f642a0-167a-433a-93e8-2b176a36ae5f,BEV-005,1,347.88
d58139b4-2ad5-4dfe-af76-a660ba583aac,84f642a0-167a-433a-93e8-2b176a36ae5f,BEV-001,6,173.98
59636031-c37a-4608-9f25-182ffc9ce0f4,84f642a0-167a-433a-93e8-2b176a36ae5f,BEV-002,7,269.5
1f9b6ea1-370c-4835-93ca-1710f0e7bb51,84f642a0-167a-433a-93e8-2b176a36ae5f,BEV-003,7,631.86
d90c70e2-ca12-49d4-a242-cda497ea0e9c,84f642a0-167a-433a-93e8-2b176a36ae5f,JAF-001,9,96.92
e5d7ee51-69e4-468f-bcdc-308190b54ae5,84f642a0-167a-433a-93e8-2b176a36ae5f,JAF-002,8,153.95
61b8a303-0714-4b50-affc-91bb111400ab,84f642a0-167a-433a-93e8-2b176a36ae5f,JAF-002,3,597.04
b008eb1e-8a84-4cad-b631-a12e0af872e5,84f642a0-167a-433a-93e8-2b176a36ae5f,JAF-005,10,401.74
230d844a-616b-4b4c-b7c4-37f31ffa245e,84f642a0-167a-433a-93e8-2b176a36ae5f,JAF-005,7,75.77
8c0ce01a-6d4f-4df5-b05a-6089b0733658,608cf3a2-8e62-4075-a63f-6b4939652ead,BEV-005,7,18.88
9d30b4c4-17a5-4a42-912a-875f37d8aa2c,608cf3a2-8e62-4075-a63f-6b4939652ead,BEV-005,1,80.09
b5c7ffc3-ce3e-430f-8644-97a25db602a6,608cf3a2-8e62-4075-a63f-6b4939652ead,BEV-004,3,394.01
c37c7dec-6f52-4651-9611-3a750878fe85,608cf3a2-8e62-4075-a63f-6b4939652ead,JAF-001,3,435.35
91fb043d-9e57-4f26-ad46-8f3b9ab7e4a0,608cf3a2-8e62-4075-a63f-6b4939652ead,JAF-001,2,404.36
c1c6f17d-405f-4f55-b38f-49eadb2b0dd7,e09979b9-2367-400d-82b4-a6cba154fbb2,JAF-005,8,647.97
7d8d2813-0020-4105-9129-99eb8cbc64e3,1f547130-82ff-47ff-b386-1bd9e33b2418,BEV-002,2,165.61
f115fee0-9f87-4f88-9c9a-b21506b0845a,1f547130-82ff-47ff-b386-1bd9e33b2418,BEV-003,5,86.48
59cc7b19-194c-4d34-b7f1-03a4712d05ca,1f547130-82ff-47ff-b386-1bd9e33b2418,JAF-002,7,395.76
019da460-68f1-499b-b38f-bcebeb8a98b1,1f547130-82ff-47ff-b386-1bd9e33b2418,JAF-002,3,311.58
2ab41c79-7c87-4e8a-b2c7-a9595b51e3d8,b8477c11-f38e-4703-876a-19dc43e54585,BEV-001,7,107.42
bd53640d-58e0-49e9-ab8a-9ec3bd00838e,b8477c11-f38e-4703-876a-19dc43e54585,BEV-001,9,933.35
fb081ad5-1d60-478a-8c2c-8b9463b87c78,b8477c11-f38e-4703-876a-19dc43e54585,BEV-003,9,929.16
abf1882d-c021-4c7c-9dcd-bd0f2fb33c02,b8477c11-f38e-4703-876a-19dc43e54585,JAF-002,7,634.3
7fbc56ad-98c3-4c5f-9fc9-18ee206d730e,b8477c11-f38e-4703-876a-19dc43e54585,JAF-001,4,220.71
af5a7b6e-d8cb-485e-ac5b-76d149693340,b8477c11-f38e-4703-876a-19dc43e54585,JAF-005,4,740.19
