ID,CUSTOMER,ORDERED_AT,STORE_ID,SUBTOTAL,TAX_PAID,ORDER_TOTAL
a3cf8819-6f36-4b41-8840-cbf6e3f0420d,2ad8ff3c-388e-429b-9b1a-67286e82bd20,2023-06-01 07:54:00,7610d689-246f-467d-8d80-991c4eef401a,700,42,742
413cc5bb-e46c-4456-99ae-766b6e23b10e,6b4f3f63-45e6-42ee-b5c4-ac03835a2d5f,2023-06-01 07:00:00,7610d689-246f-467d-8d80-991c4eef401a,600,36,636
c90802bd-801e-465d-baeb-4664d58897e7,3850daab-891a-45e9-a8de-8be8febc3137,2023-06-01 12:49:00,7610d689-246f-467d-8d80-991c4eef401a,1900,113,2013
46ae598d-1c68-4458-8cf5-df999b96dda8,879ff208-ac40-47d2-9c15-e475f635ccbe,2023-06-01 18:04:00,7610d689-246f-467d-8d80-991c4eef401a,1800,108,1908
5b8d9a0e-ccb8-401b-af3f-b65b9f06dfd0,24c316fc-ad16-45a1-9ef3-3da9d491b0e7,2023-06-01 07:43:00,7610d689-246f-467d-8d80-991c4eef401a,500,30,530
d5ef64bf-7de7-4f77-a9d4-45ae59065460,7b1522dc-cd21-4c40-b81b-3532f5b9f3eb,2023-06-01 08:06:00,7610d689-246f-467d-8d80-991c4eef401a,500,30,530
4998d7c3-6cc4-4632-9a4c-4bfe401e2f55,344bf269-6f68-41c2-a6ff-a8f4eb6f6ca7,2023-06-01 13:19:00,7610d689-246f-467d-8d80-991c4eef401a,600,36,636
8e7dcb48-69c8-4e56-b057-8c72d75a9b16,d10a856b-8bc4-4cf8-bb76-ffdcf2a50f1e,2023-06-01 12:14:00,7610d689-246f-467d-8d80-991c4eef401a,2300,138,2438
a21ce7d8-d46c-4cfc-8779-6fc38d4ae574,55f41aa9-ac35-4b25-9c3d-bd9bfe61effc,2023-06-01 18:36:00,7610d689-246f-467d-8d80-991c4eef401a,2000,120,2120
3234d914-2774-4575-b010-e288fb7f46ab,839b9759-0a61-4c7d-872f-591848c1b431,2023-06-01 07:39:00,7610d689-246f-467d-8d80-991c4eef401a,400,24,424
989cee51-5106-4622-986f-72fa8a60238e,78e869b8-1d23-4f38-b562-7cd5072dcd5a,2023-06-01 16:08:00,7610d689-246f-467d-8d80-991c4eef401a,700,42,742
a9e4a26a-6242-4df8-a1b7-4f42813cf701,4bf534e1-0071-43eb-b3ba-cf7da176d8a6,2023-06-01 16:17:00,7610d689-246f-467d-8d80-991c4eef401a,2300,138,2438
e563e338-eb79-44af-bcca-4ea79ea8d25d,3ee8e86e-7163-4316-8dfa-15db0098b81e,2023-06-01 10:32:00,7610d689-246f-467d-8d80-991c4eef401a,700,42,742
5a186b06-8bf8-4564-99c4-73061a9b71be,d96563d3-24d4-40e6-8f4e-a6c5f015d864,2023-06-01 08:53:00,7610d689-246f-467d-8d80-991c4eef401a,600,36,636
97e9396d-1061-421b-8c7c-191945f318df,44bffcdd-9613-46ca-9f05-b315de5e7ca6,2023-06-01 18:23:00,7610d689-246f-467d-8d80-991c4eef401a,900,54,954
1874e34c-4a54-4816-ba0c-580a658bdcb2,120ecf2b-f133-45a8-bab0-875cb5523df5,2023-06-01 13:55:00,7610d689-246f-467d-8d80-991c4eef401a,1200,72,1272
0b386028-fdb1-4857-b073-5dd527260f43,78d44e16-ddfd-4429-91bc-9208c7fb2fc8,2023-06-01 08:29:00,7610d689-246f-467d-8d80-991c4eef401a,700,42,742
08d5e5d4-8f92-40c9-8665-8aa3285fc7dc,eccd1acd-eac1-49d7-ad10-8883982cdf7d,2023-06-01 14:52:00,7610d689-246f-467d-8d80-991c4eef401a,600,36,636
4d53db1b-8c35-4224-b3f6-eb51d531024d,83f67506-7c12-4107-864a-918a35b4fcf9,2023-06-01 09:10:00,7610d689-246f-467d-8d80-991c4eef401a,700,42,742
86dcd910-e7a6-4ab7-8486-94193a940aa3,c366eb7d-81d8-46f9-89d9-9d09186d8503,2023-06-01 07:54:00,7610d689-246f-467d-8d80-991c4eef401a,500,30,530
43a68600-707a-4820-88c8-d4d04ad23434,d7e9c90f-0dde-41f1-9be4-09fbe640e794,2023-06-01 09:04:00,7610d689-246f-467d-8d80-991c4eef401a,400,24,424
50249165-51fb-4fad-aae8-7fd62842279c,47a4b1a8-781d-40e8-bbb2-f769c2c6b5ca,2023-06-01 07:53:00,7610d689-246f-467d-8d80-991c4eef401a,600,36,636
40271077-ad85-482b-92e2-c5245433c43a,e4c63951-a231-404c-ad26-f4a492f3447f,2023-06-01 07:59:00,7610d689-246f-467d-8d80-991c4eef401a,600,36,636
e28a8c27-fd85-466d-b1dd-16ac737283a9,0f9dcb09-ef47-45c8-9a5e-feff0a288bf2,2023-06-01 17:45:00,7610d689-246f-467d-8d80-991c4eef401a,2000,120,2120
8c837d66-6f8e-4c1b-baef-2dcefede9880,c1bbb819-8747-488a-a071-62209789dfd5,2023-06-01 13:28:00,7610d689-246f-467d-8d80-991c4eef401a,400,24,424
2fdcde6b-9462-40a0-9f54-e538de4619ea,4a15f8b9-7c0a-4643-b14d-5ec37ed6b186,2023-06-01 08:37:00,7610d689-246f-467d-8d80-991c4eef401a,500,30,530
0710bdb2-ac59-4a76-bde3-687bad54f5a8,5248f2d8-0eb8-420f-9ea5-77ec82307b9b,2023-06-01 07:49:00,7610d689-246f-467d-8d80-991c4eef401a,700,42,742
ca29806c-1ce8-4276-ac39-03f8e86618e4,fb56c2c7-1769-4c97-9197-2ffa8b82ea0e,2023-06-01 16:22:00,7610d689-246f-467d-8d80-991c4eef401a,1700,102,1802
5be036eb-b9b1-49a2-ab6e-94f29351a5cb,d656f95b-6c2e-4372-ab17-a3bbc93812c1,2023-06-01 07:08:00,7610d689-246f-467d-8d80-991c4eef401a,600,36,636
9fed6884-f372-4026-9844-9bc2afe972bf,315fd00b-6f86-43d0-97ec-4e56811af6a0,2023-06-01 13:30:00,7610d689-246f-467d-8d80-991c4eef401a,1700,102,1802
64089e85-10c8-436d-a095-82a15e909872,62626d20-2e67-4f1d-9386-1b0a5e25956c,2023-06-01 08:30:00,7610d689-246f-467d-8d80-991c4eef401a,600,36,636
3385f653-a1c3-4050-b796-dc0af19e07ee,4799ec1e-d9b9-4322-9d76-9221b4bf723f,2023-06-01 14:24:00,7610d689-246f-467d-8d80-991c4eef401a,1600,96,1696
25c0f130-6431-4582-b2d9-6d4e93b6b2ad,89608f14-f4d2-4c6b-a97e-0c4447c79081,2023-06-01 17:44:00,7610d689-246f-467d-8d80-991c4eef401a,500,30,530
cb06c1e5-97c5-4549-8a4c-6c95aaa58ecb,a06737cf-81da-48c9-8ef7-4a332da1e970,2023-06-01 16:17:00,7610d689-246f-467d-8d80-991c4eef401a,600,36,636
7003b5af-b9e4-4574-aa65-d9a14b923469,e3743c06-c5f7-40a8-adfa-bc36f0cd5c12,2023-06-01 13:18:00,7610d689-246f-467d-8d80-991c4eef401a,400,24,424
fc068e0e-7555-4d34-b4ab-75497705e994,971087ab-63dd-4337-bf42-188e6bc92ea8,2023-06-01 08:41:00,7610d689-246f-467d-8d80-991c4eef401a,600,36,636
903aebec-7ac6-457f-a114-63c4b25264c6,1ae36efc-f7b6-45de-8646-8775a98651b1,2023-06-01 12:22:00,7610d689-246f-467d-8d80-991c4eef401a,1000,60,1060
afdd6f09-ea90-4699-9a6e-adac5cf3795d,ef339016-b62e-4c27-8dee-119176b58864,2023-06-01 15:37:00,7610d689-246f-467d-8d80-991c4eef401a,1300,78,1378
a9b6b1a3-291a-4be4-a4ef-c2bb7c802a14,95ac520d-f0fc-435a-b0b4-2dcf6b90bd80,2023-06-01 07:44:00,7610d689-246f-467d-8d80-991c4eef401a,500,30,530
394697b0-ac4b-497b-9029-2c595486eebe,7b802864-fcee-410c-bdbf-7774ce4cfd97,2023-06-01 07:43:00,7610d689-246f-467d-8d80-991c4eef401a,700,42,742
2af6d204-9627-4d59-917a-13e6e6c4278c,8d19687a-737e-45da-b0d4-d686d57620d6,2023-06-01 14:16:00,7610d689-246f-467d-8d80-991c4eef401a,500,30,530
8c403049-7b49-407d-aa7b-82d5177ed098,e821bf99-a819-4aa4-89e9-8b82a338484a,2023-06-01 16:43:00,7610d689-246f-467d-8d80-991c4eef401a,400,24,424
bd871313-1692-409d-8307-49a7fbe5fc7c,de57e4f7-4879-435d-a9e1-c9a1763d4961,2023-06-01 13:16:00,7610d689-246f-467d-8d80-991c4eef401a,700,42,742
735f9a2d-bff2-40ca-9885-4a5310b1bcf5,aec16166-ed24-473e-a071-c5dc834ca0e4,2023-06-01 08:23:00,7610d689-246f-467d-8d80-991c4eef401a,500,30,530
0ba54e1a-7a37-4b78-9580-87756941ad89,c9832d9c-549d-4a87-b495-d09238d3bbed,2023-06-01 10:37:00,7610d689-246f-467d-8d80-991c4eef401a,1300,78,1378
51d56cd8-be8d-4395-8fd5-2ea94623c390,2f08d074-f43f-4139-b02d-87d7b52beb3a,2023-06-01 07:42:00,7610d689-246f-467d-8d80-991c4eef401a,700,42,742
312d3d03-e99d-49a1-8e69-087b396d7b16,926c3574-687d-438c-95a0-ad55202d049a,2023-06-01 13:03:00,7610d689-246f-467d-8d80-991c4eef401a,2300,138,2438
a46904b9-5d4f-4ebf-8bb9-647157f7b831,1dd6668a-adfe-4618-9aad-d10d78dc8272,2023-06-01 16:48:00,7610d689-246f-467d-8d80-991c4eef401a,600,36,636
30b003c2-e82e-49c2-aed7-0153006497fa,0bdabea4-30de-4ef8-b11a-a4c8de37ebd9,2023-06-01 13:10:00,7610d689-246f-467d-8d80-991c4eef401a,700,42,742
dad455ca-0783-4aec-ae79-18adcd28f44c,9a65f806-8121-4335-941d-d0326c2e4675,2023-06-01 07:14:00,7610d689-246f-467d-8d80-991c4eef401a,600,36,636
6618c18c-dc42-436e-9d3e-0ae3f25905af,6995e59e-47cf-4387-a52d-ad45ca6a518d,2023-06-01 19:58:00,7610d689-246f-467d-8d80-991c4eef401a,1700,102,1802
126f526a-e843-41c0-910c-09b09c441d89,31827348-11f6-4c64-ad78-71209fc9944b,2023-06-01 08:00:00,7610d689-246f-467d-8d80-991c4eef401a,400,24,424
941063ee-199a-497d-8c9f-5b8c944e4696,dea739e8-98c1-4dbb-ba66-3b78d7f0e319,2023-06-01 18:50:00,7610d689-246f-467d-8d80-991c4eef401a,1700,102,1802
8b2d8947-14ae-4967-a978-ea980687ffb3,36b01943-3c96-430b-be52-72d94f53799d,2023-06-01 07:24:00,7610d689-246f-467d-8d80-991c4eef401a,700,42,742
d1c62e15-ed14-449d-b9f4-080890f2653c,456ceb44-1215-4cac-8509-e0ff899b2d08,2023-06-01 14:39:00,7610d689-246f-467d-8d80-991c4eef401a,3800,227,4027
b6b61d1b-8dec-4539-8d71-03f6de62c236,5efd874a-63ad-480e-8d5e-862efb88a592,2023-06-01 15:41:00,7610d689-246f-467d-8d80-991c4eef401a,500,30,530
3f9726cb-3c46-427e-9ec6-605dc8ef168e,e4d2e9c5-4db3-42ca-92c6-33624a07b937,2023-06-01 14:18:00,7610d689-246f-467d-8d80-991c4eef401a,600,36,636
8c0ae265-5f3f-42a7-87c9-0a0b9edeb56f,0d16939d-03a0-4dd0-bc65-3b4ccb36fe79,2023-06-01 08:10:00,7610d689-246f-467d-8d80-991c4eef401a,400,24,424
44c3e55a-6838-415f-8278-4315023b269e,3a3c7ba2-c0e9-4f2e-a33b-25b75a89c624,2023-06-01 08:10:00,7610d689-246f-467d-8d80-991c4eef401a,500,30,530
d6e7ec2f-0028-414a-89dc-c18a4240bd83,d37b5f57-5b61-4029-91cd-831255b3587b,2023-06-01 07:35:00,7610d689-246f-467d-8d80-991c4eef401a,500,30,530
f295a767-a201-4471-b887-1f4c01db875c,e79b9228-3f3d-46b5-8374-fedb9dda3735,2023-06-01 16:18:00,7610d689-246f-467d-8d80-991c4eef401a,600,36,636
277f81e1-b0ae-48ca-8fd0-8c8f10756b4b,9ef64e35-2590-4115-9d1a-772a11e1b53d,2023-06-01 08:39:00,7610d689-246f-467d-8d80-991c4eef401a,600,36,636
2dc8f29a-51f6-49e4-8989-a6292fbfeda6,1939ef2f-c862-4774-bfdc-746117412833,2023-06-01 13:35:00,7610d689-246f-467d-8d80-991c4eef401a,500,30,530
021e43f7-7358-47b2-b784-23c166f553ce,1c358914-4b9d-4776-a4b9-32a4bfd77df4,2023-06-01 11:56:00,7610d689-246f-467d-8d80-991c4eef401a,400,24,424
f85fc5fc-4027-44c2-8f36-f81e0b1a873e,451da3da-7087-4d36-9ab1-436c9a4f095f,2023-06-01 15:19:00,7610d689-246f-467d-8d80-991c4eef401a,1800,108,1908
52324ced-51a0-4c70-9e48-6d422e638eb3,8c8c1c3d-4781-4046-bb38-926c9c5738d0,2023-06-01 13:15:00,7610d689-246f-467d-8d80-991c4eef401a,600,36,636
dd2e22ed-68fb-4fec-b334-7ff60cefbcb5,0e18fa04-ce72-4ff8-b56e-7f088e12c004,2023-06-01 07:45:00,7610d689-246f-467d-8d80-991c4eef401a,400,24,424
dfe40c9c-b14b-493a-a6cc-b0f15e4dc7e0,df37e08e-0277-4735-a73a-1b7c294ea7c7,2023-06-01 11:35:00,7610d689-246f-467d-8d80-991c4eef401a,1800,108,1908
0d3887ce-a963-4cbf-bb08-adc5f76990df,8d6d38a0-38c1-46db-9015-09308fac8af1,2023-06-01 15:03:00,7610d689-246f-467d-8d80-991c4eef401a,600,36,636
59d8c32f-52e0-4153-b3e8-1a10d101b128,688d0660-f2f1-48d9-866b-16769b221d35,2023-06-01 15:40:00,7610d689-246f-467d-8d80-991c4eef401a,2200,131,2331
178f98d0-5916-46d8-a5e5-fde273001909,57977a86-91ed-41b7-a3ce-5e7ede685b60,2023-06-01 07:48:00,7610d689-246f-467d-8d80-991c4eef401a,500,30,530
345566e6-397f-4a39-bacb-cfdbdcb499cc,79d9eb18-1591-4372-ad4d-893033109e57,2023-06-01 15:13:00,7610d689-246f-467d-8d80-991c4eef401a,1500,89,1589
b509b42d-6c26-47f4-b87b-77cf234bc35a,f0a48cc6-0574-42fa-be95-4d97d8329d9d,2023-06-01 14:29:00,7610d689-246f-467d-8d80-991c4eef401a,600,36,636
b576dac2-ab1e-49af-905c-be2fd99a0590,b4fcea36-9cc0-4960-91a9-75c9a5a42d37,2023-06-01 14:05:00,7610d689-246f-467d-8d80-991c4eef401a,1600,96,1696
9040d3e2-0d37-4c41-9f3b-bde95f162ce8,a6d591f5-51c1-47bb-b6d6-99c8b86751d4,2023-06-01 08:11:00,7610d689-246f-467d-8d80-991c4eef401a,500,30,530
e1450633-d4c3-4e39-9ea1-11149b52960b,0b3c441f-c735-44c7-8074-4ea0037910ed,2023-06-01 07:46:00,7610d689-246f-467d-8d80-991c4eef401a,600,36,636
ee9b994d-2bd7-4d26-9f04-3a209b6242c5,a2fe1103-58db-4c4a-bac9-3af97a20c6e0,2023-06-01 14:08:00,7610d689-246f-467d-8d80-991c4eef401a,1600,96,1696
94e6872b-06b6-4d42-b181-cc631ba95151,5d6db1ff-21b1-476e-b683-3f3658705c1b,2023-06-01 08:20:00,7610d689-246f-467d-8d80-991c4eef401a,500,30,530
dcb813cb-7f6b-4997-ab84-938f371d665a,9d540d3a-ba2a-4da2-b5b2-8596b612ef7b,2023-06-01 07:00:00,7610d689-246f-467d-8d80-991c4eef401a,600,36,636
04c97f54-c9a0-4e1d-9a9f-33886ac49c58,29d39df5-9d77-4930-8017-21db53ecf80d,2023-06-01 14:51:00,7610d689-246f-467d-8d80-991c4eef401a,2000,120,2120
c9e23fe5-ddb4-4969-b566-2112a82cb827,bddfbc57-6f52-4e22-a57a-6002563d154a,2023-06-01 08:04:00,7610d689-246f-467d-8d80-991c4eef401a,400,24,424
01a0c3c2-c38b-44ef-bee7-0208c6026bf4,b984ff09-e77c-4243-8b06-df73a4cfcab4,2023-06-01 14:25:00,7610d689-246f-467d-8d80-991c4eef401a,2100,126,2226
b4fd346e-3414-49ae-8dca-1e667f572d3f,450a1c69-f98e-4b7e-801d-fd2a78341e96,2023-06-01 08:23:00,7610d689-246f-467d-8d80-991c4eef401a,500,30,530
825c7257-7d5a-4310-9ff7-73d8639966d6,a4072cf8-44ed-4fba-a09c-52ea1253a626,2023-06-01 08:00:00,7610d689-246f-467d-8d80-991c4eef401a,500,30,530
0cd52e72-ad10-4c66-8392-ceb41f1f5c15,3046aedf-67c1-44e7-ac56-440680327361,2023-06-01 07:15:00,7610d689-246f-467d-8d80-991c4eef401a,700,42,742
91ab160d-9e9a-43b4-a3d9-18a1f2777d35,fa0e12db-f609-4728-81c6-46ef4455bb0c,2023-06-01 18:20:00,7610d689-246f-467d-8d80-991c4eef401a,600,36,636
677444d3-a0f0-445a-ba46-bc6277e3bcee,f61d0b9b-34aa-4b2d-8245-1b56c9c94307,2023-06-01 10:35:00,7610d689-246f-467d-8d80-991c4eef401a,1200,72,1272
078f7a71-b7fb-419a-8b79-b9481435c607,f7451f3e-b827-467d-92cf-0dae8d7f486f,2023-06-01 11:31:00,7610d689-246f-467d-8d80-991c4eef401a,2200,131,2331
fc9565bc-db55-48b4-ad6b-5e8211a68f03,82f489f1-31c5-4763-91dd-3afd04165450,2023-06-01 17:44:00,7610d689-246f-467d-8d80-991c4eef401a,1500,89,1589
6541819a-aa42-43d4-be38-a87197f1730e,7b88c165-b4b5-49c8-8bc5-fc7f7f0f2578,2023-06-01 07:54:00,7610d689-246f-467d-8d80-991c4eef401a,700,42,742
52a3cb42-f395-46d7-9bbf-f4565d9c7300,6b9b009b-216f-42fb-8b64-a596a810d02b,2023-06-01 11:27:00,7610d689-246f-467d-8d80-991c4eef401a,1700,102,1802
c89278c0-024e-4187-8b0d-b2653f933a1e,94d0a0fe-75c6-43be-bb84-168e040bc6d5,2023-06-01 18:59:00,7610d689-246f-467d-8d80-991c4eef401a,2000,120,2120
236a682c-8bf4-41fe-932b-e6632e07beb6,23a97ea4-4910-41fc-b79e-db7367a51abe,2023-06-01 12:26:00,7610d689-246f-467d-8d80-991c4eef401a,1500,89,1589
af5a98ac-1a69-4439-913f-c828ca06398a,cf070f90-cdd8-4549-b7e2-0c7254a5fa7d,2023-06-01 11:49:00,7610d689-246f-467d-8d80-991c4eef401a,900,54,954
587ddef2-b0a3-41bc-9d06-c2db26072c91,a6b53394-b08a-4498-b7c3-91454743d0a8,2023-06-01 08:28:00,7610d689-246f-467d-8d80-991c4eef401a,400,24,424
4138681f-9f9c-45c4-b023-aa31139d96e0,f808081a-9507-47e5-86cb-7bf828d9d4df,2023-06-01 08:22:00,7610d689-246f-467d-8d80-991c4eef401a,600,36,636
fd41c7b3-8c1c-45c9-a676-2a938d4b807a,0ecfed85-1b84-4e53-966a-152524ece0f4,2023-06-01 12:58:00,7610d689-246f-467d-8d80-991c4eef401a,1000,60,1060
35737af2-37cc-4fce-addd-99c8dd09940e,f5d008c2-6621-46ef-a6cd-0886f0fe7f96,2023-06-01 17:13:00,7610d689-246f-467d-8d80-991c4eef401a,400,24,424
3796dbdf-21d2-44d9-948e-994e4a2e9459,5d511afd-b502-4192-baad-0548251e5e6d,2023-06-01 07:10:00,7610d689-246f-467d-8d80-991c4eef401a,600,36,636
cb66dedc-7ea4-42cf-9224-22ff3900e0dd,d8b3404c-073c-45e4-8d6a-a87259956b38,2023-06-01 14:22:00,7610d689-246f-467d-8d80-991c4eef401a,1800,108,1908
ef69c8d3-b57c-46e5-b7a9-5ff7e02c0e39,4d4c7b21-8990-4720-990f-7746db61168d,2023-06-01 12:33:00,7610d689-246f-467d-8d80-991c4eef401a,400,24,424
61bda793-2b19-40c7-831e-5171217d5f52,f9841060-a614-481b-94ee-7dfe41607413,2023-06-01 07:19:00,7610d689-246f-467d-8d80-991c4eef401a,600,36,636
86749f5f-8abc-4559-b6e9-dd06bd34450b,c6bd6d54-a717-4955-a92b-b94a48db42dc,2023-06-01 07:39:00,7610d689-246f-467d-8d80-991c4eef401a,500,30,530
9d61e408-d344-4c38-a5df-241a2657d95e,eb7d2aec-bc7d-4c51-a03b-eafee6cb1d8a,2023-06-01 07:47:00,7610d689-246f-467d-8d80-991c4eef401a,700,42,742
33c8cc07-820f-4df8-ac29-4b33a71357a0,dc1554c4-7966-43d6-989b-d9371615ed70,2023-06-01 07:45:00,7610d689-246f-467d-8d80-991c4eef401a,700,42,742
43db6e72-4b02-43c6-a515-ad9cfdb50a83,0d210a5d-5016-4929-b467-3c8c4ba1ae9d,2023-06-01 08:11:00,7610d689-246f-467d-8d80-991c4eef401a,500,30,530
f22f58d9-b7ab-46e4-8920-eb639a772a43,ae87b6ae-d8fa-411b-8af9-e27f1f1ebc49,2023-06-01 14:29:00,7610d689-246f-467d-8d80-991c4eef401a,400,24,424
7485997f-2e63-43ff-8adc-28d5d59206b9,9cde1e0d-05f3-450f-bf5a-fa46ba556e66,2023-06-01 10:36:00,7610d689-246f-467d-8d80-991c4eef401a,700,42,742
1fbadbef-6d22-4184-8647-d56b9e22add2,2e87ed2f-46fa-4c3d-a250-401e8b1ce26f,2023-06-01 09:46:00,7610d689-246f-467d-8d80-991c4eef401a,400,24,424
68dedf94-0063-4da5-887b-fe3b54c5a0a6,4387d265-a651-45ac-b32f-8dc31bff999a,2023-06-01 12:26:00,7610d689-246f-467d-8d80-991c4eef401a,2000,120,2120
1cc55a32-6544-4e4c-9e87-62b01c67f3f8,026ceb52-c4fd-4803-bc22-2a3906fb6c46,2023-06-01 08:17:00,7610d689-246f-467d-8d80-991c4eef401a,400,24,424
da0a2717-be03-4504-ad8b-1c85796cfe96,c8bab90c-54a0-4996-b0b2-10caea8d5184,2023-06-01 07:38:00,7610d689-246f-467d-8d80-991c4eef401a,600,36,636
26e332d7-5f06-48e6-8341-fe09030c1f66,766271ed-188f-4288-b9f4-5a3f1a22c810,2023-06-01 18:10:00,7610d689-246f-467d-8d80-991c4eef401a,600,36,636
554830e9-b2fa-480e-ba8c-0aec9efba02c,adb75b1e-ebd5-4fb8-9ea1-91af9f74330d,2023-06-01 07:35:00,7610d689-246f-467d-8d80-991c4eef401a,400,24,424
34545a25-2408-4df8-b64c-24ab6b768799,7246a425-986b-4cc7-9db5-e2a4f0f36b37,2023-06-01 15:23:00,7610d689-246f-467d-8d80-991c4eef401a,700,42,742
60077c28-392e-4c21-91f5-f5ed8e2fc704,dafbb152-2434-4963-83a6-66bcca661251,2023-06-01 07:21:00,7610d689-246f-467d-8d80-991c4eef401a,600,36,636
ae0b04d5-6dd8-4c28-aa97-d7539de7dc19,37185ad3-bd4b-4923-b4cb-d81ca7d9dcf4,2023-06-01 19:08:00,7610d689-246f-467d-8d80-991c4eef401a,700,42,742
acdc711b-f9b1-42a6-b7bd-f80062080012,751581a7-dcae-4cd6-be9c-0170a28ec0f7,2023-06-01 08:06:00,7610d689-246f-467d-8d80-991c4eef401a,600,36,636
f32fa5ff-94ca-4f45-89dc-dd0d42925fa1,f2e6c77c-bb0e-4736-8e20-d9a300ad589a,2023-06-01 08:44:00,7610d689-246f-467d-8d80-991c4eef401a,400,24,424
78fe47c7-934b-4198-9391-4c28192fd75d,2e472783-b556-4793-892b-93e4aae66fe8,2023-06-01 08:35:00,7610d689-246f-467d-8d80-991c4eef401a,600,36,636
3ea31eea-39a6-4dc1-8ce4-073ce72a9415,22822edd-5932-40c9-8d1a-0fa99635cd0d,2023-06-01 08:29:00,7610d689-246f-467d-8d80-991c4eef401a,600,36,636
086bdb9c-f62f-4dad-8976-1fd5105cb021,b33388b4-e129-491e-bcb5-2936b41c9e74,2023-06-01 07:47:00,7610d689-246f-467d-8d80-991c4eef401a,400,24,424
b70ad2b3-7c79-42a5-b0b2-c5be313b00eb,e3591c6f-a528-4df8-bbaa-8c969c574113,2023-06-01 13:08:00,7610d689-246f-467d-8d80-991c4eef401a,600,36,636
cc3cd2c6-c23c-4e2c-9089-f3ae22396442,100b9b88-fbe2-4f5d-ab6f-986c8aabac36,2023-06-01 17:29:00,7610d689-246f-467d-8d80-991c4eef401a,600,36,636
0c1d10e6-cbaa-4f9f-92b2-c0036fd72393,8c244f6b-7f16-4409-b513-237f6c53e7f0,2023-06-01 14:24:00,7610d689-246f-467d-8d80-991c4eef401a,400,24,424
912709f3-9e49-4fae-9d6a-23f2d3b93064,25bf9611-3c9a-425d-8d25-eb3ca453e365,2023-06-01 07:00:00,7610d689-246f-467d-8d80-991c4eef401a,600,36,636
87d1765f-0069-4738-b23b-9d257242dbf4,16b323b3-be80-4671-9172-263be1a8bdee,2023-06-01 13:16:00,7610d689-246f-467d-8d80-991c4eef401a,600,36,636
c509f225-84af-490a-85fd-216c9e14bb12,f7f95a28-6e03-43ef-b3bd-87deb2cd1c39,2023-06-01 11:44:00,7610d689-246f-467d-8d80-991c4eef401a,600,36,636
0bf4ec9e-4c4e-4598-8d4e-24450614bb68,deef47c5-0b09-452c-97a3-88e756de53fb,2023-06-01 09:43:00,7610d689-246f-467d-8d80-991c4eef401a,400,24,424
5325d3e1-8878-4308-ac05-3bf7891e7ceb,3be0e2aa-b690-4a2f-a42a-323d392a2e56,2023-06-01 07:28:00,7610d689-246f-467d-8d80-991c4eef401a,400,24,424
64aa7284-be7f-4071-a7b7-f177a6e68873,eaf1ce75-babd-4767-adc4-c84916d44ea9,2023-06-01 08:41:00,7610d689-246f-467d-8d80-991c4eef401a,400,24,424
8e275da1-f492-4320-bc0d-90a02dc45874,799aa08f-1e79-4a82-bf2f-b6f16ac78452,2023-06-01 11:06:00,7610d689-246f-467d-8d80-991c4eef401a,400,24,424
193cf451-0483-4acb-84a0-052dd112623d,8ed958e2-d38f-4836-a244-19f7f1ac0ab9,2023-06-01 15:59:00,7610d689-246f-467d-8d80-991c4eef401a,1700,102,1802
54a98483-07a2-4070-aa92-a8d75f1b4c35,7a631e31-0f36-480d-9d91-b4f11b6b3531,2023-06-01 13:14:00,7610d689-246f-467d-8d80-991c4eef401a,1200,72,1272
55197b87-2113-430c-b83f-12ee3c72ec92,a511fe7a-129e-4a12-977c-655bc6f729cf,2023-06-01 08:21:00,7610d689-246f-467d-8d80-991c4eef401a,500,30,530
e40d5c6d-db6a-4d81-8483-7c5c1c20139d,f7ba70c3-65ab-41b7-b82e-557e864b3b38,2023-06-01 11:31:00,7610d689-246f-467d-8d80-991c4eef401a,400,24,424
017b64e1-ed94-42e3-aaa3-7cbe0c6ad231,181bd0ce-2a4e-4351-9ebd-df2dac1447d9,2023-06-01 10:38:00,7610d689-246f-467d-8d80-991c4eef401a,1300,78,1378
130ce2ab-7b9a-4909-9a8d-f6b1ab6ad1bb,cb35d391-3f6e-4b75-9150-0d9b47d1a9fb,2023-06-01 13:28:00,7610d689-246f-467d-8d80-991c4eef401a,700,42,742
a40f304b-4eb6-45bc-a99d-d7bb6f592ddd,71bd1014-f18c-4f9e-9f6e-a744c212f185,2023-06-01 17:35:00,7610d689-246f-467d-8d80-991c4eef401a,1800,108,1908
eed19efc-37fe-45de-8943-702fcab3aa76,271669e0-565e-4dd1-8b33-5e785cdcb331,2023-06-01 07:47:00,7610d689-246f-467d-8d80-991c4eef401a,600,36,636
0aba21be-5c20-4bfb-b337-f16ae255a69b,3627aff8-26f1-46d0-bc9e-7a087e8ee05a,2023-06-01 11:36:00,7610d689-246f-467d-8d80-991c4eef401a,500,30,530
eb27b9d3-bc37-460c-98b0-80d5f69e81c6,25a1ae12-da1a-47ba-8cc5-93ddde1bdd8a,2023-06-01 11:50:00,7610d689-246f-467d-8d80-991c4eef401a,600,36,636
1da0f3f4-086c-438f-bb1a-01c56c93033b,3a4bfb82-86e6-493d-a5c5-7f5f15da46b2,2023-06-01 16:51:00,7610d689-246f-467d-8d80-991c4eef401a,500,30,530
df34ac42-114c-48db-a2b6-5a442cff6a00,1ce75bf8-af62-46ae-9ec1-bea716d67cd0,2023-06-01 08:23:00,7610d689-246f-467d-8d80-991c4eef401a,700,42,742
1ab64c1f-f19c-4296-9d2e-33bd7bcec69a,9d86b78b-c5a3-4c47-afde-b6f079c7571f,2023-06-01 08:03:00,7610d689-246f-467d-8d80-991c4eef401a,700,42,742
41e83c72-d38e-41b2-acf4-a2968f3f8d09,d922bdd6-209c-46aa-88e0-42fa58d126fd,2023-06-01 10:56:00,7610d689-246f-467d-8d80-991c4eef401a,500,30,530
11fb41d9-975a-4b27-a727-faed02a51b88,5d0fd1a2-46fb-4f0c-87fd-e8ed66d5d4f1,2023-06-01 13:01:00,7610d689-246f-467d-8d80-991c4eef401a,1100,65,1165
36146357-e986-4cf3-b99d-6e1b02187a88,d6395bce-5b79-4dbe-b156-3fd6e59f0e76,2023-06-01 16:41:00,7610d689-246f-467d-8d80-991c4eef401a,1800,108,1908
31ee4a85-6baa-47f8-be40-127781555a74,9db7710b-d037-4a6e-8d62-d1553af9b074,2023-06-01 14:16:00,7610d689-246f-467d-8d80-991c4eef401a,1900,113,2013
e3c29f93-27bf-457f-9679-55daea3a5ee7,14ea6d96-393f-46a5-8725-05273c037ba8,2023-06-01 19:49:00,7610d689-246f-467d-8d80-991c4eef401a,1700,102,1802
a72fac85-eb79-4214-a58b-7cfb4af94921,83c2a0a0-ef47-41c3-8130-f4c4bfada767,2023-06-01 07:59:00,7610d689-246f-467d-8d80-991c4eef401a,600,36,636
1c706e64-1961-46c2-a101-e7108a9b5eed,534e8469-a018-4efb-a1cc-fd23169c8c8e,2023-06-01 15:00:00,7610d689-246f-467d-8d80-991c4eef401a,600,36,636
53029b73-580a-4d7e-90fc-24f508eca9f8,a5789ae7-87e8-4e02-a0f5-ed465d5b9332,2023-06-01 12:36:00,7610d689-246f-467d-8d80-991c4eef401a,1700,102,1802
a8946e4d-e117-4844-af41-109f7feb21e4,201c75dc-d0d2-49d0-8a57-a674c91be28c,2023-06-01 08:24:00,7610d689-246f-467d-8d80-991c4eef401a,600,36,636
70aec651-8d26-44d0-ad53-82bb809cfed7,66419994-ccb4-4a5e-8104-430d9f05b787,2023-06-01 12:51:00,7610d689-246f-467d-8d80-991c4eef401a,400,24,424
7b42e1b5-2f36-4706-b9d6-e9438b65a4f6,e59558e5-bf1d-4ab7-ab9f-192967a99993,2023-06-01 12:52:00,7610d689-246f-467d-8d80-991c4eef401a,1900,113,2013
eb4e616e-cd77-48aa-a85c-48be9a12aa50,e90f9656-4dbb-43c9-b92e-183e7616d870,2023-06-01 14:53:00,7610d689-246f-467d-8d80-991c4eef401a,700,42,742
7639a1ac-3340-4de1-a0bf-78ba69486ea9,50a245b4-409d-40b4-859a-497ffa53d3b5,2023-06-01 07:29:00,7610d689-246f-467d-8d80-991c4eef401a,700,42,742
413f46a9-a6d6-467f-901e-4b0845164827,97d9be9c-5910-4341-9c34-db0a5d21792b,2023-06-01 08:39:00,7610d689-246f-467d-8d80-991c4eef401a,500,30,530
8e41beb0-7c72-49d9-a8f0-851c3d264b24,2168d1cd-b8d0-48cc-bba5-45bde32172ca,2023-06-01 07:51:00,7610d689-246f-467d-8d80-991c4eef401a,4100,246,4346
c85fe637-548c-4c1d-b531-4dd2c6cb7c58,456fdbb1-8895-420f-8c28-844dbee62b72,2023-06-01 07:47:00,7610d689-246f-467d-8d80-991c4eef401a,600,36,636
e4d3ec55-62af-4f2b-bee4-1c303193454d,58ae6de0-40c0-4c65-8c85-52d2e83d9fee,2023-06-01 13:28:00,7610d689-246f-467d-8d80-991c4eef401a,2600,156,2756
0a93f3d1-82fe-4516-8bd0-b8dece13168b,0f0fef3b-66fb-4716-9807-7a8a2bcec7e7,2023-06-01 10:43:00,7610d689-246f-467d-8d80-991c4eef401a,400,24,424
8afe1dab-17d1-42ca-b359-095f4baff8be,d2c80c70-0626-4e92-9115-8ce300b3a153,2023-06-01 08:25:00,7610d689-246f-467d-8d80-991c4eef401a,500,30,530
86e27704-077e-46f3-a816-792866d8cdf9,87ab0db5-dea7-42ec-9f0c-2845b0311a5e,2023-06-01 08:05:00,7610d689-246f-467d-8d80-991c4eef401a,500,30,530
e01022af-b47e-4732-af9a-f4f6e51f8e61,309669c8-42b3-43b1-8123-2be569933a0c,2023-06-01 11:05:00,7610d689-246f-467d-8d80-991c4eef401a,700,42,742
c16e74cf-3f96-4468-8169-4a27a21b9fbe,2b93a0e5-e89b-480f-9229-d927b0cb04d5,2023-06-01 08:50:00,7610d689-246f-467d-8d80-991c4eef401a,700,42,742
eebf1379-65dd-4a92-ab45-df8141400e32,5e25b7e9-263f-487e-ab81-22525d48e71b,2023-06-01 07:43:00,7610d689-246f-467d-8d80-991c4eef401a,600,36,636
99ab80f9-db75-4646-9f1f-87bd0fdf7073,665e2199-3e9c-44d4-ad37-fdaad66a174c,2023-06-01 07:40:00,7610d689-246f-467d-8d80-991c4eef401a,600,36,636
977bdf03-48ef-43be-b8ba-56d0233a7179,1c9cfb2c-1d6e-42ea-abd2-7970d24360ec,2023-06-01 07:39:00,7610d689-246f-467d-8d80-991c4eef401a,700,42,742
9b75307d-3a5a-496b-85c7-1a3c6196f3a8,a81521ff-21dd-4fea-8e3f-fe9c4a1dc1e8,2023-06-01 08:37:00,7610d689-246f-467d-8d80-991c4eef401a,500,30,530
0220a63a-0d8e-4b68-9e78-630c2203eede,2c3b36b1-b188-488e-b426-1cb1ed10393a,2023-06-01 13:11:00,7610d689-246f-467d-8d80-991c4eef401a,400,24,424
13a7ea59-3a8b-464e-8be2-682811f5ab2f,48959ed8-08dd-4ef2-bffb-7a52f1416a29,2023-06-01 12:55:00,7610d689-246f-467d-8d80-991c4eef401a,400,24,424
26020386-9155-4fc0-ba9c-35e460ac48a6,86440644-0c75-465f-bdeb-900d87ec40d4,2023-06-01 07:39:00,7610d689-246f-467d-8d80-991c4eef401a,600,36,636
de21eded-2e14-4f3f-9b77-e1762fb08244,ab65ad9c-95b5-49a5-8338-0a5c83d5817f,2023-06-01 16:24:00,7610d689-246f-467d-8d80-991c4eef401a,1100,65,1165
60b36098-ed37-4f7f-aa14-7a54cd430810,3fccd325-23ce-47e6-a2e5-3f5b609113a9,2023-06-01 14:57:00,7610d689-246f-467d-8d80-991c4eef401a,600,36,636
b02f4fd4-61a1-4338-ab4c-9a92a094dfe9,f823dac0-6919-4b52-bdc1-4e4e7aa07baa,2023-06-01 11:47:00,7610d689-246f-467d-8d80-991c4eef401a,3100,186,3286
f758a65b-59d7-49a1-9f48-e7ccd43e4e95,a35a2470-78bd-43fe-aca9-e82d731daecc,2023-06-01 10:40:00,7610d689-246f-467d-8d80-991c4eef401a,700,42,742
1d686850-6a69-43a6-bdd4-7083745a1397,22fa3e88-bc50-4934-8b6d-1e16ec124ea5,2023-06-01 16:50:00,7610d689-246f-467d-8d80-991c4eef401a,1300,78,1378
bba9b492-c5dc-4574-ab1d-80f3c69a54ca,d3c6c1f1-8fad-4e3b-b090-1739abc57cf0,2023-06-01 07:46:00,7610d689-246f-467d-8d80-991c4eef401a,500,30,530
8361c4dd-1f17-4e6f-9fc6-0816640840eb,d60e7604-3b35-41cb-91c6-f220b3e8eb3d,2023-06-01 15:29:00,7610d689-246f-467d-8d80-991c4eef401a,600,36,636
32e65ee5-3d51-4b22-8899-36671610cbf2,152e39ef-e32b-4140-8d4c-84e1f4efe4ab,2023-06-01 11:59:00,7610d689-246f-467d-8d80-991c4eef401a,500,30,530
29cec9a1-017f-4bb5-919b-d834917dfd2e,6a0d13b3-0aa7-4970-94b1-a9b08fc329d9,2023-06-01 14:51:00,7610d689-246f-467d-8d80-991c4eef401a,600,36,636
8c16fa79-de14-47f8-afa8-1fc03aedbfe0,16055520-2c72-4e4e-9f92-bac49b61437c,2023-06-01 07:07:00,7610d689-246f-467d-8d80-991c4eef401a,600,36,636
8bffc0e4-e2b2-4639-a1b6-50589c9a41b4,a9a3224d-e299-4835-95d7-96b2ae764b03,2023-06-01 18:08:00,7610d689-246f-467d-8d80-991c4eef401a,700,42,742
a1a1f8f6-acb6-4dea-b2b5-129623592f9d,d23ca980-dbeb-418a-b89b-bca1590263ee,2023-06-01 14:16:00,7610d689-246f-467d-8d80-991c4eef401a,400,24,424
794170b7-3cd1-43da-9122-2703e53bae29,f48bd87a-ff07-4581-a471-bcb2cd91cd1b,2023-06-01 14:57:00,7610d689-246f-467d-8d80-991c4eef401a,600,36,636
180b615f-45ee-4f08-ac21-ba1909f52ae4,ea8db837-54ac-4615-ab01-9e1d9f2d3ec1,2023-06-01 07:42:00,7610d689-246f-467d-8d80-991c4eef401a,500,30,530
61f7ca63-cb16-49eb-aece-49ff51b2a4d9,ef0b0d0b-5ecf-4f39-8937-bb9ddaaadfa3,2023-06-01 13:46:00,7610d689-246f-467d-8d80-991c4eef401a,2200,131,2331
102de337-51c7-494a-bd57-55ee5181a64b,3e6e1b4a-51e9-407e-b8ab-ed1e11fd056f,2023-06-01 14:28:00,7610d689-246f-467d-8d80-991c4eef401a,600,36,636
1393b0af-4747-4c74-88a1-d7025eb0b555,572afe5e-e82a-45af-aaac-35948537d83b,2023-06-01 13:08:00,7610d689-246f-467d-8d80-991c4eef401a,400,24,424
318b4fcb-5dee-4dab-a376-df192a4fd6b1,786e1981-a9d6-4f2b-9c24-a4d3dd7c7e17,2023-06-01 09:46:00,7610d689-246f-467d-8d80-991c4eef401a,1800,108,1908
e7b99794-c42f-4ecd-ae39-50a340ef5cf9,7fe3d1b7-4c1f-4ba2-9a83-9b48c757dcd2,2023-06-01 19:45:00,7610d689-246f-467d-8d80-991c4eef401a,500,30,530
a94d2929-2d0c-4442-887f-b63fd4a29285,e59b4e1f-ba7c-401c-8106-d4745af1b66c,2023-06-01 14:50:00,7610d689-246f-467d-8d80-991c4eef401a,1700,102,1802
f3d9760b-a408-47fd-89e1-46eae304ec8c,8cfe2de3-d27a-456f-ae33-517251aeee4e,2023-06-01 14:08:00,7610d689-246f-467d-8d80-991c4eef401a,500,30,530
e3d6fc78-a709-425e-b632-c71d97d8053d,df3c2d1d-30e2-4371-9b43-3fd918f475bb,2023-06-01 07:00:00,7610d689-246f-467d-8d80-991c4eef401a,700,42,742
b57a47d0-c0e3-4d43-bfb4-530416f05194,f695d71e-f422-4325-9add-b509be6e4bf1,2023-06-01 09:51:00,7610d689-246f-467d-8d80-991c4eef401a,700,42,742
cfe38b76-73e4-4045-9b70-2b43b564c26f,b95564b0-779d-41ad-9da0-5f65a142d02c,2023-06-01 07:24:00,7610d689-246f-467d-8d80-991c4eef401a,500,30,530
b1fceaf7-9205-4c73-81a4-a99d83638eb4,3b549ccd-b818-46d6-bb5c-7b514dc724ff,2023-06-01 07:46:00,7610d689-246f-467d-8d80-991c4eef401a,700,42,742
0da16fd8-0ffa-4ca5-971a-0b92bef9d267,b5c391ec-6795-4c92-8074-f881d65b8bb1,2023-06-01 12:54:00,7610d689-246f-467d-8d80-991c4eef401a,1700,102,1802
f8c19c8a-e790-418e-9098-305dd8b4f8b1,8cceb015-0ebd-4bfa-89b5-d5740ebf5eb4,2023-06-01 12:02:00,7610d689-246f-467d-8d80-991c4eef401a,500,30,530
3850cf19-e9dc-49a9-8e1b-609979bcb8a3,ba8a3b82-1b25-4eb0-bcd3-e172ca44a871,2023-06-01 12:14:00,7610d689-246f-467d-8d80-991c4eef401a,700,42,742
c1d74e19-67b7-4c97-9378-82157a14280f,19a5fabf-dfd8-444b-a759-fba1764e5bf1,2023-06-01 14:31:00,7610d689-246f-467d-8d80-991c4eef401a,1800,108,1908
18a54729-1577-4c96-99a3-bb9604f20981,33312611-32f7-45e9-a1ba-76224a4efaf1,2023-06-01 14:36:00,7610d689-246f-467d-8d80-991c4eef401a,1700,102,1802
0e5c387c-910c-4bd9-a3ad-fffd88383d2d,2df21d90-54d9-4bfc-9b00-12048e94bf7f,2023-06-01 07:26:00,7610d689-246f-467d-8d80-991c4eef401a,700,42,742
b05332ec-8ced-48c1-872a-b70f21970f4d,61432b99-679b-4a15-8732-0fcb17a5ef7c,2023-06-01 08:34:00,7610d689-246f-467d-8d80-991c4eef401a,700,42,742
88146d8e-6a5a-4188-be93-026fb072a3c1,905454f7-790f-4855-9e6d-6506f375381a,2023-06-01 08:02:00,7610d689-246f-467d-8d80-991c4eef401a,400,24,424
ced75707-62a0-4cc6-bbff-683a6a1b5277,e44343af-786f-460f-afe9-276fafd4ab72,2023-06-01 14:38:00,7610d689-246f-467d-8d80-991c4eef401a,500,30,530
5642bf70-eb02-4d90-9318-c4103d2dd9e9,270fc651-fdbe-43d7-b9d3-e6bc8d729c00,2023-06-01 14:39:00,7610d689-246f-467d-8d80-991c4eef401a,600,36,636
9cab258c-083f-48e1-bd07-bf253100f833,e5deefa3-49a9-41cf-9230-a2ac99a13b74,2023-06-01 16:05:00,7610d689-246f-467d-8d80-991c4eef401a,1500,89,1589
72d3d05f-be68-4d18-a3a4-2e0c7d51a526,a8d4018e-74dd-481b-9ec0-047653c406bc,2023-06-01 10:41:00,7610d689-246f-467d-8d80-991c4eef401a,1200,72,1272
6cbe362a-d581-4a53-a567-35dced9946e2,59ee54e5-38ad-4363-846b-dca7d019674a,2023-06-01 16:04:00,7610d689-246f-467d-8d80-991c4eef401a,500,30,530
bb4fb996-f396-455d-93dd-3f7bb9ba37f6,1fe8a9e9-5e8e-41ed-8f2f-e16bb832f81e,2023-06-01 12:20:00,7610d689-246f-467d-8d80-991c4eef401a,600,36,636
306a7346-d9e6-4dd7-b26c-5c825656302a,b8e6d5cf-5320-400d-9a7a-d392e280ff9a,2023-06-01 07:44:00,7610d689-246f-467d-8d80-991c4eef401a,600,36,636
87b2b1c1-84e7-4a35-8766-91fd0421c2ed,55a186ff-9bda-4b51-8717-546300299f58,2023-06-01 08:32:00,7610d689-246f-467d-8d80-991c4eef401a,600,36,636
849bfd6c-05d5-4af5-abfb-dfa9e32dc83e,dfe2ecc4-6a89-42bf-809d-eb6d3b80f03c,2023-06-01 08:34:00,7610d689-246f-467d-8d80-991c4eef401a,700,42,742
828eca71-9156-4df5-b312-eef5923c6c0d,8f860c47-6ffb-400d-a5ea-1b3309f59667,2023-06-01 07:29:00,7610d689-246f-467d-8d80-991c4eef401a,700,42,742
6f160178-db22-430a-82a1-7652a4cad277,8e668625-bb53-48d3-8a35-337b6bfe0528,2023-06-01 08:27:00,7610d689-246f-467d-8d80-991c4eef401a,400,24,424
88243ad7-e989-4ae6-b3f8-fd9edb42cd81,4cabdc2c-b086-49e3-8537-89e9ff05bfc2,2023-06-01 15:11:00,7610d689-246f-467d-8d80-991c4eef401a,1700,102,1802
0672f6c9-4fe3-4e39-a923-809227310b7b,8b985220-0522-4c7e-9086-b5e3ec1da5ad,2023-06-01 09:00:00,7610d689-246f-467d-8d80-991c4eef401a,1000,60,1060
2541a374-f388-44a2-b3c4-14dcf1eca689,ff579c5a-cd8c-4e66-9fa5-5efd193c7c97,2023-06-01 17:37:00,7610d689-246f-467d-8d80-991c4eef401a,1800,108,1908
511cfa56-8579-42cb-8d13-04da388747e6,c15f166b-5eea-4544-95ba-c06ab6bdfd54,2023-06-01 12:17:00,7610d689-246f-467d-8d80-991c4eef401a,600,36,636
35e5185b-ee02-4fc8-92eb-dd1375add268,4c0311a9-36a1-489e-b9a6-d0c6fbb216d0,2023-06-01 14:23:00,7610d689-246f-467d-8d80-991c4eef401a,600,36,636
acb07436-c7d2-44c9-a6c0-8d5cf26682b7,21b47c14-85e6-4345-8b75-fb865313023c,2023-06-01 07:22:00,7610d689-246f-467d-8d80-991c4eef401a,400,24,424
6c8f86ff-134f-44c6-9a0e-9ffab6ff3452,de438868-012e-4090-a23f-435fe782ba8a,2023-06-01 08:04:00,7610d689-246f-467d-8d80-991c4eef401a,600,36,636
3471df66-0818-492e-bb69-ed249e5d0af7,837e09f7-4460-4e4c-9dd1-15e51783c049,2023-06-01 17:04:00,7610d689-246f-467d-8d80-991c4eef401a,500,30,530
a27889ca-f5b4-40d1-82fd-9aec1bb90763,76e0ad61-6f0a-4ff9-ac30-b153a4382299,2023-06-01 07:45:00,7610d689-246f-467d-8d80-991c4eef401a,400,24,424
30003a9e-d0e9-43bb-baf1-1b78c7fc8f14,46f597eb-c54b-4468-9b5f-709bcfed28fb,2023-06-01 14:10:00,7610d689-246f-467d-8d80-991c4eef401a,700,42,742
39019fe6-2683-4b47-bd43-e49af9b989bc,74f8b5d2-4353-4a1d-9d09-c4b033ed1e78,2023-06-01 08:04:00,7610d689-246f-467d-8d80-991c4eef401a,500,30,530
d846d2ed-149d-437f-8668-b0e524a97865,b072f983-a206-4f65-a800-d1b376f074a7,2023-06-01 14:32:00,7610d689-246f-467d-8d80-991c4eef401a,1200,72,1272
b529e92e-a6c5-421b-aeba-84cd0170ca96,468be53a-0f82-4ec2-9400-cfb722feb061,2023-06-01 17:21:00,7610d689-246f-467d-8d80-991c4eef401a,700,42,742
a0b1daf4-3d2e-498f-a751-663a18884c9b,596d7dac-fc6c-42b7-9cff-4833a8b8fd1e,2023-06-01 14:48:00,7610d689-246f-467d-8d80-991c4eef401a,1800,108,1908
671f2249-9168-4e42-8ed0-23f00e48825e,c986bb68-164c-4e7f-a21e-3a9ca1a37de2,2023-06-01 17:49:00,7610d689-246f-467d-8d80-991c4eef401a,1500,89,1589
ba34ed2a-fa00-44c9-8176-0f2522d24153,472069b9-a61b-4488-b3d3-77fd6e057685,2023-06-01 08:06:00,7610d689-246f-467d-8d80-991c4eef401a,500,30,530
b6408c15-82d0-4c84-bbbc-5fa2868cb348,c8ecfe04-79be-48af-8d12-9542ae15e266,2023-06-01 07:53:00,7610d689-246f-467d-8d80-991c4eef401a,600,36,636
add3074d-c8bf-4a61-8239-ae9918a8106a,eb33fc86-6f35-4862-88ff-4bf1a6932bc9,2023-06-01 17:22:00,7610d689-246f-467d-8d80-991c4eef401a,400,24,424
737abace-a49d-4410-a2c9-30943be3b621,02af6d80-129a-42e4-99b4-70b2f68dc3b9,2023-06-01 16:53:00,7610d689-246f-467d-8d80-991c4eef401a,500,30,530
9ca7458f-3595-4522-b19e-96f816c80a3a,e67d7853-2d8a-47ea-9663-bfd7a3edb563,2023-06-01 11:00:00,7610d689-246f-467d-8d80-991c4eef401a,1200,72,1272
1d96cc67-ca06-4639-954c-358047c4cca6,42f1d1af-ac2e-42d7-80bc-e1dd04b9bce8,2023-06-01 07:04:00,7610d689-246f-467d-8d80-991c4eef401a,400,24,424
53ec8a73-81af-49f8-8159-93d0557afbf4,6784c527-d377-48d4-95b3-6d31959e6715,2023-06-01 13:12:00,7610d689-246f-467d-8d80-991c4eef401a,1800,108,1908
d7aa59f4-6b8d-4270-9e65-b7ebe0033be9,027e3ca9-84de-4e85-8dfd-499df27dd3e9,2023-06-01 11:59:00,7610d689-246f-467d-8d80-991c4eef401a,1700,102,1802
563f963e-2dfc-442f-a9d2-607299e8e4d6,9a14fd59-3f1b-40ec-ba02-2b2164bc44d7,2023-06-01 08:37:00,7610d689-246f-467d-8d80-991c4eef401a,700,42,742
719a92c1-3380-4862-9cf3-cc24cef52f16,6748aa69-7dcb-49d4-b579-9148e01a46b2,2023-06-01 15:54:00,7610d689-246f-467d-8d80-991c4eef401a,900,54,954
40907833-2b4d-45de-bf52-b3ee31a00c2a,b973cfc5-c344-4b2d-8fc4-92b69286c494,2023-06-01 11:27:00,7610d689-246f-467d-8d80-991c4eef401a,600,36,636
d60b5f26-0783-42ac-a88d-989740b23a90,4016b41b-6b04-4ecf-944a-2dec96832f6d,2023-06-01 08:39:00,7610d689-246f-467d-8d80-991c4eef401a,600,36,636
01fb7ceb-013b-42c6-80a2-d4d215cc1600,636b3d28-0139-4e15-93c7-8953b8835726,2023-06-01 17:20:00,7610d689-246f-467d-8d80-991c4eef401a,600,36,636
a1ccf27c-6110-4b4c-b140-9e031e82901c,1691b5c0-20da-438a-8bc7-8f68cdfc6996,2023-06-01 14:57:00,7610d689-246f-467d-8d80-991c4eef401a,500,30,530
3afea839-3aa4-44fc-9c2d-4be5e7320141,9ec80e0e-eb2a-4cd5-8281-acd97008a40e,2023-06-01 12:38:00,7610d689-246f-467d-8d80-991c4eef401a,1700,102,1802
2ec3a74d-d85f-415d-80b2-cbe30a259328,4a9dcd92-3db5-4302-a109-4688ef1daf51,2023-06-01 15:48:00,7610d689-246f-467d-8d80-991c4eef401a,1800,108,1908
6356727c-7f1f-410d-829c-f15948af5556,6436c05b-2e1d-493a-8e5b-8a81dfbb6d27,2023-06-01 14:59:00,7610d689-246f-467d-8d80-991c4eef401a,1800,108,1908
de37560f-3358-499c-b88d-1d02f9ebe3a1,cca4d2f2-7b78-4400-800f-84e9491d330d,2023-06-01 11:12:00,7610d689-246f-467d-8d80-991c4eef401a,1400,84,1484
b33c3bfb-488b-4654-84fa-4f4c4e68c15f,f57f8c58-ddd5-4ef6-9098-f1f0e6d117ec,2023-06-01 13:30:00,7610d689-246f-467d-8d80-991c4eef401a,600,36,636
d3f6e9ad-aa47-49ed-bfa4-9263abc1fb81,7612fe7c-aedd-4547-aade-25b4911619c9,2023-06-01 16:58:00,7610d689-246f-467d-8d80-991c4eef401a,500,30,530
98de725b-a98b-478f-a31b-1b853300fe38,d2a66d78-098a-4e8a-9de8-8f53f73a1a68,2023-06-01 08:30:00,7610d689-246f-467d-8d80-991c4eef401a,2300,138,2438
5dc2bac1-f95a-4837-889c-b52c7a2ba9ca,f4898a14-5fe5-48dc-b6bb-1f435392dede,2023-06-01 10:26:00,7610d689-246f-467d-8d80-991c4eef401a,1600,96,1696
b0c5cb8c-bd1b-43bf-8bef-03f267ff7210,3293ca28-2970-404e-a298-f74c760d7810,2023-06-01 07:43:00,7610d689-246f-467d-8d80-991c4eef401a,500,30,530
71daf9ca-b5e7-45dc-8e95-4439e0aa5968,3029df46-1cef-45bc-9293-520cc8b0255e,2023-06-01 08:29:00,7610d689-246f-467d-8d80-991c4eef401a,400,24,424
9f28d1a1-c219-4c7b-aa3e-cb76bd210f51,72bac195-4083-485e-9081-df5b269d5f48,2023-06-01 18:05:00,7610d689-246f-467d-8d80-991c4eef401a,500,30,530
e65d7ee2-5b62-444d-8b5e-fd59f7ca7311,7fdb55c5-62a9-432b-b904-0c8667b2e7aa,2023-06-01 14:22:00,7610d689-246f-467d-8d80-991c4eef401a,600,36,636
1fdeef70-4a33-49f5-8349-c56ccfc29353,3981431e-68a6-4f25-8919-294206d4e783,2023-06-01 08:09:00,7610d689-246f-467d-8d80-991c4eef401a,500,30,530
bcc8cced-01a8-4479-bfac-81ccc2e449ac,25e6bad5-7ed0-46b3-b595-aa6cfe8d5e51,2023-06-01 11:48:00,7610d689-246f-467d-8d80-991c4eef401a,600,36,636
c1123928-01b5-4039-a2d1-1b7ee0705e82,e8624338-c99b-4285-8018-073b5931f3d7,2023-06-01 15:03:00,7610d689-246f-467d-8d80-991c4eef401a,1900,113,2013
95b2acb6-ca52-413e-a6d9-e10867dde358,b79f9939-07ce-4f15-bdca-a9e5a43ab862,2023-06-01 16:31:00,7610d689-246f-467d-8d80-991c4eef401a,600,36,636
c6044e36-f476-4c90-ab6f-0b113bf186b4,3bf43252-3e01-4d5b-afd5-8aa6abc59e89,2023-06-01 10:31:00,7610d689-246f-467d-8d80-991c4eef401a,2000,120,2120
258fc111-356a-4d53-8769-4cee71b17cd8,f8a9b9e5-b4c7-416f-acfd-3b5727417698,2023-06-01 08:23:00,7610d689-246f-467d-8d80-991c4eef401a,600,36,636
d6c7ce41-35f3-4b6a-ba04-1af728611fd4,27b1e612-2cfe-43aa-bb58-c92646126951,2023-06-01 08:50:00,7610d689-246f-467d-8d80-991c4eef401a,600,36,636
d0f84d2a-45f5-4378-b062-9b514cfa0df2,3706d905-3e5a-4227-9c02-f96968365cef,2023-06-01 10:38:00,7610d689-246f-467d-8d80-991c4eef401a,400,24,424
a3d1f740-fa2e-453e-ac28-028994637315,b5184b09-3ae6-4520-bc09-912e7eec1e67,2023-06-01 16:04:00,7610d689-246f-467d-8d80-991c4eef401a,1500,89,1589
30e77ec4-e080-412a-a13a-91d6273baa59,814c405f-ca8b-4bb0-865c-7c89447ff10a,2023-06-01 08:24:00,7610d689-246f-467d-8d80-991c4eef401a,1800,108,1908
4ed4d87b-a39d-4872-9584-d4aabd87f6dc,5cc04c18-22fc-4740-a0eb-1525efaf23ad,2023-06-01 10:46:00,7610d689-246f-467d-8d80-991c4eef401a,2400,144,2544
a1b67cd3-531b-4d94-bec4-04adeb561592,5bfe0dae-1b79-4360-a29c-17e9ca7851f9,2023-06-01 16:59:00,7610d689-246f-467d-8d80-991c4eef401a,1700,102,1802
46ca97f3-f236-4b4e-be4f-a33ad9abd573,1995de61-30f6-4038-b73d-34f4948e764f,2023-06-01 16:42:00,7610d689-246f-467d-8d80-991c4eef401a,500,30,530
6193a4bc-2999-41b0-9c85-20a1699e7ec0,25c97ef3-e3df-4437-81ea-031cf9228009,2023-06-01 12:48:00,7610d689-246f-467d-8d80-991c4eef401a,600,36,636
0a2fc100-52f8-43a5-a214-3942f5438419,23e45a32-b6fd-408a-ba27-924b1070c001,2023-06-01 07:28:00,7610d689-246f-467d-8d80-991c4eef401a,500,30,530
b18f5c12-bd55-4351-8a84-878bb9d31c9f,26ab928d-c37b-47c3-8949-f5c62e9b8d76,2023-06-01 17:33:00,7610d689-246f-467d-8d80-991c4eef401a,700,42,742
5beb9a95-c89e-4eb2-ace8-b7568625d53e,32c0dd94-681d-4183-8286-cf088864c11b,2023-06-01 15:07:00,7610d689-246f-467d-8d80-991c4eef401a,1800,108,1908
8dffbe01-34f2-4b6d-a012-edaab8e7cd29,867d1a27-d73e-4645-a7c8-68a8cccc46d6,2023-06-01 18:18:00,7610d689-246f-467d-8d80-991c4eef401a,1500,89,1589
e7fdfdad-26ba-4045-a64a-ef443c6a3a40,4ae668eb-6510-4e45-96be-bcea4185ecd2,2023-06-01 11:10:00,7610d689-246f-467d-8d80-991c4eef401a,600,36,636
60891cb0-f5aa-47a5-abc7-b79f41cd0174,f4918a53-6c53-4960-a683-610fd1d3cb26,2023-06-01 08:17:00,7610d689-246f-467d-8d80-991c4eef401a,700,42,742
ae7363e7-db59-44fb-8047-256c3e1bac48,c813f06d-10b8-4f22-a23f-d6901bb1c703,2023-06-01 14:53:00,7610d689-246f-467d-8d80-991c4eef401a,1800,108,1908
952aacb7-709f-4889-a08b-69a89ee2e772,67b83532-c6ef-47a9-b708-6fec1ef804c2,2023-06-01 07:38:00,7610d689-246f-467d-8d80-991c4eef401a,700,42,742
f942f964-e116-4f68-a947-b3e9f84120f4,471dd3e1-1cb3-4a37-bd75-154334a05a49,2023-06-01 07:58:00,7610d689-246f-467d-8d80-991c4eef401a,700,42,742
5d7fa707-2d4f-4f4e-83b2-b1aef04d324e,946f1cde-d4d1-4fc4-9e42-a82375962636,2023-06-01 17:32:00,7610d689-246f-467d-8d80-991c4eef401a,600,36,636
4e4fcc07-297e-4f11-adcb-791494e2e53d,006ebf27-e836-4961-86f8-19a81bd60992,2023-06-01 15:44:00,7610d689-246f-467d-8d80-991c4eef401a,700,42,742
efacad6f-f8cf-4a42-aaa3-a52fcdb04168,f612ad73-fdb5-410f-9383-ba51fdc92a8f,2023-06-01 13:47:00,7610d689-246f-467d-8d80-991c4eef401a,500,30,530
b30864e6-fe0a-4982-aa60-ed9bbd6898f6,c7b8e8b6-6299-45a6-a446-b172e533d17e,2023-06-01 07:45:00,7610d689-246f-467d-8d80-991c4eef401a,600,36,636
d65151aa-710b-41fc-af6b-d1bf4e1e2ebe,b0899906-f211-4fe2-a0b9-71b5f9850f75,2023-06-01 07:21:00,7610d689-246f-467d-8d80-991c4eef401a,600,36,636
aa15634f-5110-4a5b-9958-0303ee8112dc,5430ddd8-0061-4b17-8a7c-5754472bcf20,2023-06-01 13:03:00,7610d689-246f-467d-8d80-991c4eef401a,400,24,424
6a355594-1d19-4f24-b6da-e8243ff06750,5b997d2e-38a3-403c-b8d1-441657613eef,2023-06-01 07:38:00,7610d689-246f-467d-8d80-991c4eef401a,2900,174,3074
76cacfd3-b04f-4af2-92e8-d2aae88220ff,324666c3-5f25-4452-998a-e05dbbeee6a0,2023-06-01 15:00:00,7610d689-246f-467d-8d80-991c4eef401a,600,36,636
3105d410-29c2-4b3a-8bdc-0446b9902ba3,563caefa-5675-4645-a701-6272b42dd217,2023-06-01 12:21:00,7610d689-246f-467d-8d80-991c4eef401a,600,36,636
5112b2ff-9e59-49ea-b4f1-d7cb67ba7df0,8b820ff8-72b5-4b9f-99d5-3c7ece118523,2023-06-01 18:02:00,7610d689-246f-467d-8d80-991c4eef401a,1900,113,2013
4169d87c-bcd1-4d20-b4bd-799c5ac02ab6,4141f701-5633-42c2-b647-4b6fc428802f,2023-06-01 11:21:00,7610d689-246f-467d-8d80-991c4eef401a,4200,252,4452
a5a0d5c3-d4c1-4750-897b-eb46191eb794,650550ef-4a36-40d5-9125-f24e9c9a7bab,2023-06-01 16:09:00,7610d689-246f-467d-8d80-991c4eef401a,2000,120,2120
d4e7d1a0-5257-48c2-8a66-b002b5c650f9,4c348755-d66d-46bb-9d04-3d6564b49ec0,2023-06-01 13:29:00,399dfec4-01ec-4e84-80b5-cb325d670571,2400,96,2496
93de7e3d-6532-4162-9e34-4c70cca69d1a,bae6e37f-8462-411c-8e89-c0bd2e10d8be,2023-06-01 12:22:00,399dfec4-01ec-4e84-80b5-cb325d670571,2600,104,2704
5cb92c0a-fb24-4bd1-9cc9-81bbe5acdd51,11c514d0-814d-4379-aa5e-87eaaf3758af,2023-06-01 13:43:00,399dfec4-01ec-4e84-80b5-cb325d670571,1900,76,1976
c0658b9c-7862-47ad-baf2-354a683afb11,c5ea4a48-b79a-41fb-8cfb-27cd606cf67c,2023-06-01 08:19:00,399dfec4-01ec-4e84-80b5-cb325d670571,400,16,416
f408e7cb-e371-471c-83b9-f55517fd7630,a8f18d60-8666-4c0f-a1db-c2866d583b8d,2023-06-01 07:00:00,399dfec4-01ec-4e84-80b5-cb325d670571,400,16,416
9fbdfcf6-cf2f-402f-826c-71ba428dbeb7,7bcb8723-53df-4b44-9780-6f41535407ea,2023-06-01 07:45:00,399dfec4-01ec-4e84-80b5-cb325d670571,600,24,624
6f22ac55-5d28-498f-a422-2bd88d60e910,cec3488a-b584-4a3a-a0c8-8e8e9fe62005,2023-06-01 10:33:00,399dfec4-01ec-4e84-80b5-cb325d670571,2200,88,2288
a34bef1a-12a0-48e0-bfba-aef22e204b65,2d691724-c042-4e6d-af25-3d4016fae282,2023-06-01 08:23:00,399dfec4-01ec-4e84-80b5-cb325d670571,600,24,624
1bc45e76-8f8d-468a-a126-08cd2f91e7dc,63133c36-0c0c-4819-8883-c8fe0f7bb97f,2023-06-01 16:50:00,399dfec4-01ec-4e84-80b5-cb325d670571,1700,68,1768
a7f0eb82-ebf4-4361-881e-9546157b3fef,6245ed4d-3f95-4010-9309-114b1b627744,2023-06-01 08:20:00,399dfec4-01ec-4e84-80b5-cb325d670571,700,28,728
16acab38-0522-41c1-8893-1e280646470f,94b1db00-2098-4afd-b3b7-5eb8983cfc17,2023-06-01 07:03:00,399dfec4-01ec-4e84-80b5-cb325d670571,400,16,416
0f7b9a99-ac90-4780-b76e-4c2709b98963,d2b78715-1c35-41d5-a173-86bbde66041c,2023-06-01 13:00:00,399dfec4-01ec-4e84-80b5-cb325d670571,700,28,728
6282aa70-7074-4340-b84e-dd9aa80b098f,f87cf5f2-f133-432b-9698-d97df1d3ea32,2023-06-01 08:10:00,399dfec4-01ec-4e84-80b5-cb325d670571,500,20,520
cee7cc72-11a1-4994-9edf-b6dd329b20a9,a0c23a52-fc6d-47ef-b1f6-058a0f3bdd78,2023-06-01 12:33:00,399dfec4-01ec-4e84-80b5-cb325d670571,600,24,624
f11b8986-2d95-44b4-b965-c91e654b4b38,2ca44b2d-a2dd-4f21-80a2-d1042637712e,2023-06-01 15:51:00,399dfec4-01ec-4e84-80b5-cb325d670571,500,20,520
46559e23-9ea9-4b9c-bfa7-ec4457eb5c79,506a6d87-28ad-4107-98f8-eee7ef436e29,2023-06-01 07:31:00,399dfec4-01ec-4e84-80b5-cb325d670571,400,16,416
ba673878-e2e5-4a82-95e1-c13430c2bdc2,42c5ea60-f682-47d9-b67c-f6f362147071,2023-06-01 08:49:00,399dfec4-01ec-4e84-80b5-cb325d670571,600,24,624
ad90c08f-97f8-40cf-b366-4b855c493859,16b63951-b5de-4976-b337-c7a164051684,2023-06-01 07:59:00,399dfec4-01ec-4e84-80b5-cb325d670571,600,24,624
b0af6527-0a3c-444e-87d1-1abd4201b707,b6e01333-7454-4939-a5ce-c8bef3d60cc0,2023-06-01 08:03:00,399dfec4-01ec-4e84-80b5-cb325d670571,400,16,416
f0074a90-08c7-4abd-91a4-92d9ace56a31,6e83b42d-59ed-4466-b35a-d764e9c3cdfc,2023-06-01 07:56:00,399dfec4-01ec-4e84-80b5-cb325d670571,600,24,624
a511ae5f-70ca-4522-883f-b72c9e3cc7c4,e80559a4-b5da-4434-a7a4-813d513bfd83,2023-06-01 11:20:00,399dfec4-01ec-4e84-80b5-cb325d670571,1000,40,1040
3a7f0a3c-c8d1-4b14-8872-f84f327f6950,e11863c3-ddcb-49e4-bc43-1bb52335e977,2023-06-01 11:30:00,399dfec4-01ec-4e84-80b5-cb325d670571,1700,68,1768
b67108d9-5e93-43f4-8ea1-47805e91a3bd,ddd6bc5c-169a-4f13-aa8d-eb8d78c99e03,2023-06-01 08:21:00,399dfec4-01ec-4e84-80b5-cb325d670571,400,16,416
43747df1-6333-4fd3-9d99-c43ab0ac9e41,df529715-211d-4d44-bce5-8c04f8447eeb,2023-06-01 09:07:00,399dfec4-01ec-4e84-80b5-cb325d670571,0,0,0
8e3bd0e1-0d22-4bd3-9bc6-11e35ee6d4ea,4debb8bc-c00e-4117-8d9b-0bc00ffd8637,2023-06-01 14:53:00,399dfec4-01ec-4e84-80b5-cb325d670571,500,20,520
43e6f252-9674-421a-9ee4-306af38c8fe4,f59319a4-b9b6-458a-aec7-f43d079c3a28,2023-06-01 14:11:00,399dfec4-01ec-4e84-80b5-cb325d670571,1700,68,1768
444628aa-25e4-4085-9ad5-639ae3079821,d6af4950-fefc-44bb-8701-d252bd522f00,2023-06-01 07:22:00,399dfec4-01ec-4e84-80b5-cb325d670571,500,20,520
23d11ea8-df24-4356-9a5a-2bf5ae734a33,bff5af40-a32d-4898-8a55-eb25f6d0b6ed,2023-06-01 14:34:00,399dfec4-01ec-4e84-80b5-cb325d670571,600,24,624
21453cab-0ba2-4d2a-a6d0-abbc40ea216c,50b9c414-f72b-43aa-b8b7-b6671518bd84,2023-06-01 16:53:00,399dfec4-01ec-4e84-80b5-cb325d670571,1800,72,1872
109344f6-a7cc-4f04-ba30-e994362cd8bb,e3f4b9eb-48b3-4b16-a2ad-8388c37cb821,2023-06-01 15:42:00,399dfec4-01ec-4e84-80b5-cb325d670571,600,24,624
366e8d41-53a6-4fb7-8476-ea0c1900ec38,e4813f2e-1b48-4035-8b99-9dbc490b1182,2023-06-01 14:31:00,399dfec4-01ec-4e84-80b5-cb325d670571,500,20,520
7d1345ae-84e1-4498-9009-abe1c76142bc,337e472c-b132-404f-b734-2693796b2745,2023-06-01 08:46:00,399dfec4-01ec-4e84-80b5-cb325d670571,2800,112,2912
f3117f30-a47d-4013-92d8-bf9a527d4093,f58667e7-433a-4871-adf6-e74224ae1a7a,2023-06-01 16:35:00,399dfec4-01ec-4e84-80b5-cb325d670571,1700,68,1768
60d85cce-3394-4cce-ad86-43fc9128a93d,b1d2776c-dcae-4587-a995-f535c29a0ad8,2023-06-01 15:48:00,399dfec4-01ec-4e84-80b5-cb325d670571,1800,72,1872
9acfb453-ecfb-43a9-a0f2-aaa0c17a7987,dcf50ba9-5b3e-448f-9529-f27c246d868a,2023-06-01 07:44:00,399dfec4-01ec-4e84-80b5-cb325d670571,700,28,728
6660c5cd-1087-4ca2-8de9-b9d355aefbfa,03098dcc-92b6-420b-b161-2027c6c298b7,2023-06-01 12:44:00,399dfec4-01ec-4e84-80b5-cb325d670571,400,16,416
a609ac40-c146-4376-afc8-aec9c43b2be0,be16a404-7434-4076-aca0-04338270f0b2,2023-06-01 19:45:00,399dfec4-01ec-4e84-80b5-cb325d670571,1700,68,1768
6e33cb76-26dd-4aca-955e-ebd321523519,9d25ed88-d934-4a39-bff2-29dd981edc7b,2023-06-01 08:44:00,399dfec4-01ec-4e84-80b5-cb325d670571,400,16,416
ebc90e9c-f570-4887-b756-e364d1e79bb8,1ab8f64c-68df-4705-82aa-f3e046eec9a1,2023-06-01 07:49:00,399dfec4-01ec-4e84-80b5-cb325d670571,600,24,624
4048f6ed-fde4-4447-975f-cb9cdd450e3f,014d4968-8860-436c-9590-b3172aab71ab,2023-06-01 12:23:00,399dfec4-01ec-4e84-80b5-cb325d670571,1200,48,1248
4a15d558-4052-4446-91e7-460e0ef53821,50580cce-0003-489b-ac75-1e865cae783d,2023-06-01 19:45:00,399dfec4-01ec-4e84-80b5-cb325d670571,2100,84,2184
b973726d-b905-4b0b-902b-79d95490558e,b132d7fb-457b-400a-a86e-27a184517bc5,2023-06-01 11:36:00,399dfec4-01ec-4e84-80b5-cb325d670571,600,24,624
8cecac91-de3c-4405-87bb-89debd82f86c,bc4c6cb7-8df0-4cf8-abec-003f7fd6b556,2023-06-01 17:54:00,399dfec4-01ec-4e84-80b5-cb325d670571,1500,60,1560
c5434556-f1d8-4881-9b95-cc6c0eb049e7,34fc2867-a0b6-422f-8041-10f81916b1fe,2023-06-01 07:28:00,399dfec4-01ec-4e84-80b5-cb325d670571,700,28,728
d90fee8e-d67b-4875-9962-e4b282c5894d,76c48654-6fd5-4383-9917-f82ad4aea2d6,2023-06-01 09:09:00,399dfec4-01ec-4e84-80b5-cb325d670571,500,20,520
689509db-236c-4364-8568-887f7c861755,2c57c610-0005-4cad-80d1-645d35f2c1bd,2023-06-01 12:49:00,399dfec4-01ec-4e84-80b5-cb325d670571,700,28,728
ff4a97d0-47e6-42bb-be60-1df708b37490,aedc7b77-61c3-4a78-b198-3c2c85bdc558,2023-06-01 13:08:00,399dfec4-01ec-4e84-80b5-cb325d670571,400,16,416
166ad175-58e8-49e6-b315-eb9b769d756a,dfbcbe7f-7ed6-424b-97f1-a5860ad72d65,2023-06-01 16:46:00,399dfec4-01ec-4e84-80b5-cb325d670571,1800,72,1872
5f6fe1fd-b7a5-4dad-b2f8-b7674cdae03e,c28b2934-ee10-4572-b543-13b07030b674,2023-06-01 08:57:00,399dfec4-01ec-4e84-80b5-cb325d670571,500,20,520
f1fc96f5-bf4c-49db-9199-a3d88d0493a9,bf7f88d3-f1c0-4522-88c4-82330c4449ec,2023-06-01 16:26:00,399dfec4-01ec-4e84-80b5-cb325d670571,400,16,416
15b0f3e1-7fc8-4879-a411-6252886fe56b,b0b82342-e156-448f-b2e6-660a34223ea6,2023-06-01 07:00:00,399dfec4-01ec-4e84-80b5-cb325d670571,700,28,728
8274f14b-d331-4260-98b1-c1720e252628,9e01e8aa-e852-4d14-a1bd-a7099859350b,2023-06-01 08:19:00,399dfec4-01ec-4e84-80b5-cb325d670571,400,16,416
e46c2264-52a4-463f-8746-5f612d644f4c,40287d26-4302-43df-a5fe-13be8f368808,2023-06-01 14:12:00,399dfec4-01ec-4e84-80b5-cb325d670571,400,16,416
53dafbdd-720c-424c-8fb0-b7b582ea659f,0e8e5ba3-41fa-49ca-97f4-c447a239e83f,2023-06-01 10:39:00,399dfec4-01ec-4e84-80b5-cb325d670571,3200,128,3328
e9e6dd7a-b88b-4bfa-b01c-46e91cf765fd,64db26a0-c128-4fd8-8d9d-7d6e8dca816f,2023-06-01 07:41:00,399dfec4-01ec-4e84-80b5-cb325d670571,700,28,728
1718d581-222d-4b2f-993b-c741c60eb5b8,acd3eb6d-6b79-4387-b568-bbae749f77a3,2023-06-01 08:08:00,399dfec4-01ec-4e84-80b5-cb325d670571,400,16,416
9c2f0ffd-8b8e-4d18-9805-d551b31fd0b6,bc67e790-4d24-486d-807f-451f765d80cd,2023-06-01 08:10:00,399dfec4-01ec-4e84-80b5-cb325d670571,600,24,624
caf20606-e853-4e0f-befd-e85ba026ed1f,dad7706f-c7f1-48d1-b917-5c159cfffb63,2023-06-01 07:00:00,399dfec4-01ec-4e84-80b5-cb325d670571,600,24,624
bd5ef4b8-39f8-496d-89cf-582982ea2236,0a355498-5161-4e43-a119-739ad47fce7c,2023-06-01 08:38:00,399dfec4-01ec-4e84-80b5-cb325d670571,600,24,624
6364fc2d-9a4f-40d3-bfc0-ca39820affb0,e5c6f80d-f9e5-4adb-9e14-77344fadcb11,2023-06-01 08:01:00,399dfec4-01ec-4e84-80b5-cb325d670571,500,20,520
9aabdb69-e9df-4b6e-aef4-457eb58fcab0,db76ab32-831a-4cda-966d-d6da473fe822,2023-06-01 09:28:00,399dfec4-01ec-4e84-80b5-cb325d670571,600,24,624
8aae9688-6196-44fb-aa69-93b5b5a8ae38,411d51f6-44fc-4bb3-b070-d4a8ebc1648e,2023-06-01 11:40:00,399dfec4-01ec-4e84-80b5-cb325d670571,400,16,416
0816ac13-d7c1-493b-a0f6-b2983fbfd1a1,cdcb2920-cc0f-45c8-a08d-f245414cc4d1,2023-06-01 10:48:00,399dfec4-01ec-4e84-80b5-cb325d670571,500,20,520
4e1a13c3-0060-4f31-92dd-2d11cbde28b0,166c3999-d2fd-4356-8470-fbf1029cab0c,2023-06-01 15:25:00,399dfec4-01ec-4e84-80b5-cb325d670571,600,24,624
9339ce1b-db67-490d-a484-1f4813b6e623,8d3da390-2ca0-4b6b-9ede-107ac967da0f,2023-06-01 12:13:00,399dfec4-01ec-4e84-80b5-cb325d670571,600,24,624
96561bb0-9860-44bc-8f12-2a6c8a013ae4,1970761e-30b2-4231-b0c4-e598194512e9,2023-06-01 08:24:00,399dfec4-01ec-4e84-80b5-cb325d670571,700,28,728
f0808067-ed88-48ed-9cf7-bf45f17fddd3,05717c12-ddbb-4d36-a0d8-f248cae6a710,2023-06-01 16:30:00,399dfec4-01ec-4e84-80b5-cb325d670571,1700,68,1768
d04a5c09-c045-4996-8b55-2f262a7b7cce,3f44b8aa-7b06-4cbc-b5b8-62c759375abf,2023-06-01 07:56:00,399dfec4-01ec-4e84-80b5-cb325d670571,500,20,520
2bf5bc0a-b476-491c-a56e-814d18d8462a,e51c17e9-54d2-4d0d-951b-d2e942484e4a,2023-06-01 07:16:00,399dfec4-01ec-4e84-80b5-cb325d670571,400,16,416
6992fc0c-b6d2-4bdd-a95e-dc8df5c91305,661e7769-737a-4fea-9b2b-61f6ad5f730e,2023-06-01 08:40:00,399dfec4-01ec-4e84-80b5-cb325d670571,700,28,728
1faac273-bd90-487e-9e19-9b9d2c489912,925b1e7a-db75-46f3-8233-e9a0d1cd3eea,2023-06-01 07:26:00,399dfec4-01ec-4e84-80b5-cb325d670571,700,28,728
bf3ae556-78e9-4011-862f-f6f554bc44e3,a7b3a12d-695c-4f09-8f51-70f12068de94,2023-06-01 17:14:00,399dfec4-01ec-4e84-80b5-cb325d670571,500,20,520
c46bce53-3a84-49a3-9553-155c8fa991b1,60314e03-083b-4c10-8481-e96147ef36b6,2023-06-01 08:19:00,399dfec4-01ec-4e84-80b5-cb325d670571,600,24,624
40c80559-45a2-4b9a-9eca-6ebb24e025d2,1e9b8783-1cf3-480c-ade5-2c44cee664c3,2023-06-01 14:20:00,399dfec4-01ec-4e84-80b5-cb325d670571,500,20,520
81976e44-84e7-426b-9f08-9d174804191d,0632018d-13b0-4b17-8c09-2355784aa5aa,2023-06-01 07:27:00,399dfec4-01ec-4e84-80b5-cb325d670571,400,16,416
d3748262-615c-4421-b7e8-3887fccce31a,cbfe5614-8eaa-4e55-8eb0-280ca8c3b206,2023-06-01 15:46:00,399dfec4-01ec-4e84-80b5-cb325d670571,600,24,624
1e5f4023-bcf1-4748-952e-2813415e3259,86e5e6c3-4891-4fc4-8c11-9b25569b7cdf,2023-06-01 16:31:00,399dfec4-01ec-4e84-80b5-cb325d670571,1800,72,1872
828be186-a01f-40fe-b08e-71c6d75eede8,6cc22f29-b88b-4f31-9982-e3fd61a88f01,2023-06-01 18:08:00,399dfec4-01ec-4e84-80b5-cb325d670571,1300,52,1352
3a88ae8f-b6c5-410e-a113-2d3a313bf1ea,5de2ad61-7d0f-4bd1-976c-54232ea6a2e7,2023-06-01 08:41:00,399dfec4-01ec-4e84-80b5-cb325d670571,400,16,416
a17a562d-2003-4e56-bf17-96df18449af9,3bb49496-c584-4dca-96ec-46f242a9196e,2023-06-01 17:08:00,399dfec4-01ec-4e84-80b5-cb325d670571,2200,88,2288
f9e2010a-7683-4d01-a3ad-da38f0f7d7cf,adb373d5-a395-4255-97af-7d0c6cc6b076,2023-06-01 08:45:00,399dfec4-01ec-4e84-80b5-cb325d670571,700,28,728
ad3c579d-6738-4475-8f6f-9e4a1e24def4,ec49d138-10a8-4728-b374-f0787bc58520,2023-06-01 13:58:00,399dfec4-01ec-4e84-80b5-cb325d670571,600,24,624
4a15abfe-770b-4cee-9f7a-54bdd42d46e0,adb25cda-7b6a-40cf-b406-ad69754ee6b0,2023-06-01 07:48:00,399dfec4-01ec-4e84-80b5-cb325d670571,700,28,728
c1e04e81-d07a-42d8-aafd-7a36b463aa9a,5287ce91-88ed-4f3c-97ab-9e4b1a54601b,2023-06-01 16:19:00,399dfec4-01ec-4e84-80b5-cb325d670571,1900,76,1976
2d6db0c8-9df2-4ac9-a75f-9bfb6d6ee8aa,96e76e0f-05a8-4b35-8c59-a93df15f3359,2023-06-01 15:22:00,399dfec4-01ec-4e84-80b5-cb325d670571,3900,156,4056
15b15596-32f6-4789-afb4-247239ed2c65,2525b843-71b8-49bf-98a1-4233133347d3,2023-06-01 14:37:00,399dfec4-01ec-4e84-80b5-cb325d670571,600,24,624
23fa4088-8356-48ae-a2c4-fec882f88998,0a1048f1-85cc-41f0-b631-2d395fc26b9a,2023-06-01 07:35:00,399dfec4-01ec-4e84-80b5-cb325d670571,500,20,520
754975de-ab55-432f-b71a-a494cad1d7dc,60d3b546-cebe-4f0e-af9e-e06c841f0d7b,2023-06-01 18:04:00,399dfec4-01ec-4e84-80b5-cb325d670571,1800,72,1872
41b25ac1-817a-46f8-8851-733fa74db1cb,56283449-e2f6-4698-8bc2-66b1eb74eb69,2023-06-01 15:00:00,399dfec4-01ec-4e84-80b5-cb325d670571,700,28,728
0347eb6d-eb04-4fae-a47f-ef2fd3d262af,b46b4fb3-8cac-4fc1-b866-d8a3911e9ee6,2023-06-01 08:03:00,399dfec4-01ec-4e84-80b5-cb325d670571,500,20,520
1e94fc6e-8bd1-4dad-9ca5-a49f29d3237c,6d4c7874-f396-4603-9f6b-243c1b2f5249,2023-06-01 08:37:00,399dfec4-01ec-4e84-80b5-cb325d670571,400,16,416
e0c8e4c5-5fc4-40c5-9af9-5c404bc90138,1fd4af81-2e12-4ed4-8893-dd4eaee5ae1a,2023-06-01 12:49:00,399dfec4-01ec-4e84-80b5-cb325d670571,600,24,624
e27eb958-475e-4248-939f-7e15c0f9d363,b19ade62-28e0-4316-9ad0-505bd4086678,2023-06-01 13:13:00,399dfec4-01ec-4e84-80b5-cb325d670571,1000,40,1040
d388fdee-722b-400a-93c0-24d250495bbf,32feea46-a436-43d4-b088-7f86ddf34e8f,2023-06-01 13:05:00,399dfec4-01ec-4e84-80b5-cb325d670571,400,16,416
7e5c91e8-4fae-4179-9805-bcd5d39ccb27,1c7c3326-d10b-4cb5-8266-0d9638b1303e,2023-06-01 08:02:00,399dfec4-01ec-4e84-80b5-cb325d670571,600,24,624
9e17bff8-364e-4df1-a964-b2550952fee2,d28e3df0-016c-4bc4-9440-a810ec9db309,2023-06-01 12:58:00,399dfec4-01ec-4e84-80b5-cb325d670571,1800,72,1872
17ea064d-2a4f-4db2-8068-9b3a5ef6ee6c,2a9ba068-0857-4b4f-b8bf-2a98887be765,2023-06-01 14:21:00,399dfec4-01ec-4e84-80b5-cb325d670571,2300,92,2392
6737e40c-8bd5-47c2-a681-b5bb270d1030,3750046f-1d16-4403-b390-b0daba002397,2023-06-01 07:50:00,399dfec4-01ec-4e84-80b5-cb325d670571,700,28,728
2a85a1e5-f600-43e7-822c-b4574c7bf449,733c49b4-b2bb-4b79-8925-2f00ca5f792b,2023-06-01 12:36:00,399dfec4-01ec-4e84-80b5-cb325d670571,500,20,520
011a5ca8-c38b-45b2-b4e5-98a51f159eff,e0b213d9-1768-4dcd-bf89-bcd54ccf63c3,2023-06-01 08:55:00,399dfec4-01ec-4e84-80b5-cb325d670571,1900,76,1976
b2d6b303-c0ce-49f9-94bc-5ec11f35f3df,706032a5-7ec5-4263-9b19-a692736a7b4d,2023-06-01 16:39:00,399dfec4-01ec-4e84-80b5-cb325d670571,1800,72,1872
1498d7ea-65e7-492c-a8e5-2490c3cfd25a,d6d0eeb7-92ab-49be-a540-70ee3478c470,2023-06-01 15:30:00,399dfec4-01ec-4e84-80b5-cb325d670571,3500,140,3640
2da80654-e901-447a-87eb-34b19c2be313,53c74fc1-b133-42b2-a1e9-67c9bf047e1b,2023-06-01 08:15:00,399dfec4-01ec-4e84-80b5-cb325d670571,700,28,728
49d7afa0-289e-47c2-a548-4d5237811a1c,34841c77-0ef1-4182-a690-bf7189924a9d,2023-06-01 16:59:00,399dfec4-01ec-4e84-80b5-cb325d670571,2900,115,3015
e7dc7a36-6a24-4379-bcb3-5b48f1c6acde,d7d55d7a-adfa-4bca-aca3-e8d9cdef2bbb,2023-06-01 07:00:00,399dfec4-01ec-4e84-80b5-cb325d670571,700,28,728
e50152ff-5077-443b-a03d-95bf1b76de3d,e49a11b4-2626-4a77-8438-1b4631d3c8cb,2023-06-01 11:15:00,399dfec4-01ec-4e84-80b5-cb325d670571,3800,152,3952
6bc486f8-ae22-4c9d-8711-cbe2c2b1abd1,d9f1e50b-9f13-4b29-84b4-58bce0b318e9,2023-06-01 17:22:00,399dfec4-01ec-4e84-80b5-cb325d670571,500,20,520
6f1dfacf-6b9a-4d29-a0c7-dbecb28fb5d1,ea90cf6c-55a0-4b3f-a71f-d545222e1f94,2023-06-01 08:36:00,399dfec4-01ec-4e84-80b5-cb325d670571,400,16,416
aab98f58-8af2-4d47-81f0-3008d7618f0e,efbc7b36-a08a-4e2b-b07b-10ba647ee226,2023-06-01 11:43:00,399dfec4-01ec-4e84-80b5-cb325d670571,900,36,936
acfe3620-91a6-4f88-947f-7a7d52fe7944,9caba1bb-73eb-4a7f-a519-ad2cf648da6f,2023-06-01 09:08:00,399dfec4-01ec-4e84-80b5-cb325d670571,600,24,624
86be5438-e2df-4b8b-a92d-8239d32b9b47,cecb29ab-71b2-4db2-aa1c-82bbaacba8b2,2023-06-01 08:43:00,399dfec4-01ec-4e84-80b5-cb325d670571,700,28,728
d1742e13-626e-4429-8ebc-1fb5175dff36,66c46797-fba8-4ed2-9d78-9f782204a10c,2023-06-01 10:08:00,399dfec4-01ec-4e84-80b5-cb325d670571,600,24,624
c2501e31-cbb2-4ff0-a6cc-42685fd91ecc,59f6cd93-9ddb-4491-92fb-415d9f73dc7d,2023-06-01 07:50:00,399dfec4-01ec-4e84-80b5-cb325d670571,600,24,624
8c9c5009-1c5b-4d66-aafc-1f877ca92175,df581c5b-e78f-4d3d-a853-428b70f3ff95,2023-06-01 15:05:00,399dfec4-01ec-4e84-80b5-cb325d670571,400,16,416
ca82e5f5-8800-4b33-b9a4-3d4a6f9fe369,63bed2a4-3b22-40b0-ba56-8df88ee6c432,2023-06-01 11:46:00,399dfec4-01ec-4e84-80b5-cb325d670571,700,28,728
62c175a5-a612-4b44-b230-19f40c0eea3d,df0ab0b8-fcfa-4c9e-8185-b51285182ccd,2023-06-01 07:32:00,399dfec4-01ec-4e84-80b5-cb325d670571,700,28,728
f27703f6-8070-476c-9129-cfa7e201b889,2a7e56cc-6b2f-40a0-a61f-27bf37a61463,2023-06-01 08:40:00,399dfec4-01ec-4e84-80b5-cb325d670571,500,20,520
f50092d0-54fc-47da-9ea5-3702f2557739,f6b29537-3df0-46dd-ac88-a11fc5036e04,2023-06-01 07:40:00,399dfec4-01ec-4e84-80b5-cb325d670571,500,20,520
b34b991e-84ba-4509-9664-026ad371a97a,81491293-27fa-4b4d-a857-fb81998a5f13,2023-06-01 17:05:00,399dfec4-01ec-4e84-80b5-cb325d670571,1900,76,1976
f02d5f90-6b51-4c80-9793-a46b027e7567,967a7022-3d32-4b50-b71a-bcf7644a97fc,2023-06-01 08:12:00,399dfec4-01ec-4e84-80b5-cb325d670571,400,16,416
f1d6673a-864f-41f7-b425-3f0194f60209,78642928-cbcd-48ba-bda3-d180d488a8c5,2023-06-01 17:17:00,399dfec4-01ec-4e84-80b5-cb325d670571,1900,76,1976
4a9252a0-c872-4083-aec7-2296294fc377,860569f1-2232-4cd9-9978-262abc401880,2023-06-01 16:34:00,399dfec4-01ec-4e84-80b5-cb325d670571,1900,76,1976
fd6394d9-01b0-439b-b2e3-ea06b4ceba38,54c06357-05bb-48e5-9b6a-e20fed5ec1e8,2023-06-01 07:33:00,399dfec4-01ec-4e84-80b5-cb325d670571,600,24,624
9ecf36b4-fc63-4182-92e4-23c0d84ef1d0,55517e0f-2b21-41dc-8065-d5e01b41691d,2023-06-01 12:16:00,399dfec4-01ec-4e84-80b5-cb325d670571,1700,68,1768
096c9bc8-f733-40ad-9350-fa5eaeea6d7a,296f6a4c-2b3f-476b-854b-0d2c759eca2b,2023-06-01 08:07:00,399dfec4-01ec-4e84-80b5-cb325d670571,400,16,416
8607d38f-3796-4fd0-81bc-1d7afa3bc9f4,deb78c99-39dc-4bc6-945d-b40d9b610cc8,2023-06-01 17:35:00,399dfec4-01ec-4e84-80b5-cb325d670571,1900,76,1976
ae98c090-e3e2-4294-a68f-d80a164bb79c,22fca930-291f-4c23-a67f-13d00786a2cf,2023-06-01 08:12:00,399dfec4-01ec-4e84-80b5-cb325d670571,400,16,416
ba6c233a-8d82-461f-884b-19565adb829d,9515927d-5691-4b7b-a235-dffd1b58ebd2,2023-06-01 07:42:00,399dfec4-01ec-4e84-80b5-cb325d670571,400,16,416
bad7974c-ec4f-4006-acae-7b804d2813dc,b6b02872-b0cd-4e89-abfb-465489960cd6,2023-06-01 07:34:00,399dfec4-01ec-4e84-80b5-cb325d670571,600,24,624
a800d1e3-27cd-4147-9be6-53470e7ed9e8,4cb2e92d-fcb5-42b4-a2ee-66cf0ccbc5e1,2023-06-01 16:31:00,399dfec4-01ec-4e84-80b5-cb325d670571,1800,72,1872
3aed0463-3b5b-46cb-96fd-fc0c4eba46ea,8b1d2bc3-ebe1-425b-903a-e41320247b12,2023-06-01 08:46:00,399dfec4-01ec-4e84-80b5-cb325d670571,400,16,416
2b0cf91e-2d0c-4b24-bcc8-eb794787af96,c6f07dd8-f835-4d99-b7bb-8312d4a48768,2023-06-01 13:40:00,399dfec4-01ec-4e84-80b5-cb325d670571,3500,140,3640
f2737883-fa0b-475b-9653-5e8e2700e3a6,9e56e04d-0188-40ad-af1a-57ca2a3831b1,2023-06-01 08:29:00,399dfec4-01ec-4e84-80b5-cb325d670571,700,28,728
71718fe6-c2f4-4866-b78a-46f28f81e48a,5b02ecdc-5f45-4f12-ba3a-c3c7771c27ca,2023-06-01 13:44:00,399dfec4-01ec-4e84-80b5-cb325d670571,1800,72,1872
50710c18-4308-47ec-b53e-d38437448467,4ba928b5-ed2b-40d8-9d0e-6832ecd0bfc5,2023-06-01 10:56:00,399dfec4-01ec-4e84-80b5-cb325d670571,1700,68,1768
68b2af3e-fa1a-4e36-912f-ae7019ac49f7,8642eec3-2ef9-4242-8bd3-867d12ebf55f,2023-06-01 14:15:00,399dfec4-01ec-4e84-80b5-cb325d670571,600,24,624
69f827cd-7f9c-4255-9594-a85b047e2f53,a5eb7cf0-6759-473e-8bc4-6975697afa56,2023-06-01 17:03:00,399dfec4-01ec-4e84-80b5-cb325d670571,1800,72,1872
c378380b-3740-4cef-82cc-03b7aa90c1a8,8c84dcd6-b688-4626-9015-e867dc2f3b84,2023-06-01 11:14:00,399dfec4-01ec-4e84-80b5-cb325d670571,700,28,728
f94588f6-b50c-4d3c-958e-c1322e868fd3,04118228-dc07-47b3-aa7d-8af1dd2612fc,2023-06-01 14:19:00,399dfec4-01ec-4e84-80b5-cb325d670571,600,24,624
89d637e7-41c0-43a7-8b6f-7d1182372863,3b038156-d454-4b44-b32d-706f0f2da264,2023-06-01 15:34:00,399dfec4-01ec-4e84-80b5-cb325d670571,1600,64,1664
e3531102-a21d-4fee-92e4-f319bf645405,c80f7422-fd62-4bf9-aa1f-e01de5afd158,2023-06-01 08:44:00,399dfec4-01ec-4e84-80b5-cb325d670571,700,28,728
99834c67-eb00-400b-a177-16882c4af613,affa333a-aadc-487a-8191-7eb17fc5d1a3,2023-06-01 15:28:00,399dfec4-01ec-4e84-80b5-cb325d670571,1900,76,1976
ffa58492-bcaa-4e13-b526-9594f46119bf,62ffd2c6-fb04-45b8-9953-aeaf4dc0e21b,2023-06-01 10:02:00,399dfec4-01ec-4e84-80b5-cb325d670571,500,20,520
1733a97c-5fe1-43bd-96dd-0cc7398138c2,81f3d088-3350-4505-b96b-337f89915135,2023-06-01 12:59:00,399dfec4-01ec-4e84-80b5-cb325d670571,700,28,728
e27ac90e-7e4b-4309-883e-3068b974110a,e6f54082-ac4d-47e8-ac20-39c78a44cf2f,2023-06-01 17:40:00,399dfec4-01ec-4e84-80b5-cb325d670571,600,24,624
5360d7ee-6651-49ee-a413-1b6d5f3f0d5a,792943df-db3f-4147-9a2e-52694cbb3f9f,2023-06-01 17:17:00,399dfec4-01ec-4e84-80b5-cb325d670571,1800,72,1872
4e9ca997-0e3f-4dc6-a0d3-11837dac971e,1d2bee3a-184a-4cb2-80b3-1dce38b22d22,2023-06-01 07:57:00,399dfec4-01ec-4e84-80b5-cb325d670571,600,24,624
8ba27c5e-c9e7-4211-86df-5a3da3f15e7c,0d254581-4e34-49a1-8bc2-6664080e7c63,2023-06-01 10:01:00,399dfec4-01ec-4e84-80b5-cb325d670571,600,24,624
35440d8c-d09b-4f29-9af6-65d032d45d15,bed25d79-2540-4845-bba9-bf545aa212d5,2023-06-01 07:43:00,399dfec4-01ec-4e84-80b5-cb325d670571,500,20,520
77e5c5d0-7077-45e1-8dbc-76e8c68cc3fc,d48b8bc6-6b9c-4ea5-ba1f-178d499d6e3c,2023-06-01 09:06:00,399dfec4-01ec-4e84-80b5-cb325d670571,400,16,416
e3503fbd-0b3a-4a59-b9ad-529985e24845,6f365f6f-1754-4a30-bcde-ebbb019f50cb,2023-06-01 12:20:00,399dfec4-01ec-4e84-80b5-cb325d670571,1700,68,1768
73180a84-dbda-4099-8bf5-7b7e79f96853,47202b7f-f02c-4fa7-bc76-f0a8a6c3c6f4,2023-06-01 18:27:00,399dfec4-01ec-4e84-80b5-cb325d670571,1600,64,1664
b9ed1617-f7b2-4df4-8a4a-f70f9c3d6cf3,dc9a9021-d724-497c-9335-ff3a0ee8506e,2023-06-01 11:59:00,399dfec4-01ec-4e84-80b5-cb325d670571,1800,72,1872
665f21c1-e671-4530-bbd9-72bb68467f58,1a397e98-a315-410a-a7b9-84e908831ab2,2023-06-01 13:11:00,399dfec4-01ec-4e84-80b5-cb325d670571,600,24,624
e79a2c83-fc68-41d5-a225-4cc4b48e04dd,c806e9ec-86a1-49ff-bccd-d1b29cb94e49,2023-06-01 13:14:00,399dfec4-01ec-4e84-80b5-cb325d670571,600,24,624
75341d3a-288f-43a8-b2df-c6abdb1a58b6,41987941-1c75-4899-82ce-059f829fe6a7,2023-06-01 19:20:00,399dfec4-01ec-4e84-80b5-cb325d670571,600,24,624
ad04873e-dbf6-4fcc-b137-847839c220d1,113856d3-99ee-41a6-b3f6-e3a0f903c8ab,2023-06-01 11:40:00,399dfec4-01ec-4e84-80b5-cb325d670571,500,20,520
b3e50a69-078f-456f-8abc-9af06b37916a,42edd54e-81f6-441b-8544-03202ee1758b,2023-06-01 08:44:00,399dfec4-01ec-4e84-80b5-cb325d670571,600,24,624
c39fd707-1d64-41ed-9989-e437a818c74f,bd71fb03-b338-4c1f-a560-f9b491c9b18b,2023-06-01 10:48:00,399dfec4-01ec-4e84-80b5-cb325d670571,400,16,416
54d96543-0f40-4b77-981d-6434bb9c9971,8eaa6afd-6912-40d4-89a5-25edd3277057,2023-06-01 07:23:00,399dfec4-01ec-4e84-80b5-cb325d670571,400,16,416
b59df7dd-b123-493e-8370-c8a5e6169efc,047917ca-7ab2-453c-9301-f95121c3fe26,2023-06-01 17:26:00,399dfec4-01ec-4e84-80b5-cb325d670571,1700,68,1768
26dad96c-14bb-4d52-9948-5507848e14d9,da1f4cec-6a00-4809-9474-e6f12290b50a,2023-06-01 08:01:00,399dfec4-01ec-4e84-80b5-cb325d670571,600,24,624
75280402-5d79-45f4-b139-30c4f1d686af,d2bca176-3811-48af-8634-7e79b1e71005,2023-06-01 07:42:00,399dfec4-01ec-4e84-80b5-cb325d670571,500,20,520
a5e2bd50-1928-4bef-ae18-890a4c60ee2f,aa619249-0107-432a-b657-1cd8066c6cf1,2023-06-01 08:27:00,399dfec4-01ec-4e84-80b5-cb325d670571,700,28,728
0f7d6092-30aa-4eb0-ac74-63b612aacc3f,8a30d95d-a13d-4ac7-94bd-492255495aa0,2023-06-01 07:21:00,399dfec4-01ec-4e84-80b5-cb325d670571,500,20,520
60be97cf-713f-4013-b791-4d6ebdabdb4f,aa7f1968-ea02-48ca-9133-4b9a11130085,2023-06-01 10:47:00,399dfec4-01ec-4e84-80b5-cb325d670571,1700,68,1768
0827bcc9-641d-49ec-80d9-104171954f2e,32493412-a54d-44b7-be0f-be74f4848984,2023-06-01 11:23:00,399dfec4-01ec-4e84-80b5-cb325d670571,700,28,728
2f297c98-0f3e-4dc9-930d-3c16705e7dcd,c2122736-645f-4e2c-8798-f50a038cd3ac,2023-06-01 07:47:00,399dfec4-01ec-4e84-80b5-cb325d670571,400,16,416
1a33a986-aedc-4b6f-a5fd-db287a375b7c,80ca21f8-93e5-495d-bb56-054227484bee,2023-06-01 08:07:00,399dfec4-01ec-4e84-80b5-cb325d670571,500,20,520
8947a727-fe52-45f5-9f66-9f032bd45024,78786d33-bad0-48cc-beb9-8f5be69b253a,2023-06-01 09:07:00,399dfec4-01ec-4e84-80b5-cb325d670571,600,24,624
45521c59-8ff1-45b0-9774-f94aa9c09b70,606c5be6-5591-41fb-b082-e672b5a9d227,2023-06-01 19:15:00,399dfec4-01ec-4e84-80b5-cb325d670571,1000,40,1040
ab393348-bc42-4ff1-a536-350a7956af8b,c5eee5d1-adab-4f6c-b0f6-f734e29aaeb9,2023-06-01 14:40:00,399dfec4-01ec-4e84-80b5-cb325d670571,2000,80,2080
63398542-7bb4-482d-a732-e60198e6160c,2ac5af80-e8de-4e6b-bf57-7946a6ffa134,2023-06-01 09:32:00,399dfec4-01ec-4e84-80b5-cb325d670571,2600,104,2704
ce8abfa1-b2f8-487e-aa1a-86624d5a2f09,31bcc2b0-1949-4bf8-b3a1-bba8b307b63b,2023-06-01 18:40:00,399dfec4-01ec-4e84-80b5-cb325d670571,700,28,728
14c269aa-ddff-4a91-8acc-c3b76b39a9d3,02d95fd6-1019-4486-b901-bb53f5b8a321,2023-06-01 07:30:00,399dfec4-01ec-4e84-80b5-cb325d670571,500,20,520
5b1ee974-5eb4-4fdb-9675-1dbdbba4fbcb,bfc3820c-66de-4a51-910b-4ddc3d9ccc64,2023-06-01 19:14:00,399dfec4-01ec-4e84-80b5-cb325d670571,2400,96,2496
23f16036-044d-4e34-b940-3022f97772fc,386340af-6088-4f1f-ae02-2c9b5354c3a8,2023-06-01 11:29:00,399dfec4-01ec-4e84-80b5-cb325d670571,2300,92,2392
20d16a9c-9e2c-4a2f-af9e-1f2fcd156591,f562c197-2120-4bc3-ad48-f86f3af31d93,2023-06-01 15:15:00,399dfec4-01ec-4e84-80b5-cb325d670571,2500,100,2600
c390ed60-0364-4c02-bd8d-5be6880fea77,9d5d41c1-38c8-4da6-9be9-23487ec0ea78,2023-06-01 15:07:00,399dfec4-01ec-4e84-80b5-cb325d670571,700,28,728
ab93b99b-4f96-4749-bcc1-0d17bf75723f,4e2f586d-21cc-44d0-8ba0-0ab553f89593,2023-06-01 08:02:00,399dfec4-01ec-4e84-80b5-cb325d670571,600,24,624
c0dbd2ca-9ab5-4faf-aac7-f333a6b6c71d,1f318b87-a217-4382-9920-052ed8c34a02,2023-06-01 14:31:00,399dfec4-01ec-4e84-80b5-cb325d670571,500,20,520
3c988637-bb42-4a83-ad08-57f4088e7a60,8e38740b-b208-41d8-842e-1d3adbc0061f,2023-06-01 13:41:00,399dfec4-01ec-4e84-80b5-cb325d670571,1900,76,1976
1eae7baf-3d98-48e3-99d8-a1480bccee66,6fe3333d-6a89-4f8d-8dc0-da6859f4e921,2023-06-01 11:35:00,399dfec4-01ec-4e84-80b5-cb325d670571,400,16,416
4b23e731-f271-4df2-a1fb-bc6c6db0c05b,c1bf2415-c749-4874-b0ba-09b667d1e1c7,2023-06-01 07:30:00,399dfec4-01ec-4e84-80b5-cb325d670571,2000,80,2080
f418a1e9-4939-4150-9d5a-4c8395870b26,f9617f0b-4e19-49f8-a48b-8195da86f70c,2023-06-01 13:02:00,399dfec4-01ec-4e84-80b5-cb325d670571,700,28,728
f58e4bac-ed5f-4d29-83c9-d28f57dc0584,35c48889-9128-49d3-8202-144e3434c195,2023-06-01 08:27:00,399dfec4-01ec-4e84-80b5-cb325d670571,400,16,416
01891f11-0951-4fe5-a28e-08acd6f6af4c,5a7695c2-a2b0-4fa9-b900-f13d94db2390,2023-06-01 09:39:00,399dfec4-01ec-4e84-80b5-cb325d670571,500,20,520
6a4b285f-365c-443e-819a-a8884fdebceb,337caee2-578d-4ff8-8415-bdd171629624,2023-06-01 08:29:00,399dfec4-01ec-4e84-80b5-cb325d670571,400,16,416
bc20e271-e944-442c-aa7d-eacd0d4c9a21,f5c4c3cb-5637-4cda-9b83-fd6d23e3269e,2023-06-01 18:49:00,399dfec4-01ec-4e84-80b5-cb325d670571,1800,72,1872
b40f1eec-4beb-4723-ac56-2512b7e12e01,df7ab85e-a71c-404b-a801-79763e8311d0,2023-06-01 08:16:00,399dfec4-01ec-4e84-80b5-cb325d670571,700,28,728
594f70a0-2d7b-444e-a9d6-080f352d2dd0,56523397-5a78-44eb-8c6e-4f63400a088e,2023-06-01 07:58:00,399dfec4-01ec-4e84-80b5-cb325d670571,500,20,520
b38c561c-6e18-4043-9bb8-3f06b54a7f23,191e694f-4bc9-4786-b0b6-1198fbb81cf2,2023-06-01 09:31:00,399dfec4-01ec-4e84-80b5-cb325d670571,700,28,728
c05663da-6fce-4383-a95f-d376dbbd4c6a,3fd9454f-29e8-4ea8-8fba-538c0c968c03,2023-06-01 15:03:00,399dfec4-01ec-4e84-80b5-cb325d670571,600,24,624
ad644678-40f1-49db-97aa-58ea74484bab,10c67e82-7415-43cc-a59d-dc03591a2150,2023-06-01 16:21:00,399dfec4-01ec-4e84-80b5-cb325d670571,1600,64,1664
596931bd-81a2-4aa1-b876-0658ad56172b,b9892ed8-d7b1-4b54-8ca3-f2eff400a3a2,2023-06-01 08:03:00,399dfec4-01ec-4e84-80b5-cb325d670571,500,20,520
0f33fdde-ae1c-4012-a02c-72c98f4d4b40,10bc48fd-188c-4186-bd31-1e725010e285,2023-06-01 16:21:00,399dfec4-01ec-4e84-80b5-cb325d670571,1600,64,1664
e4deda8e-b5fe-4078-9d81-7f88388c7f75,629f5d40-70a3-46cc-aa4e-e07f822098ad,2023-06-01 08:30:00,399dfec4-01ec-4e84-80b5-cb325d670571,600,24,624
a7dc1391-108c-44a3-9b61-bf37b2b6c3f4,01ad5e63-5943-467e-a1d9-f9658ba260eb,2023-06-01 08:22:00,399dfec4-01ec-4e84-80b5-cb325d670571,600,24,624
f39b2ee7-8029-4300-b65f-9296d6b84296,74f04e64-1a60-443e-9276-1d86972df9ff,2023-06-01 16:25:00,399dfec4-01ec-4e84-80b5-cb325d670571,1500,60,1560
d35d03f6-97d5-44bb-843c-bc1330fb8738,ae2fbb8f-0ed4-4a44-9b72-66606afefc2a,2023-06-01 11:35:00,399dfec4-01ec-4e84-80b5-cb325d670571,3100,124,3224
a57e8ac4-4fca-45c8-afce-222ab3605110,3ba017e1-3de6-4cf0-986b-4e215573508b,2023-06-01 14:10:00,399dfec4-01ec-4e84-80b5-cb325d670571,400,16,416
48301421-8a7c-45c8-8951-4f43f2a3d90d,92463bef-cee2-41ce-be98-e21ffd7897bf,2023-06-01 15:05:00,399dfec4-01ec-4e84-80b5-cb325d670571,1800,72,1872
396d6085-2072-4ab9-a380-430bc3b9685c,d787287a-9b36-46ee-8c9a-3425302d81bc,2023-06-01 07:40:00,399dfec4-01ec-4e84-80b5-cb325d670571,700,28,728
17889778-a22e-4855-aac7-25171487ac79,f8fa33a8-b390-4666-87a1-cebd987d2dee,2023-06-01 08:48:00,399dfec4-01ec-4e84-80b5-cb325d670571,400,16,416
38ce21c7-ec96-421b-9f23-3ec86bf95afc,fab0de85-1e9d-4a30-abed-e99da282f7a9,2023-06-01 11:39:00,399dfec4-01ec-4e84-80b5-cb325d670571,2000,80,2080
d94af169-62b1-46dd-86c7-b586c0a782b3,fe5970a8-ffd4-4560-8321-418435f93f1d,2023-06-01 07:40:00,399dfec4-01ec-4e84-80b5-cb325d670571,600,24,624
a35bee2e-dedc-4cf5-b940-cae919ca0480,fc10183f-d1a5-4d89-8215-35d052711ca7,2023-06-01 09:38:00,399dfec4-01ec-4e84-80b5-cb325d670571,0,0,0
6a22081b-0ef5-4c66-83ca-4b0e2778af57,175b56d1-f0a1-4312-80d4-933a026c0757,2023-06-01 07:40:00,399dfec4-01ec-4e84-80b5-cb325d670571,700,28,728
2c55307d-fd74-47d4-8637-b8bda7235298,4258d2e3-929f-4c61-9d8a-ecfbebf28309,2023-06-01 12:45:00,399dfec4-01ec-4e84-80b5-cb325d670571,400,16,416
d85c6cc9-7095-4c66-aba1-754cff14efac,393e344b-01f0-4b0f-8532-6a69f5448868,2023-06-01 09:02:00,399dfec4-01ec-4e84-80b5-cb325d670571,400,16,416
8d31215a-4035-4220-b3c1-94122215c374,88d6b3c9-5501-4dcc-8870-88d2b5a7d2b7,2023-06-01 07:49:00,399dfec4-01ec-4e84-80b5-cb325d670571,400,16,416
eb35cf25-ae4b-4de5-b553-1668135b3250,56ca389d-e4ed-4ef5-aad9-06921244e5fa,2023-06-01 16:46:00,399dfec4-01ec-4e84-80b5-cb325d670571,1600,64,1664
f4c063c3-1cb7-4d0b-a19c-60970b4943ed,c60b2684-3387-4c5b-9304-ce101427a10e,2023-06-01 08:41:00,399dfec4-01ec-4e84-80b5-cb325d670571,400,16,416
6ff528ae-207e-4c2e-b4d9-74e185fb5428,190fbfa8-42b6-49cb-bfa2-1f3fa4d2b6c9,2023-06-01 13:28:00,399dfec4-01ec-4e84-80b5-cb325d670571,1200,48,1248
19f8d106-697d-4bdb-afe6-39824c80bf77,5d3136b5-04d4-48ff-a1bb-e79686ef32d5,2023-06-01 10:44:00,399dfec4-01ec-4e84-80b5-cb325d670571,1200,48,1248
14a7c8eb-7285-4823-b977-98a6c459c381,551bc247-f456-46e6-a6fa-c584861be6c0,2023-06-01 18:16:00,399dfec4-01ec-4e84-80b5-cb325d670571,1800,72,1872
f55d30bd-f6e3-462a-81d6-ce6c56cd0313,49c762bb-3c37-4b70-89e7-915b46aea67e,2023-06-01 11:34:00,399dfec4-01ec-4e84-80b5-cb325d670571,400,16,416
d70f8eb7-fe80-4e05-afe7-6077d6305e0d,82490db6-c9bd-4a9c-a119-f07fbf6a46b5,2023-06-01 08:39:00,399dfec4-01ec-4e84-80b5-cb325d670571,700,28,728
3229b957-d56a-4f1f-a84f-8dd0ef801f0c,6be14bf4-3d0e-4952-bf65-4c65a84d6317,2023-06-01 08:13:00,399dfec4-01ec-4e84-80b5-cb325d670571,600,24,624
c795a47e-d143-45aa-91a3-38f1cf309a00,58ad3080-6386-4389-b206-731a5696a3b1,2023-06-01 17:17:00,399dfec4-01ec-4e84-80b5-cb325d670571,600,24,624
e60c016c-af72-4cc2-9075-879fe310496d,c1b18263-70bc-4b00-99a6-4f17212b6651,2023-06-01 16:10:00,399dfec4-01ec-4e84-80b5-cb325d670571,500,20,520
77c37fde-ffdb-4787-8b91-be6bc89e8373,638b7677-d131-4292-886e-bf9c8d6b99ba,2023-06-01 07:00:00,399dfec4-01ec-4e84-80b5-cb325d670571,600,24,624
e16c6f9d-991f-498d-97be-bdcc3dd5b2e7,f256cbdd-6aa1-4b99-a1c6-9ab67f9c3223,2023-06-01 17:46:00,399dfec4-01ec-4e84-80b5-cb325d670571,1900,76,1976
5de720cb-703c-4501-8fd8-9c7203e4b930,3dfec5a1-2732-414d-82de-29395c432266,2023-06-01 07:58:00,399dfec4-01ec-4e84-80b5-cb325d670571,500,20,520
0856531b-cf8d-48d4-ba6b-ac5e8b2ef8b0,e9ef1eb3-db11-4e4b-b0f6-55acc47d73e7,2023-06-01 18:08:00,399dfec4-01ec-4e84-80b5-cb325d670571,2000,80,2080
3fce5228-4929-4c25-9114-e6e05f85e667,87d299e0-d1b9-48df-9374-deebc903fcec,2023-06-01 14:20:00,399dfec4-01ec-4e84-80b5-cb325d670571,700,28,728
9716b1af-f676-420b-8f25-771dd52958fb,b741bbdf-2063-4577-a506-c8982e3a0323,2023-06-01 08:54:00,399dfec4-01ec-4e84-80b5-cb325d670571,700,28,728
1f61bfb0-e06e-4540-bf60-d6d3f16b6122,47102ecf-be37-4a37-adaa-b5ed933ebf2a,2023-06-01 10:50:00,399dfec4-01ec-4e84-80b5-cb325d670571,600,24,624
94b9acad-7e3c-44bb-8026-646988227637,7b4451d7-07ec-4286-8bfa-d625ce343ee2,2023-06-01 12:59:00,399dfec4-01ec-4e84-80b5-cb325d670571,0,0,0
15ac0fe3-e289-4487-b4a2-48d242fefd80,47712520-fdeb-4483-bc9c-cbd3d715ddd0,2023-06-01 13:39:00,399dfec4-01ec-4e84-80b5-cb325d670571,600,24,624
c3dbff46-773d-451c-b8e9-cc959ee57414,573450ad-16f9-4e5c-a6e9-42642ecc2093,2023-06-01 16:40:00,399dfec4-01ec-4e84-80b5-cb325d670571,1500,60,1560
03f6ee25-d0fb-4ff0-b291-3f524a311b98,3c6cf4c6-49bc-4e6c-901f-ebf9af01ee6c,2023-06-01 11:00:00,399dfec4-01ec-4e84-80b5-cb325d670571,600,24,624
4340e94c-a5ec-40f4-a939-07b2759ba782,efd0fccf-5287-4ba1-83d3-390d49c76861,2023-06-01 13:39:00,399dfec4-01ec-4e84-80b5-cb325d670571,1500,60,1560
19877378-3224-45b5-b813-beeabe54ebe6,bb9d7ade-1359-411a-b0e7-e27c37588d1c,2023-06-01 08:54:00,399dfec4-01ec-4e84-80b5-cb325d670571,700,28,728
daeb133b-d985-4bf9-b41e-0e4032231393,269df0b9-75f1-4f95-b858-ab8527a08573,2023-06-01 14:22:00,399dfec4-01ec-4e84-80b5-cb325d670571,700,28,728
2e0610e6-46ef-44c9-839d-3e0a9eb6cab9,419d1cd0-c9ee-4c57-9ce9-f01e6a0c4637,2023-06-01 08:00:00,399dfec4-01ec-4e84-80b5-cb325d670571,600,24,624
36a5fd7e-2372-4ba6-bc9c-62261bc559eb,9385e880-136f-4853-bb94-87d293e455f9,2023-06-01 16:28:00,399dfec4-01ec-4e84-80b5-cb325d670571,400,16,416
dba9eee8-cbb7-49fe-9b33-f56f67dc24d5,094b3055-b2cc-40f4-beaa-4b479baede47,2023-06-01 07:14:00,399dfec4-01ec-4e84-80b5-cb325d670571,1400,56,1456
3a1e92f5-0ee4-45f6-9491-e2df207025cc,9350c210-10a7-4b2f-ba74-5f52c9f4319b,2023-06-01 13:14:00,399dfec4-01ec-4e84-80b5-cb325d670571,1300,52,1352
065cfc77-6894-4505-8bdf-0d1ad26e285b,2e115436-fac0-48c1-8088-4a199e32aeb8,2023-06-01 07:59:00,399dfec4-01ec-4e84-80b5-cb325d670571,400,16,416
72fb827d-bca4-4631-871a-d4dc9d338dbe,66c7df80-d945-468b-91db-2a2e7f5333f9,2023-06-01 15:12:00,399dfec4-01ec-4e84-80b5-cb325d670571,400,16,416
c8063bc4-057a-482a-a7bc-faa2bb2957b5,1cf7c15b-9c7e-4885-9240-b1459da8b9d3,2023-06-01 16:00:00,399dfec4-01ec-4e84-80b5-cb325d670571,500,20,520
47ca3697-fd6d-45c1-89d7-f4cad29c873d,60a8ecd6-8c8f-4548-a548-223aa3c4717f,2023-06-01 07:40:00,399dfec4-01ec-4e84-80b5-cb325d670571,600,24,624
927da9c9-3adc-4aa6-ad75-111b64326108,9f087b1a-7a86-434b-8ca0-08a841b45429,2023-06-01 07:41:00,399dfec4-01ec-4e84-80b5-cb325d670571,400,16,416
e81f27e0-a979-4114-9a49-79e60c4a0de2,b259e63d-c998-4f0c-ab7f-8d3a22fd7aa7,2023-06-01 15:52:00,399dfec4-01ec-4e84-80b5-cb325d670571,1900,76,1976
ebeed87a-5dc2-4e20-96c6-c34d5a677613,d21877bf-b729-4e1d-bc29-a1f08b1cece4,2023-06-01 17:52:00,399dfec4-01ec-4e84-80b5-cb325d670571,600,24,624
aa29298b-a044-458c-90c8-e66065496e0b,d7be0311-c786-4146-a16e-26ffa7c8db08,2023-06-01 15:45:00,399dfec4-01ec-4e84-80b5-cb325d670571,1200,48,1248
7d38199f-53a6-4740-a630-1cd93445e73a,0cc755c0-0f54-4056-ae9a-18f3670a8c41,2023-06-01 14:58:00,399dfec4-01ec-4e84-80b5-cb325d670571,600,24,624
a7dcbb13-bea6-4ea7-ab55-273b9e9a220f,733bc17a-6b25-4b2f-9d45-bfe808dc93c0,2023-06-01 11:09:00,399dfec4-01ec-4e84-80b5-cb325d670571,600,24,624
d47dff4d-0315-481e-b9df-47ce16adbfda,077821b6-ff2d-4be0-867b-392285ef7f66,2023-06-01 18:08:00,399dfec4-01ec-4e84-80b5-cb325d670571,1200,48,1248
d94c4437-3a68-4ca8-926b-16a6d72b027a,21b796ce-f7e3-447f-b2fc-b7ab9e3f0d85,2023-06-01 15:33:00,399dfec4-01ec-4e84-80b5-cb325d670571,2100,84,2184
6ae0ca18-7240-4395-b3e3-a68b01859b00,5e65c6d6-a81f-4cee-b034-51aa45e41b4e,2023-06-01 08:31:00,399dfec4-01ec-4e84-80b5-cb325d670571,500,20,520
25b01301-e1fc-4db0-a781-0ec7b2709eca,b1cabaa2-6a94-4142-a4be-2bf09e3bb6b2,2023-06-01 09:18:00,399dfec4-01ec-4e84-80b5-cb325d670571,600,24,624
f3d7f5be-9d44-4b53-b55e-ca38f5d171bd,408711a0-3260-472a-86c1-07325f01dad7,2023-06-01 18:05:00,399dfec4-01ec-4e84-80b5-cb325d670571,700,28,728
d05e386e-1006-4ad9-bd3a-102341168969,6f03b818-c7d4-4b58-9d22-0b2e4f095638,2023-06-01 14:32:00,399dfec4-01ec-4e84-80b5-cb325d670571,600,24,624
50a5d366-7de5-46ba-b2e6-dab6c3616d02,06428c6a-1380-424a-b43e-4531141be890,2023-06-01 08:22:00,399dfec4-01ec-4e84-80b5-cb325d670571,700,28,728
9856f476-5ed1-4390-ac44-b8f11cb5ae45,347937b1-a1e4-465a-8806-694910b7f61d,2023-06-01 07:59:00,399dfec4-01ec-4e84-80b5-cb325d670571,600,24,624
89508288-9bd1-4fe2-9383-0495e63dd328,32074f1f-acff-4079-893d-b5ad4572a8c4,2023-06-01 14:11:00,399dfec4-01ec-4e84-80b5-cb325d670571,500,20,520
137bbe36-7cf3-43c2-93a6-41c05594e259,81accf64-8081-482a-ba4f-b9ab41a42f91,2023-06-01 18:01:00,399dfec4-01ec-4e84-80b5-cb325d670571,1500,60,1560
89fd5f6a-5f98-4e99-ae16-e1471f304146,16b577c9-c1e2-4734-82e4-ca1c0c0fa7c3,2023-06-01 10:43:00,399dfec4-01ec-4e84-80b5-cb325d670571,400,16,416
9b81881b-19de-42c3-ae5e-c9dd38c6d265,c8f546ab-e1bc-475e-951f-b7d04fedfd6c,2023-06-01 13:18:00,399dfec4-01ec-4e84-80b5-cb325d670571,600,24,624
89738065-344e-45cb-950e-d423288c77c9,2d58c862-6caf-4e9a-acfe-df194768718b,2023-06-01 07:16:00,399dfec4-01ec-4e84-80b5-cb325d670571,500,20,520
aa1dc892-204f-40de-9a47-1fd5a02d0a24,5df40cff-214e-4d3c-a396-ebefd20fb640,2023-06-01 13:11:00,399dfec4-01ec-4e84-80b5-cb325d670571,600,24,624
999b3c78-8fa3-4852-97d0-e14faf75b69c,fa3865dd-9ba6-49bf-b39a-bfcfd61455ba,2023-06-01 09:45:00,399dfec4-01ec-4e84-80b5-cb325d670571,400,16,416
fde51b0f-01ad-4424-bb68-f780daf18601,0b7b056b-c902-4224-87b7-f0310af14cd2,2023-06-01 08:32:00,399dfec4-01ec-4e84-80b5-cb325d670571,400,16,416
23396793-fc3e-42a0-b28b-f7e57d855368,e467d5f6-66ab-4541-a74a-f1ba6235240e,2023-06-01 12:26:00,399dfec4-01ec-4e84-80b5-cb325d670571,1800,72,1872
9c487810-5937-4882-83f0-5439f4f97e2e,49d45173-97fb-46fa-b7ab-351eade2898d,2023-06-01 08:30:00,399dfec4-01ec-4e84-80b5-cb325d670571,700,28,728
1e498afb-ae3f-4c37-bb13-4e00d4df743b,7e04fe6b-5f22-46bc-b418-22d60ac811c0,2023-06-01 07:46:00,399dfec4-01ec-4e84-80b5-cb325d670571,600,24,624
30e50068-adc0-4d49-a1d5-bda6c4bad7db,c277e494-ed67-421f-9c0a-78ec662fc165,2023-06-01 15:56:00,399dfec4-01ec-4e84-80b5-cb325d670571,500,20,520
6a08541e-393e-4eec-b82e-48cc50f502ed,3f28bdb7-15a1-4281-8a5c-4c2c2f849c7d,2023-06-01 16:24:00,399dfec4-01ec-4e84-80b5-cb325d670571,400,16,416
0d807506-1707-4735-bcf1-d8d2667e4b25,996a6380-67cd-421a-8260-817f6575b769,2023-06-01 07:38:00,399dfec4-01ec-4e84-80b5-cb325d670571,500,20,520
20df5655-ea85-483d-8bcd-c1d5c3d67d77,17a63361-a6ba-41cb-b185-85eac2242369,2023-06-01 14:01:00,399dfec4-01ec-4e84-80b5-cb325d670571,400,16,416
f50d7352-9d03-4eb2-b58e-9813aff7db80,130e18e8-70ab-44f4-8e32-4df8ec29ff4b,2023-06-01 14:14:00,399dfec4-01ec-4e84-80b5-cb325d670571,600,24,624
29ea859c-58d6-43ce-9fea-8d111a798a9e,7fc87d1d-64fc-43a6-a3f4-85eeaf8e1886,2023-06-01 15:45:00,399dfec4-01ec-4e84-80b5-cb325d670571,400,16,416
6bff95c9-1b5b-40e5-8808-d93f8b3e22d8,254bfb81-7794-44ad-ad06-d37904bf0e24,2023-06-01 12:01:00,399dfec4-01ec-4e84-80b5-cb325d670571,600,24,624
f6f95f04-0d67-421b-999c-22f6c19d821b,b255511e-5860-44d3-9bc8-07434bb0377c,2023-06-01 08:19:00,399dfec4-01ec-4e84-80b5-cb325d670571,500,20,520
fcd3c0b8-fa18-479e-bbfb-211f182d400e,a666a8c8-399f-42cc-9765-05db56159a3b,2023-06-01 15:29:00,399dfec4-01ec-4e84-80b5-cb325d670571,1200,48,1248
a8e66418-dcee-4fe7-8577-8fdcfd630f7f,a4bba0f7-6122-4743-ac59-f8ba8c5a721a,2023-06-01 10:07:00,399dfec4-01ec-4e84-80b5-cb325d670571,2500,100,2600
63a40b67-94e2-45d2-9603-3cc7740452af,0b8d755b-5279-44f7-bac8-81c2738b1111,2023-06-01 08:27:00,399dfec4-01ec-4e84-80b5-cb325d670571,500,20,520
453bc688-c649-4e9e-afb3-d7c4f5e10542,58ce6298-8492-452a-9f99-a55d99e454e4,2023-06-01 08:13:00,399dfec4-01ec-4e84-80b5-cb325d670571,400,16,416
6305cfd6-1fa2-4ee7-b296-b886b3c7ff7e,df13ac1c-3ad8-4ead-af33-b27d83bb34c0,2023-06-01 14:21:00,399dfec4-01ec-4e84-80b5-cb325d670571,600,24,624
9176eeaf-3264-4866-9e25-05aa7c7727d5,b04d849b-94c4-43b6-86ed-cf26dbe24ee8,2023-06-01 07:38:00,399dfec4-01ec-4e84-80b5-cb325d670571,400,16,416
acf2ea01-0f64-480e-986d-22fdfdf19cfc,2ae61282-d749-4519-ba0e-6c7e550c7eab,2023-06-01 14:31:00,399dfec4-01ec-4e84-80b5-cb325d670571,2000,80,2080
07f10006-33be-4cb1-93fe-228cb44e0b94,d663fbbf-6362-4dc0-9cff-3f3e00effccc,2023-06-01 18:10:00,399dfec4-01ec-4e84-80b5-cb325d670571,600,24,624
fbd643fa-2fb8-4b56-9474-7c66426ca9b1,6093872b-6ea0-43af-943c-43da73d77c8a,2023-06-01 14:00:00,399dfec4-01ec-4e84-80b5-cb325d670571,500,20,520
f48286be-fab2-4e17-9ffa-b9716f460c8b,3f69ef15-abbd-4131-9670-58313d4fd3d1,2023-06-01 14:03:00,399dfec4-01ec-4e84-80b5-cb325d670571,700,28,728
790c45db-7a14-4df5-9845-fc7eba7b9c3b,00fe0742-ca1a-462a-ab05-2297bc4cded9,2023-06-01 10:45:00,399dfec4-01ec-4e84-80b5-cb325d670571,700,28,728
dad22910-9bee-4f05-9087-67a6b4261b2a,6c4f79c1-c913-4599-a82a-bc6283855909,2023-06-01 08:20:00,399dfec4-01ec-4e84-80b5-cb325d670571,600,24,624
02a39534-068d-401a-b71e-c5d18a8e4ad1,86e797b8-17cd-4741-b470-d0aa63b5de45,2023-06-01 10:22:00,399dfec4-01ec-4e84-80b5-cb325d670571,1800,72,1872
588611ff-d2f7-490d-a60a-c12a7d4247a7,28c5e573-dbe9-49da-baa8-11eafd9e1473,2023-06-01 07:58:00,399dfec4-01ec-4e84-80b5-cb325d670571,400,16,416
63db0729-c190-452c-bc1a-8af5d5df3e3f,87bfb92d-66c8-4568-ad61-e0ae0730e8d0,2023-06-01 07:47:00,399dfec4-01ec-4e84-80b5-cb325d670571,600,24,624
d6a37c45-50d0-4197-8023-6a2f2ae6d02c,a1c6677f-446b-4940-8c40-8e018a7ca815,2023-06-01 12:00:00,399dfec4-01ec-4e84-80b5-cb325d670571,600,24,624
a4a0b34b-e41d-4e72-a4a1-103d745d180c,5252229c-8816-4cc0-9061-86b844313715,2023-06-01 08:40:00,399dfec4-01ec-4e84-80b5-cb325d670571,600,24,624
65ff01d8-f63a-4940-87a6-9f675e5e56eb,c9b3df80-8e43-45a7-87e5-7c1202671a86,2023-06-01 08:48:00,399dfec4-01ec-4e84-80b5-cb325d670571,600,24,624
7f20e6ad-c899-4cdb-870b-1d7f06eb37fe,a17cdf1c-0c24-4309-8248-906a4e24c1ed,2023-06-01 10:05:00,399dfec4-01ec-4e84-80b5-cb325d670571,400,16,416
05efeba3-a0c3-4d43-8ef5-6e9f9c9da79f,6de0fa39-0254-45be-b7c2-a0e59eead219,2023-06-01 07:29:00,399dfec4-01ec-4e84-80b5-cb325d670571,500,20,520
44e57580-cfe2-48c9-ae2d-f61ea73cd319,d19ff309-72e3-4a8b-a6c5-26433433c175,2023-06-01 17:28:00,399dfec4-01ec-4e84-80b5-cb325d670571,1600,64,1664
8e700520-ca01-484a-a203-30f845d954a6,738675f7-5520-40c8-9a5c-cc66d9fd338c,2023-06-01 12:43:00,399dfec4-01ec-4e84-80b5-cb325d670571,2200,88,2288
563ecb67-7b79-40ee-9be5-50c54a48847c,f4ad4e1b-cb6c-4d4b-8292-765d32912398,2023-06-01 16:32:00,399dfec4-01ec-4e84-80b5-cb325d670571,400,16,416
b0e518ab-d7fb-4eae-915a-cbfcb867a134,09768a2d-e30f-4fba-bbea-42c4af3c16d0,2023-06-01 13:16:00,399dfec4-01ec-4e84-80b5-cb325d670571,500,20,520
b81e2f39-7e78-4700-9fca-393039037416,d24e9271-8085-46c5-93e2-744d394a96ce,2023-06-01 08:06:00,399dfec4-01ec-4e84-80b5-cb325d670571,700,28,728
34dd7b9b-ba4b-400c-903c-c2d941625836,217c5782-039f-4c87-a461-d24c4c75963e,2023-06-01 09:33:00,399dfec4-01ec-4e84-80b5-cb325d670571,600,24,624
f67bfc27-91ff-42c8-af9e-80130a431b3f,80eb4e1f-be85-4e2d-901d-63851a086877,2023-06-01 08:49:00,399dfec4-01ec-4e84-80b5-cb325d670571,600,24,624
3d44c615-49bf-4e86-af22-44f5a17952cf,93137d6e-3e68-4f5e-81a4-716212bcb9a9,2023-06-01 07:56:00,399dfec4-01ec-4e84-80b5-cb325d670571,400,16,416
13fa0c09-e0df-4603-93cc-98e5b49456a6,76c96bb4-46b4-420a-9014-633d4fa008ce,2023-06-01 14:56:00,399dfec4-01ec-4e84-80b5-cb325d670571,1200,48,1248
648f673b-7c86-45dd-96ab-a479ba06e750,38812f12-33f2-493c-860e-166ea6f08176,2023-06-01 08:01:00,399dfec4-01ec-4e84-80b5-cb325d670571,600,24,624
c765fc9e-1954-497c-939a-bfca8bd12fb0,6160656f-db8b-4a17-8c32-1b69f0546f58,2023-06-01 07:47:00,399dfec4-01ec-4e84-80b5-cb325d670571,700,28,728
f7d8442f-5cfc-46dd-8011-3897051ddc6a,8aa1534d-101a-4387-a192-eadb32347bf3,2023-06-01 12:03:00,399dfec4-01ec-4e84-80b5-cb325d670571,1500,60,1560
2de61780-3c07-4e64-9157-fdd84ce31c9b,2134a68a-aebf-46d9-8143-0f110f8b4aae,2023-06-01 16:23:00,399dfec4-01ec-4e84-80b5-cb325d670571,1900,76,1976
cde0ee40-429f-4d52-bfad-5efde6406d21,666f2378-13e2-4fd0-ac37-36749cb0a391,2023-06-01 15:13:00,399dfec4-01ec-4e84-80b5-cb325d670571,1600,64,1664
0b53f453-8475-4fdc-9ccc-ebab4c3b1c9a,7cb36d58-03a5-4fa5-88d3-047d8d9c82c1,2023-06-01 17:04:00,399dfec4-01ec-4e84-80b5-cb325d670571,400,16,416
fe79c3e9-214b-46f7-8ed5-63149aa01769,59cbf0dc-0b3a-4388-855e-5bd669cbf70f,2023-06-01 07:37:00,399dfec4-01ec-4e84-80b5-cb325d670571,600,24,624
f6dc5ae2-3963-407d-8629-164d25afb6ee,99790003-312c-4738-ac59-24de9dd5ca26,2023-06-01 15:37:00,399dfec4-01ec-4e84-80b5-cb325d670571,2000,80,2080
b375a122-20f3-4a56-a63a-ac4eedabec48,82a6aee8-f1af-4310-ab80-7b40a6812f97,2023-06-01 08:50:00,399dfec4-01ec-4e84-80b5-cb325d670571,700,28,728
74ab2a50-9f72-45f3-95a1-daa7f52211ee,b4795940-db8c-426d-86de-443d77d52769,2023-06-01 07:00:00,399dfec4-01ec-4e84-80b5-cb325d670571,500,20,520
478abfb3-e72a-4404-a1dc-cb553575dff8,42a1f840-5dc9-4c3c-99ae-213221725a32,2023-06-01 12:48:00,399dfec4-01ec-4e84-80b5-cb325d670571,700,28,728
3ce0b9f8-cc85-42a0-bac5-a09d2866b475,352967a1-2643-437f-9078-5cab0677d6c9,2023-06-01 11:34:00,399dfec4-01ec-4e84-80b5-cb325d670571,600,24,624
7a14188f-c3fa-4811-89ab-75f950bedbb0,aee3650e-2a29-49e6-9b76-a014fcb6f488,2023-06-01 18:05:00,399dfec4-01ec-4e84-80b5-cb325d670571,400,16,416
f9b7d74c-dff5-4be6-884a-e48d4a55fa9d,c0ae5287-fc4d-4f95-9812-fb904bd70178,2023-06-01 13:24:00,399dfec4-01ec-4e84-80b5-cb325d670571,600,24,624
937da4e2-5be5-4f4e-b972-ceb114b1e1a6,7000f470-f20c-406f-a4ce-0a6b949b0978,2023-06-01 16:29:00,399dfec4-01ec-4e84-80b5-cb325d670571,700,28,728
bb8c9397-ebc0-4a63-9cbe-f36661c54904,a49b4bb7-ff65-4e64-a8f7-d0b69f4dee4a,2023-06-01 08:15:00,399dfec4-01ec-4e84-80b5-cb325d670571,500,20,520
6f1577e4-9e24-4937-a5df-ae17d14a0015,cca74689-b99d-4a88-80cc-7e00df041465,2023-06-01 07:19:00,399dfec4-01ec-4e84-80b5-cb325d670571,500,20,520
d6e58c84-bff3-4165-95f7-39d643a06fd8,00f745c8-1adc-4d55-8ddf-95a61af4ad4f,2023-06-01 19:17:00,399dfec4-01ec-4e84-80b5-cb325d670571,600,24,624
66f64db2-8636-469e-8fd6-341f8c7adde4,2a9f7a07-e7b2-4ca6-a1ae-7769638025f5,2023-06-01 07:42:00,399dfec4-01ec-4e84-80b5-cb325d670571,700,28,728
bc41d4f4-f57e-4d50-b626-064babe6a1ed,9ac47955-e8be-406d-b9db-02736e13e8f8,2023-06-01 18:16:00,399dfec4-01ec-4e84-80b5-cb325d670571,600,24,624
537aa1cf-efe9-4403-825b-28415ab4a49c,38b6a9c4-770d-4115-b10f-b873e2e606a2,2023-06-01 16:37:00,399dfec4-01ec-4e84-80b5-cb325d670571,1500,60,1560
f6bd4227-1f9a-484c-9071-eda559838bbf,13b0c9ce-53dc-4c0f-8f07-e25191ae7e9e,2023-06-01 12:45:00,399dfec4-01ec-4e84-80b5-cb325d670571,500,20,520
cbd27ac0-5603-447b-8b8e-65c962f3e32f,56e90f70-5a07-4dd8-bd80-329d6cd71beb,2023-06-01 07:41:00,399dfec4-01ec-4e84-80b5-cb325d670571,500,20,520
7c4c3d77-dd34-4b6e-bb50-4e4520856bbb,e7720da8-4896-4ddf-bef1-2ab577ebe12a,2023-06-01 07:32:00,399dfec4-01ec-4e84-80b5-cb325d670571,600,24,624
21ab960d-40e6-41ed-8a4f-44f2e3742b6f,85d95b80-0fe8-4c1a-9da5-c07a6f15dc08,2023-06-01 16:01:00,399dfec4-01ec-4e84-80b5-cb325d670571,600,24,624
ab656b65-15a6-4b3f-bd41-93890425acbf,79bd7f32-cd59-4ff4-8cdd-fc7c0d35a24c,2023-06-01 08:20:00,399dfec4-01ec-4e84-80b5-cb325d670571,700,28,728
1ebf6c06-78ae-4533-8e33-7273b32721ed,6c567f96-afe7-4c61-9eb4-ae11aa33af50,2023-06-01 08:18:00,399dfec4-01ec-4e84-80b5-cb325d670571,500,20,520
8429a3d4-883d-43be-8c8f-4ca689aa5516,b6135829-98b1-474f-8e0f-c05749688ddc,2023-06-01 15:44:00,399dfec4-01ec-4e84-80b5-cb325d670571,1200,48,1248
d90ff099-2f46-4a5d-8ce7-b4fe261d5422,b10b99c8-2ee9-49ec-b8fa-f2eeea94766b,2023-06-01 15:39:00,399dfec4-01ec-4e84-80b5-cb325d670571,1800,72,1872
dbae6c52-4985-4497-b486-8cf0ffef82fc,cfb91507-0769-4ef6-910f-493cf5dee61d,2023-06-01 08:32:00,399dfec4-01ec-4e84-80b5-cb325d670571,500,20,520
022ecd58-ec71-48e4-91d6-cd69185b9a39,4998100c-3bd2-4aa4-a0aa-c44ccd440b9d,2023-06-01 13:43:00,399dfec4-01ec-4e84-80b5-cb325d670571,600,24,624
d951f4a6-ae72-4f62-83b0-2582dc10db80,8087043b-2bf7-4128-b23b-491f8828ab94,2023-06-01 12:45:00,399dfec4-01ec-4e84-80b5-cb325d670571,500,20,520
f112480f-4678-4dfe-91a0-b3ba98eacfce,d3d911e6-991f-4a1c-9323-12711d554974,2023-06-01 15:02:00,399dfec4-01ec-4e84-80b5-cb325d670571,1600,64,1664
17cf46c5-7ce8-42e4-8c20-0483a5321126,ff9dbf4b-f83a-47df-8149-1d007473c13b,2023-06-01 08:15:00,399dfec4-01ec-4e84-80b5-cb325d670571,400,16,416
fd112c86-6b84-4e59-9393-2ef12ed83599,2d1ced3b-1535-4ab1-bfa3-f91b08a62ce0,2023-06-01 14:48:00,399dfec4-01ec-4e84-80b5-cb325d670571,4000,160,4160
5daa631e-3f5e-491e-a42f-b9fe215bc998,c49fc16b-3bf0-498a-b200-ab3b0a2d21fa,2023-06-01 08:29:00,399dfec4-01ec-4e84-80b5-cb325d670571,500,20,520
9b550b76-f872-4572-9706-acf09f5052ca,49c08f3b-71bd-4a05-b692-45763689821a,2023-06-01 15:03:00,399dfec4-01ec-4e84-80b5-cb325d670571,1100,44,1144
3ef3a101-5156-43a6-9327-8289d4e0859f,6c531190-7a87-48c2-9340-eb99ffe43618,2023-06-01 08:06:00,399dfec4-01ec-4e84-80b5-cb325d670571,700,28,728
e877c1dc-5851-42ca-b4bc-464440667a92,07601b5c-7ed9-4968-be5c-2cba1ac5e749,2023-06-01 10:03:00,399dfec4-01ec-4e84-80b5-cb325d670571,700,28,728
b56950f7-7d07-4096-b49a-34360389b698,656d2889-01cd-40e9-9a0a-d7161f75bdbb,2023-06-01 08:00:00,399dfec4-01ec-4e84-80b5-cb325d670571,600,24,624
044ebe24-afd3-4223-9b41-584664224afe,d4b724c3-5b9f-4070-94f3-9a02569c6869,2023-06-01 14:08:00,399dfec4-01ec-4e84-80b5-cb325d670571,600,24,624
2f641532-4248-4f94-a997-d75e45ccf164,5db741f4-0237-4a97-952f-4b4d8736d287,2023-06-01 12:22:00,399dfec4-01ec-4e84-80b5-cb325d670571,400,16,416
9ba095c3-ac51-4160-a068-4e8182df9747,5c754667-bd0b-413a-97ea-6d494170105d,2023-06-01 12:22:00,399dfec4-01ec-4e84-80b5-cb325d670571,1700,68,1768
4b6a761d-06fb-477c-aa65-ffe3f48d1d1b,34a667fc-5b95-4873-932b-017bc484fd30,2023-06-01 14:01:00,399dfec4-01ec-4e84-80b5-cb325d670571,1700,68,1768
5ee128fb-ea84-4dc5-b4f6-880a8a3e63e2,dc638163-fb06-4d37-a613-8803a234a3b2,2023-06-01 15:00:00,399dfec4-01ec-4e84-80b5-cb325d670571,1900,76,1976
87c29668-7a40-481a-b599-99aac6a642ec,f1db0d0d-94a9-4a4c-856c-121f927fa835,2023-06-01 12:09:00,399dfec4-01ec-4e84-80b5-cb325d670571,1800,72,1872
8366fef6-416b-4b5c-a64c-2cd5147ef0f4,074494a3-c96d-425a-ac76-574c3bf0682b,2023-06-01 07:59:00,399dfec4-01ec-4e84-80b5-cb325d670571,400,16,416
60f26d39-b52a-420e-99ab-0e16c7b307e3,930ba1e9-ab55-4962-8226-814b5cff5c6b,2023-06-01 17:03:00,399dfec4-01ec-4e84-80b5-cb325d670571,1700,68,1768
46666b27-7e33-4441-8443-4f9670964578,7a2aa575-93bb-4e07-b671-715ba4f6e845,2023-06-01 12:20:00,399dfec4-01ec-4e84-80b5-cb325d670571,600,24,624
b2431985-6291-4705-9827-118a50798d83,69b02737-366e-4314-b6fa-d52802a4b21c,2023-06-01 14:22:00,399dfec4-01ec-4e84-80b5-cb325d670571,3600,144,3744
6f01f7cd-7a8f-41b5-9a87-0b986803bf85,d7e41540-bff7-4ed0-a86b-5aee9f21788b,2023-06-01 13:00:00,399dfec4-01ec-4e84-80b5-cb325d670571,500,20,520
2bd277ec-021b-4beb-93b1-45bc32b08503,18ced2bd-3551-425a-87e7-42722bffdd24,2023-06-01 11:42:00,399dfec4-01ec-4e84-80b5-cb325d670571,600,24,624
fccc4a2f-c487-4f39-ab67-b97f7242943a,8262a4d4-998d-4133-8f19-2c4db179f4f0,2023-06-01 14:09:00,399dfec4-01ec-4e84-80b5-cb325d670571,500,20,520
49b38758-4abf-4ba2-8088-09c132183077,b3b324a4-15eb-41b7-9457-400de83b61ea,2023-06-01 15:38:00,399dfec4-01ec-4e84-80b5-cb325d670571,1800,72,1872
d01a26ca-b1b4-4ab6-a73c-4d784c1c2189,a5a7baae-427a-4692-aef7-16eb13b37793,2023-06-01 07:19:00,399dfec4-01ec-4e84-80b5-cb325d670571,400,16,416
e41f7c72-fc9f-47f6-b342-ff95fc49c7bc,847aef98-7eed-484a-b834-f5777f38266f,2023-06-01 07:57:00,399dfec4-01ec-4e84-80b5-cb325d670571,600,24,624
25d8fff8-a578-4570-8400-b964bfdab2e5,328478c8-5184-4102-8cc9-eb3e7b902389,2023-06-01 15:02:00,399dfec4-01ec-4e84-80b5-cb325d670571,1600,64,1664
6bd6fb00-21a6-4ca2-ad56-505a92a643dd,c5d9ad26-76b8-42f4-a362-e95a478d1e92,2023-06-01 17:02:00,399dfec4-01ec-4e84-80b5-cb325d670571,1800,72,1872
b59b193d-541c-4931-bb78-bfcfb3002ed2,9dc4f4a2-e0c9-4e0c-b425-2b1d1c88d3a5,2023-06-01 18:06:00,399dfec4-01ec-4e84-80b5-cb325d670571,1700,68,1768
9d036fbd-09df-4ee5-92e2-229af0d319d9,86f6bfbd-28b9-468f-80a0-7b3bd1a9db57,2023-06-01 07:32:00,399dfec4-01ec-4e84-80b5-cb325d670571,600,24,624
3ca71d52-bc2e-41bc-b3ee-405aecc359b6,bf08c871-984b-4bde-99ef-9b6558abd7af,2023-06-01 15:09:00,399dfec4-01ec-4e84-80b5-cb325d670571,900,36,936
fbd7c357-b823-4bfa-832f-d5fc53c1a51f,fbaac559-7731-4dfe-8b40-bdd6f8010f67,2023-06-01 07:54:00,399dfec4-01ec-4e84-80b5-cb325d670571,600,24,624
b48de4cd-05b9-4df8-a55d-43036b9a1156,ce4f635a-840e-47e0-b57a-df0b63bbafa7,2023-06-01 18:54:00,399dfec4-01ec-4e84-80b5-cb325d670571,1100,44,1144
f4158989-7712-4fd4-9f3c-36a5e6fb779a,a95ddb13-ef71-4cf0-a8a8-2ffaecaaf27b,2023-06-01 08:01:00,399dfec4-01ec-4e84-80b5-cb325d670571,500,20,520
e8ac9c80-f398-4713-b010-f48aab255b26,22f8b600-cae0-4a84-b021-08740f324c10,2023-06-01 13:21:00,399dfec4-01ec-4e84-80b5-cb325d670571,1700,68,1768
dc132b6f-f646-4d01-a676-11206e276f3f,2550c3a5-082c-4582-bf64-ed8cacf87cfc,2023-06-01 14:23:00,399dfec4-01ec-4e84-80b5-cb325d670571,1000,40,1040
22da3898-c0e0-4844-bf9e-f17fec35ecb8,82d81521-fd8c-4073-87b6-9aa0a8e9f0b3,2023-06-01 15:34:00,399dfec4-01ec-4e84-80b5-cb325d670571,2000,80,2080
56c72192-f449-4dcc-9c1a-ebdd651e5aee,13470635-526f-48e9-9715-e528e1e8dbde,2023-06-01 16:10:00,399dfec4-01ec-4e84-80b5-cb325d670571,1900,76,1976
5173722d-1ed6-4a78-aa7f-658f4ad760b8,38a14cdb-c8f2-4746-a5f7-c8c5cc8c3c95,2023-06-01 17:40:00,399dfec4-01ec-4e84-80b5-cb325d670571,700,28,728
77fab9fa-50fd-42b4-ba79-c9b61a7bc2ac,e5194824-f51d-4687-9f60-72df2e41a7a5,2023-06-01 16:27:00,399dfec4-01ec-4e84-80b5-cb325d670571,1600,64,1664
4fc9784e-5e1c-4f2c-9bc8-6b318c74fe40,63b5948f-6961-4db8-b621-892196f7a96e,2023-06-01 07:33:00,399dfec4-01ec-4e84-80b5-cb325d670571,600,24,624
daeb07b9-e689-49b9-8007-5f03f9d0acb0,6d12e477-f54e-429f-9e88-c7f7562792a9,2023-06-01 19:25:00,399dfec4-01ec-4e84-80b5-cb325d670571,1600,64,1664
a252874d-3632-4f8a-977c-2b1022c9b1ca,73bf3e3c-44ec-45c9-b2cb-670618e256c2,2023-06-01 14:49:00,399dfec4-01ec-4e84-80b5-cb325d670571,400,16,416
94a20edb-5c80-456e-af84-b18c92321423,6f5d60ad-9a43-4fcb-b497-014613bae8ea,2023-06-01 15:36:00,399dfec4-01ec-4e84-80b5-cb325d670571,2900,115,3015
9fb86726-c5a9-4f7d-943a-3b0b8a2af0f1,7aec9cdf-282b-43d6-b76a-136094088273,2023-06-01 14:26:00,399dfec4-01ec-4e84-80b5-cb325d670571,1800,72,1872
04aa5723-2b24-46f0-a99f-ae3b11a24ba7,992b8e45-f532-4d7e-9b77-bd94fd451c79,2023-06-01 08:24:00,399dfec4-01ec-4e84-80b5-cb325d670571,500,20,520
4b89d028-1cd1-42e1-b741-22f919caed62,2fcb4006-ca51-44cd-9d87-aa34d745ee90,2023-06-01 08:00:00,399dfec4-01ec-4e84-80b5-cb325d670571,400,16,416
120daad4-4003-4dad-8ee7-52f669b67911,3a95336d-35a9-4b6a-81ac-84714ffa0ea4,2023-06-01 07:40:00,399dfec4-01ec-4e84-80b5-cb325d670571,400,16,416
65ca7510-d03b-409b-871f-7e47e760ce0b,3dee0d2d-f11e-4e71-8336-86cb6a9445ad,2023-06-01 07:41:00,399dfec4-01ec-4e84-80b5-cb325d670571,400,16,416
d86c3fe8-505c-4b2e-b333-de34f252c009,9ca91be3-bfcc-4623-9ef5-a4023693a589,2023-06-01 08:12:00,399dfec4-01ec-4e84-80b5-cb325d670571,600,24,624
c552279e-3107-4398-8551-e3b88eb57347,e4f2d67a-5c47-4845-a945-4e923836a9bf,2023-06-01 14:28:00,399dfec4-01ec-4e84-80b5-cb325d670571,500,20,520
ed4e4301-8f3b-493f-8519-453b9c0b0876,c334810a-f8b3-4f0b-b7f5-feab68f07ae0,2023-06-01 08:55:00,399dfec4-01ec-4e84-80b5-cb325d670571,500,20,520
8056f985-6bfa-4cef-a149-2077b10ce78c,3d82151b-b0d4-4890-bb63-8f573d494f9d,2023-06-01 08:11:00,399dfec4-01ec-4e84-80b5-cb325d670571,400,16,416
9af4e01b-8449-4682-8595-b689ce99ac96,f711d079-46d9-4d69-8972-e92561b89b64,2023-06-01 10:05:00,399dfec4-01ec-4e84-80b5-cb325d670571,3700,148,3848
c18ac0b7-6762-4926-a929-3099a1607d72,73fa8e0a-42b4-47dc-b0a1-f510a9d057d8,2023-06-01 19:41:00,399dfec4-01ec-4e84-80b5-cb325d670571,2100,84,2184
b2647288-123d-45c8-9480-4deb0ef499d2,2445d187-36c8-440f-a8db-1db27e08268e,2023-06-01 17:26:00,399dfec4-01ec-4e84-80b5-cb325d670571,600,24,624
e9c9669a-5751-4749-9514-14ea476a0149,88d4b95f-8525-47ab-b76f-1a86bdcc7b2b,2023-06-01 09:05:00,399dfec4-01ec-4e84-80b5-cb325d670571,600,24,624
d6939dbd-fe0b-4148-b50e-c5002d0afa80,bddd0699-14be-4bed-8a03-c3be1c8b86f4,2023-06-01 08:41:00,399dfec4-01ec-4e84-80b5-cb325d670571,400,16,416
84a1e6f3-9733-4ada-b531-eebe826e5a6f,ef550118-4d33-4419-9a7f-121c8400e9c6,2023-06-01 16:51:00,399dfec4-01ec-4e84-80b5-cb325d670571,1800,72,1872
12b92cb5-36d5-46e8-9e1a-97cbd826ed94,84cdb717-25d5-481f-b814-35cf768ecddb,2023-06-01 08:05:00,399dfec4-01ec-4e84-80b5-cb325d670571,600,24,624
52315d1f-04e8-4fc9-b454-d8fa2555e3ac,572579ab-5e23-43fd-a1af-8753798c8659,2023-06-01 07:31:00,399dfec4-01ec-4e84-80b5-cb325d670571,600,24,624
8af513fe-b4d7-43d0-be78-b0b99cfa58fb,e55d222b-7102-42c7-bd28-c147a15b12c5,2023-06-01 08:13:00,399dfec4-01ec-4e84-80b5-cb325d670571,500,20,520
4ab4c4a5-174d-4d5c-8d07-96751e3e9b3a,11dfb8fb-c6ad-44e6-b50b-f390d132d5b1,2023-06-01 13:51:00,399dfec4-01ec-4e84-80b5-cb325d670571,600,24,624
a90baebc-ae88-4449-8a93-7d3131343054,48894cb2-296d-4112-88cb-99945e94b978,2023-06-01 07:06:00,399dfec4-01ec-4e84-80b5-cb325d670571,400,16,416
a94b9ec5-5cf4-4c78-aae3-0cafd2b758f2,64e0d810-94a5-4c80-b63d-886f352ba2f2,2023-06-01 12:23:00,399dfec4-01ec-4e84-80b5-cb325d670571,1700,68,1768
11098460-4c73-45d2-acf2-6f222b6a4d06,bc624e4d-32f3-4180-ac3a-86652cd1d6a8,2023-06-01 17:28:00,399dfec4-01ec-4e84-80b5-cb325d670571,500,20,520
71ccf996-5991-4e50-8d81-870b01874d80,b295a4a4-a6b1-4fb7-847e-0b135ed1c18e,2023-06-01 17:22:00,399dfec4-01ec-4e84-80b5-cb325d670571,600,24,624
cd88506e-c96f-41cf-9560-a0839018436b,6ae00ce0-276c-40e1-b26d-ee7c41d7a287,2023-06-01 08:29:00,399dfec4-01ec-4e84-80b5-cb325d670571,600,24,624
860f83e4-bef2-4539-bb9f-b59080d7c773,ae73571f-72c6-4767-a468-b4982ef05d1c,2023-06-01 17:24:00,399dfec4-01ec-4e84-80b5-cb325d670571,600,24,624
993e3da1-fb82-4caf-afef-248798842817,33bc9426-832e-483d-a623-5760bf8fdf42,2023-06-01 07:01:00,399dfec4-01ec-4e84-80b5-cb325d670571,600,24,624
219e7228-ba99-4cd1-871d-674ae9955d2a,ce1fddc8-7087-4b9e-82c8-bc09e6384345,2023-06-01 12:55:00,399dfec4-01ec-4e84-80b5-cb325d670571,1300,52,1352
24252b99-c4b8-4dd0-9af4-9f33297c7928,fb199cad-e920-4319-b1de-7da53844f1ed,2023-06-01 08:13:00,399dfec4-01ec-4e84-80b5-cb325d670571,400,16,416
1ed0aec4-2f48-4405-ba53-81a2b0476db4,cacf77ba-7e15-45a0-a3f4-87fdccd569c4,2023-06-01 08:21:00,399dfec4-01ec-4e84-80b5-cb325d670571,700,28,728
46538ffb-01d0-46bd-8b30-8110f9294bde,5a29452c-9230-4b56-9b2a-a1d20ab74781,2023-06-01 07:00:00,399dfec4-01ec-4e84-80b5-cb325d670571,500,20,520
082a8250-fdab-4afc-8867-dd5ea3593ff2,1142280f-5f9e-4229-97e2-9e6460d24acb,2023-06-01 16:19:00,399dfec4-01ec-4e84-80b5-cb325d670571,500,20,520
40317faf-d336-489a-9dd1-93aa9a0ef139,5c37d040-f5cd-46cf-8acc-43c886d34ad0,2023-06-01 08:03:00,399dfec4-01ec-4e84-80b5-cb325d670571,400,16,416
1c5a4598-f04f-4a0f-bbeb-47e55fe03fd6,7704c14b-191e-436e-814f-08b0fb28dcfc,2023-06-01 13:15:00,399dfec4-01ec-4e84-80b5-cb325d670571,700,28,728
4b40b7c9-e795-4135-9e10-b05cda5e9abd,f4a9a1e0-026f-48df-a4d9-b2bb26fe93a0,2023-06-01 19:01:00,399dfec4-01ec-4e84-80b5-cb325d670571,2600,104,2704
f2db08a8-6ae4-4fcb-bbfc-ef469d28a905,01c86347-415c-4252-814c-a612527d8843,2023-06-01 08:29:00,399dfec4-01ec-4e84-80b5-cb325d670571,400,16,416
37ce9a3f-c194-4a6e-96b1-f46abec27d18,e82b5b62-7070-47bc-a992-278728911d81,2023-06-01 08:01:00,399dfec4-01ec-4e84-80b5-cb325d670571,600,24,624
cb67bcba-a56c-484f-944f-a6603a1cfa21,9cdc61b1-1932-43b4-a55e-1d3ec6fb8833,2023-06-01 19:32:00,399dfec4-01ec-4e84-80b5-cb325d670571,400,16,416
39ff27c4-0bf0-41f2-a692-98a6ea668439,9cdb2202-788c-4b47-b58d-609db081bb60,2023-06-01 08:32:00,399dfec4-01ec-4e84-80b5-cb325d670571,600,24,624
acb5c199-562e-42c5-b5c1-7d360c86dffb,876ab495-dc39-43eb-a0b9-19b5e4c4e15c,2023-06-01 12:55:00,399dfec4-01ec-4e84-80b5-cb325d670571,1000,40,1040
34c58a59-a83c-4d08-bae7-fc5d4e1e4231,2c15654f-379c-4848-a3e0-4562a56c4da7,2023-06-01 08:16:00,399dfec4-01ec-4e84-80b5-cb325d670571,600,24,624
92f76eb7-38eb-47e3-a672-3ad1a4239fcc,bcc834b4-d5a5-4283-ba01-2fbe27533479,2023-06-01 07:50:00,399dfec4-01ec-4e84-80b5-cb325d670571,700,28,728
226a48af-0b21-475a-a83c-d9d27a0eb03d,8b2d2cd5-c5eb-47f1-b3e3-41c7c00c5828,2023-06-01 12:12:00,399dfec4-01ec-4e84-80b5-cb325d670571,400,16,416
27e10275-fac1-4f85-964f-57859a55c9b7,9b7b008c-1fa5-4375-8f86-1556b93c3043,2023-06-01 19:19:00,399dfec4-01ec-4e84-80b5-cb325d670571,1800,72,1872
7bec1365-993a-46ad-8a0d-93f20fb0992a,dff2f0df-07b7-4c09-8812-8c4a7f83cd94,2023-06-01 07:40:00,399dfec4-01ec-4e84-80b5-cb325d670571,400,16,416
4a2c31c8-c26f-494e-9614-3fda18d35def,b0c002ee-eddd-4615-a3fc-b0700f7eafc2,2023-06-01 07:08:00,399dfec4-01ec-4e84-80b5-cb325d670571,500,20,520
1e6679b7-b64d-435d-8b8d-c42debb08c14,798267d5-be32-437a-8020-542e0498810a,2023-06-01 08:03:00,399dfec4-01ec-4e84-80b5-cb325d670571,700,28,728
ee8be683-d721-43ed-afda-9c98a2469bf2,14205dcb-8a2d-42ca-9b45-ee05ebb00763,2023-06-01 16:38:00,399dfec4-01ec-4e84-80b5-cb325d670571,500,20,520
827a0051-f3ae-4832-a8bf-732387013b02,49ccd473-0d76-45da-8360-02143cb40354,2023-06-01 08:03:00,399dfec4-01ec-4e84-80b5-cb325d670571,400,16,416
2ec72e62-5274-45d7-8ba1-d123e449b64f,6c1f593e-fa25-4522-92a1-002b2f6a6bc7,2023-06-01 16:39:00,399dfec4-01ec-4e84-80b5-cb325d670571,900,36,936
0c47fe3e-edc1-4aba-8bfd-a23db7bc115b,da90d8e9-37d5-4f64-9642-bc11f542e117,2023-06-01 08:48:00,399dfec4-01ec-4e84-80b5-cb325d670571,600,24,624
77e29fe3-a870-4bed-b1e0-7bef96d07f59,060308f5-0857-42a6-813e-96a75cc247ac,2023-06-01 14:47:00,399dfec4-01ec-4e84-80b5-cb325d670571,600,24,624
de5dc0cc-8f4f-4e10-b7c7-1a700f51350e,0189068c-f3d3-4672-b98b-047d057a0fd5,2023-06-01 08:31:00,399dfec4-01ec-4e84-80b5-cb325d670571,500,20,520
6eff14d8-2d0c-4aca-8fef-63f25704f01a,1bc1c9dc-b8d3-4560-97b7-febe15ab0506,2023-06-01 07:28:00,399dfec4-01ec-4e84-80b5-cb325d670571,600,24,624
691be949-8ffa-4ee0-b31f-e2654fcf351f,7a03ca1d-d911-4037-9f11-75d63cfad5e4,2023-06-01 08:47:00,399dfec4-01ec-4e84-80b5-cb325d670571,600,24,624
7cf2a9cc-b5a3-4fe8-bbc1-c4ac7b883981,21b3fd59-4b01-4c9d-844b-6790ed39fddc,2023-06-01 07:17:00,2c7c0b40-21e5-4026-b405-3281a1c094fa,400,25,425
91268b58-203f-4403-92ef-de52672f37ee,5bc0eeb0-31d7-4611-bb9d-71498c761bcb,2023-06-01 14:35:00,2c7c0b40-21e5-4026-b405-3281a1c094fa,600,37,637
6b4776c7-539e-416f-a11d-4b60609cb6f7,b4742677-d25f-4cf6-af19-7c4a2d5751fd,2023-06-01 08:00:00,2c7c0b40-21e5-4026-b405-3281a1c094fa,500,31,531
50313860-d295-49e6-a12e-2c0411f51813,fcef0a47-bbe9-4080-9a24-e276ddb4e0e7,2023-06-01 08:15:00,2c7c0b40-21e5-4026-b405-3281a1c094fa,600,37,637
ce754073-985d-4357-bd3b-2576fa74b2bd,f099b990-a8b3-492f-8974-61e3112a060e,2023-06-01 14:30:00,2c7c0b40-21e5-4026-b405-3281a1c094fa,3300,206,3506
efa13703-af5e-48fa-8f27-31114066a43c,92c1b8ac-0f8c-4e0d-bf8a-acd3c5a54f25,2023-06-01 17:12:00,2c7c0b40-21e5-4026-b405-3281a1c094fa,700,43,743
445600e9-3ee2-414e-a193-85ca3cb28a48,5672d8ec-d299-4823-941e-e84d29a5aca6,2023-06-01 08:02:00,2c7c0b40-21e5-4026-b405-3281a1c094fa,500,31,531
1e06812c-90a3-4641-b1e0-067a2a9266db,31d8ef80-b405-4d99-9a0b-e566200ab033,2023-06-01 07:48:00,2c7c0b40-21e5-4026-b405-3281a1c094fa,700,43,743
8167e31e-d128-4e8a-9f43-41f37c09510d,c601f733-7fe7-415c-b872-d63e8f49066b,2023-06-01 17:49:00,2c7c0b40-21e5-4026-b405-3281a1c094fa,700,43,743
6c99a8d7-d342-4c95-9c93-248f61a8d8da,cfc196da-1613-48e5-b649-e57a6a927c10,2023-06-01 07:51:00,2c7c0b40-21e5-4026-b405-3281a1c094fa,400,25,425
f8acc54e-58a5-49a8-aac0-0cdbd86c2e34,f19d8935-9c7f-478c-8a8c-d23218d6fc8b,2023-06-01 12:24:00,2c7c0b40-21e5-4026-b405-3281a1c094fa,1100,68,1168
1603e10e-10a0-4cb7-a3bb-6ccdbfa07a46,a26c5d51-ee15-486d-b326-9703275ab2ab,2023-06-01 07:52:00,2c7c0b40-21e5-4026-b405-3281a1c094fa,600,37,637
0b012b71-27b3-4ec9-bd4f-672471c40a2f,c8c991b2-ee2e-4dbf-b8aa-6e52e61ac8e8,2023-06-01 14:00:00,2c7c0b40-21e5-4026-b405-3281a1c094fa,2000,125,2125
665906f5-c3e1-4ab4-8312-847bfc72835b,784c9a3e-b023-4a14-87c3-cb46212c638b,2023-06-01 15:00:00,2c7c0b40-21e5-4026-b405-3281a1c094fa,2300,143,2443
d3a34aba-1c0f-4e5b-a9d1-8c5656d88d38,bed501e6-d9e1-40f4-9e7f-d1073803ba16,2023-06-01 10:53:00,2c7c0b40-21e5-4026-b405-3281a1c094fa,700,43,743
cc832925-bfed-4256-b4db-de5b55c298c9,f5b90b38-b61b-42af-a8f4-4815317a3571,2023-06-01 12:39:00,2c7c0b40-21e5-4026-b405-3281a1c094fa,1800,112,1912
47c02fa0-0b89-4041-b4a8-d62b073ba280,1d8b9d13-c62c-4446-977d-412869e6c4b6,2023-06-01 07:16:00,2c7c0b40-21e5-4026-b405-3281a1c094fa,700,43,743
4b5de007-af0a-4e5d-a2e3-d88cfedbfcd6,b239e930-6de8-4346-87b0-1981dc56bb9f,2023-06-01 08:03:00,2c7c0b40-21e5-4026-b405-3281a1c094fa,600,37,637
3069660b-2248-4416-ac13-cee46a6ff1d3,94e8bb75-d618-4999-8bea-b7fc6888523f,2023-06-01 14:14:00,2c7c0b40-21e5-4026-b405-3281a1c094fa,400,25,425
3fe3ee7f-1088-4bfa-bda4-593aff1fc76e,ca73909a-648b-4522-a10d-c4c3c9bfaba1,2023-06-01 08:20:00,2c7c0b40-21e5-4026-b405-3281a1c094fa,600,37,637
3bb61643-59b0-4e9c-b5c8-7a4eda625399,0da8bfd8-a8e8-4bc3-85ae-f527018c2e8b,2023-06-01 07:50:00,2c7c0b40-21e5-4026-b405-3281a1c094fa,400,25,425
fb7151dd-76ca-46b1-b0f7-68b978742ce0,92f85679-d678-4b1f-9343-b97924ced844,2023-06-01 08:03:00,2c7c0b40-21e5-4026-b405-3281a1c094fa,500,31,531
4cea0d51-cffa-481b-9beb-8b59e7efcef7,1d9773b9-b306-416f-9338-2b1d4cd51e0b,2023-06-01 12:52:00,2c7c0b40-21e5-4026-b405-3281a1c094fa,600,37,637
2e210f2d-d67c-4e49-8f6a-94232d62529b,78748d05-917c-446b-8b2f-1bb8275f3983,2023-06-01 13:53:00,2c7c0b40-21e5-4026-b405-3281a1c094fa,1100,68,1168
a9f9c287-ef67-47b1-bd72-70c93720dae6,e61583e8-f052-430d-90fd-68085acfc960,2023-06-01 08:42:00,2c7c0b40-21e5-4026-b405-3281a1c094fa,600,37,637
a69a4e3f-c4bc-4a4f-ab74-ae4447e8709a,4334d3c1-d272-4f31-b4ff-de447c05f4dd,2023-06-01 11:03:00,2c7c0b40-21e5-4026-b405-3281a1c094fa,500,31,531
d9c15421-2c55-4874-a89f-f57b792a4e56,9559b3f5-0745-4104-aeff-b4f1f8886bd7,2023-06-01 13:32:00,2c7c0b40-21e5-4026-b405-3281a1c094fa,1800,112,1912
ce319696-105d-4119-a65e-00ed78a9a8ce,de885f45-3a20-4c29-a25b-662ee4bd48ea,2023-06-01 14:24:00,2c7c0b40-21e5-4026-b405-3281a1c094fa,1600,100,1700
c56c5c71-ac06-472b-a3c2-43617d26cb00,5b2dc95e-efec-46b9-aa80-1ca5c85a4269,2023-06-01 08:39:00,2c7c0b40-21e5-4026-b405-3281a1c094fa,600,37,637
8c5c4d6c-93af-4df8-b882-8bec83178daa,2b2611ec-0afe-4c68-9361-65b0cda595e3,2023-06-01 14:30:00,2c7c0b40-21e5-4026-b405-3281a1c094fa,1700,106,1806
554372a1-4f7f-4358-a3fc-7eeb6daa7df7,e52aaea4-1556-4821-8cd6-a24a8217815f,2023-06-01 07:18:00,2c7c0b40-21e5-4026-b405-3281a1c094fa,500,31,531
074066f4-ad12-4a9b-88cb-c9d7c50de6f2,ab4df321-67bc-425a-8aee-7e81929639d1,2023-06-01 07:08:00,2c7c0b40-21e5-4026-b405-3281a1c094fa,600,37,637
26b2fe2c-f46f-4bb2-9189-4285c3f4a822,4bf036f8-cdd5-4fd4-bb15-96f6fdfb6472,2023-06-01 07:39:00,2c7c0b40-21e5-4026-b405-3281a1c094fa,600,37,637
50f5d053-96d0-433d-9ca4-5fcaec289560,be9a5cd7-728a-4593-b5b5-b13c1f98920d,2023-06-01 07:51:00,2c7c0b40-21e5-4026-b405-3281a1c094fa,400,25,425
5ed6a8d1-d205-47db-9e2d-4f0fdc288d0f,a56eaf67-ae11-49c8-ad29-20271c45924b,2023-06-01 11:24:00,2c7c0b40-21e5-4026-b405-3281a1c094fa,3500,218,3718
a45dbc79-091f-48ad-9c1a-2b76c45f1a9d,24796668-1d6a-493c-a0dd-1bafc84036be,2023-06-01 08:15:00,2c7c0b40-21e5-4026-b405-3281a1c094fa,500,31,531
a71a4a9f-b9ef-4010-b727-c43d6e4610e1,50472b1b-3caf-49fd-a0f0-3f28b45262fd,2023-06-01 10:07:00,2c7c0b40-21e5-4026-b405-3281a1c094fa,2400,150,2550
0a4eda00-3802-4418-9618-2e283fba006e,5a88b3e4-1ba1-4430-8899-483fd984e89d,2023-06-01 07:23:00,2c7c0b40-21e5-4026-b405-3281a1c094fa,600,37,637
6ec8b720-9eba-4ad4-a9f0-5c4e56feae93,9739993f-f502-493c-a220-bfc05e1635a7,2023-06-01 17:34:00,2c7c0b40-21e5-4026-b405-3281a1c094fa,500,31,531
498e9b92-c2d8-4e8e-8fd5-fff9d50f1559,10e46bfd-d0f5-4e00-b866-118e3d12fb34,2023-06-01 11:11:00,2c7c0b40-21e5-4026-b405-3281a1c094fa,500,31,531
7cfacf19-a789-452a-b866-5f275b6214cf,cc90bdd5-438f-4c36-b399-4b1be7281e64,2023-06-01 17:17:00,2c7c0b40-21e5-4026-b405-3281a1c094fa,500,31,531
71cf4764-29d7-43fc-8d06-d7ded2bca80d,de14b04b-3662-48cd-8bf6-16eae90fbc67,2023-06-01 11:03:00,2c7c0b40-21e5-4026-b405-3281a1c094fa,600,37,637
32f11ab3-2aaf-4e0e-8f7b-d7a7d05cecf4,8c433684-7a25-467e-afb1-be6cb25cb156,2023-06-01 13:10:00,2c7c0b40-21e5-4026-b405-3281a1c094fa,600,37,637
830834ea-ab2a-49ab-8232-4e0e35c8b3e3,c21472e1-f6ab-489f-9f36-de3ff9aea42c,2023-06-01 09:22:00,2c7c0b40-21e5-4026-b405-3281a1c094fa,2400,150,2550
b5592615-a4b4-443f-997f-98d5ad5e0c60,6711753d-3774-4e54-9f79-3ebf7762b9f9,2023-06-01 12:21:00,2c7c0b40-21e5-4026-b405-3281a1c094fa,1900,118,2018
ab6b18fd-c07c-47cd-920f-f3999450e436,89d86da7-67e0-4324-965d-77ebd26b7396,2023-06-01 08:56:00,2c7c0b40-21e5-4026-b405-3281a1c094fa,500,31,531
c5945840-3330-425f-b113-a485d4ae1e94,c4cffa02-aa09-4ae6-a4dc-bb7e26c3b440,2023-06-01 07:44:00,2c7c0b40-21e5-4026-b405-3281a1c094fa,700,43,743
ffed253b-8cf4-4345-84b1-17054294a0f5,5c298d25-bd60-448d-a828-a1d1c08d3bf4,2023-06-01 07:38:00,2c7c0b40-21e5-4026-b405-3281a1c094fa,500,31,531
caf952ae-10b1-4c31-9056-f01bc746e941,f231f357-ff6c-4960-938f-a5596a13fb07,2023-06-01 16:04:00,2c7c0b40-21e5-4026-b405-3281a1c094fa,600,37,637
68b96f10-c139-4e2f-af38-33b4d261e5fa,b612256d-3418-40c1-97fc-fbbf395ac791,2023-06-01 17:08:00,2c7c0b40-21e5-4026-b405-3281a1c094fa,1900,118,2018
f6c7be66-6677-4cff-af86-070f93f79d6d,3c426c6a-4b67-4d8e-a89a-57a563164dee,2023-06-01 08:33:00,2c7c0b40-21e5-4026-b405-3281a1c094fa,500,31,531
4189c111-ca0b-4ce7-bc85-0802e165460d,627e216c-0671-47dd-902c-9fb076543b9e,2023-06-01 08:17:00,2c7c0b40-21e5-4026-b405-3281a1c094fa,600,37,637
c2b46d95-1f7b-456e-bbc3-e629142b8e0a,1409cd42-7e74-4fa2-9ff3-b4d9d56ac42c,2023-06-01 08:31:00,2c7c0b40-21e5-4026-b405-3281a1c094fa,500,31,531
1d7098b6-12cd-488f-91d5-e123a06d4fc8,f878e8ca-ab74-463a-8f66-556e0b5213c2,2023-06-01 11:29:00,2c7c0b40-21e5-4026-b405-3281a1c094fa,1200,75,1275
09081a62-b6af-4d57-b116-2e24c0d416b6,b95ae917-38af-44ef-98a5-9bdf844ac239,2023-06-01 15:27:00,2c7c0b40-21e5-4026-b405-3281a1c094fa,400,25,425
972911fd-3167-4b59-a1d1-7f82ba4f424e,1ccc49eb-7f71-45cc-81df-ac385f685028,2023-06-01 07:05:00,2c7c0b40-21e5-4026-b405-3281a1c094fa,400,25,425
ef04ae8a-b490-4697-b25f-342919195c67,e9914ccf-1cab-4fc8-9269-8c1a8f85eb5a,2023-06-01 07:25:00,2c7c0b40-21e5-4026-b405-3281a1c094fa,500,31,531
44ffae9a-def7-480e-830e-0617622d23ec,7e8d4795-8d8a-4188-acba-390847a8c1ae,2023-06-01 16:30:00,2c7c0b40-21e5-4026-b405-3281a1c094fa,700,43,743
09f02939-dbef-4d7d-94f4-0bfe11f09887,16e3010f-92c8-4716-945d-76a4cbabf52a,2023-06-01 17:56:00,2c7c0b40-21e5-4026-b405-3281a1c094fa,400,25,425
c2a2359a-c70c-4184-b59e-ec6ba230ab53,1fbcd07d-85bc-4c6a-b8de-d3b6edb361dc,2023-06-01 13:03:00,2c7c0b40-21e5-4026-b405-3281a1c094fa,600,37,637
1db0694a-0e7b-4e9d-be63-4bbe7821b588,9d60be57-1b54-4e56-8191-7fc35fef020c,2023-06-01 10:18:00,2c7c0b40-21e5-4026-b405-3281a1c094fa,2100,131,2231
11d8f75a-d8c9-4449-b247-9f1030a4a5ee,a898b31f-c8bd-4f5e-b261-ebe31e5158bc,2023-06-01 11:49:00,2c7c0b40-21e5-4026-b405-3281a1c094fa,600,37,637
7985e837-8701-4502-a63b-96f33f346085,d27d7182-0397-4734-b076-2f556218e9f1,2023-06-01 16:07:00,2c7c0b40-21e5-4026-b405-3281a1c094fa,600,37,637
370b87eb-b653-419c-bd7e-e54729a60887,3a580c58-a316-47fb-b0c9-1d95666d47d7,2023-06-01 08:20:00,2c7c0b40-21e5-4026-b405-3281a1c094fa,600,37,637
9ef62dc9-e089-4819-b9b0-4b34c15e546f,86fa6d80-37ef-4cca-8727-173b1a366c48,2023-06-01 12:52:00,2c7c0b40-21e5-4026-b405-3281a1c094fa,700,43,743
6527c884-108c-4394-8e0d-dd0103a89885,fe9d2747-393a-4e72-8e43-6d997f2418d6,2023-06-01 07:42:00,2c7c0b40-21e5-4026-b405-3281a1c094fa,500,31,531
078bdf14-4d6c-4632-b546-5ea34864d94c,27385e8e-11c9-453d-a177-3a8890bab09a,2023-06-01 07:00:00,2c7c0b40-21e5-4026-b405-3281a1c094fa,500,31,531
26de20af-e5b9-48d0-8c2c-bee584b4b2f6,27d2e3d3-99cb-4478-950f-9cbf9f2cc532,2023-06-01 07:35:00,2c7c0b40-21e5-4026-b405-3281a1c094fa,600,37,637
a72e218a-d3f3-4380-916d-204a63d8cb01,317af3b3-84ba-4923-9e51-e7933277830f,2023-06-01 15:16:00,2c7c0b40-21e5-4026-b405-3281a1c094fa,700,43,743
e6b6aed6-e27e-444e-a996-246ca2d1921e,e44dcf8d-2ef5-40ca-8d77-f21cb1c148b8,2023-06-01 13:42:00,2c7c0b40-21e5-4026-b405-3281a1c094fa,4700,293,4993
34b63c4d-ce21-45f5-b8ed-24fa6526bb12,376ebf34-5cd8-4b7a-8537-66e16f53ed5f,2023-06-01 17:37:00,2c7c0b40-21e5-4026-b405-3281a1c094fa,500,31,531
de08c1c3-6e31-46e2-825c-31f78e4448c5,62a52493-e5ec-476f-9bec-c8f82abd3323,2023-06-01 08:29:00,2c7c0b40-21e5-4026-b405-3281a1c094fa,700,43,743
6d7be874-5abe-4f28-be04-d00377477e27,d6051f3b-7116-4f92-bb67-34699dc3ce20,2023-06-01 10:13:00,2c7c0b40-21e5-4026-b405-3281a1c094fa,700,43,743
6216d709-e9e8-41c0-ae57-cc7267a30cc5,3cb4aad5-6d7d-46ad-a18a-5f6b21f48552,2023-06-01 16:08:00,2c7c0b40-21e5-4026-b405-3281a1c094fa,1700,106,1806
86aa8bb7-c024-4e67-88ca-ea878919ea20,aad9060e-f28a-4122-9e78-f451247bce13,2023-06-01 08:46:00,2c7c0b40-21e5-4026-b405-3281a1c094fa,1700,106,1806
045dace5-412d-4f5f-b29a-243acf23952e,681cebbd-56fd-4ad3-99b4-726306cbaa73,2023-06-01 07:46:00,2c7c0b40-21e5-4026-b405-3281a1c094fa,700,43,743
413afc58-5003-4586-ae59-71020cbe6e12,9c02b9e3-3e53-451a-abb0-96f63308bb02,2023-06-01 08:24:00,2c7c0b40-21e5-4026-b405-3281a1c094fa,600,37,637
6d7c92b9-3144-4163-978b-e7bb12d28215,cc5c0c1a-857b-42ec-991b-22ab9d333141,2023-06-01 08:28:00,2c7c0b40-21e5-4026-b405-3281a1c094fa,600,37,637
8d42574c-a7d9-4cb6-80d2-4d37f923c699,ea97db70-9e3b-4bc2-973f-6e3f2be46e5f,2023-06-01 07:24:00,2c7c0b40-21e5-4026-b405-3281a1c094fa,600,37,637
07967d23-6e9f-40a4-92e7-aa248e8206e8,1cc557ae-f87b-4765-9bc4-0f1dd6f53013,2023-06-01 08:29:00,2c7c0b40-21e5-4026-b405-3281a1c094fa,500,31,531
e38d9b17-19a9-409e-8a15-190ce34698ca,f91faf5c-1c47-45c9-aad2-29930f300126,2023-06-01 08:22:00,2c7c0b40-21e5-4026-b405-3281a1c094fa,500,31,531
79175f56-e979-4f90-94bc-e0078c6fc0a6,414e72b8-a890-4597-b3f7-d6da0f9d4531,2023-06-01 07:32:00,2c7c0b40-21e5-4026-b405-3281a1c094fa,600,37,637
5f515517-4525-4614-9b16-4d92cf786ff6,e26fafe1-9a63-43ca-b38b-ed5f0ea96f66,2023-06-01 18:23:00,2c7c0b40-21e5-4026-b405-3281a1c094fa,1000,62,1062
6bbd1120-ea85-4399-b54e-921c897d9545,905a1a14-02a3-4d80-a710-d9769750a63d,2023-06-01 19:05:00,2c7c0b40-21e5-4026-b405-3281a1c094fa,700,43,743
ce4664e6-491e-4d19-8154-7812a17ac382,1313316f-0c13-404e-8197-2bde150a1ddd,2023-06-01 08:22:00,2c7c0b40-21e5-4026-b405-3281a1c094fa,600,37,637
a4fcf4a6-352f-4ccb-90a1-d041b4cc0a35,32a8b8e6-453f-4153-b08b-aaeedc146c9d,2023-06-01 13:42:00,2c7c0b40-21e5-4026-b405-3281a1c094fa,600,37,637
ad499f3b-2633-4b3b-86e2-d7950fab4c9a,de670223-8a3e-4b82-a4d4-b03cc596af73,2023-06-01 08:10:00,2c7c0b40-21e5-4026-b405-3281a1c094fa,600,37,637
cdd96ea8-266d-49a6-9642-c68a4ecd7961,f304ef62-c15a-4a60-ab1c-ad7af392467e,2023-06-01 07:48:00,2c7c0b40-21e5-4026-b405-3281a1c094fa,700,43,743
aa63cb47-0bde-43dd-b703-2baf7f80bfac,dc0bde54-b18c-450d-a2a5-7ec3e3bce7c3,2023-06-01 12:26:00,2c7c0b40-21e5-4026-b405-3281a1c094fa,600,37,637
e1ce25bc-2901-482f-af63-e6c1bf657c1c,3cae3cae-a64f-491f-a508-68ff36ecb4af,2023-06-01 08:54:00,2c7c0b40-21e5-4026-b405-3281a1c094fa,600,37,637
20ce377a-c257-4bd4-b9f7-ee088d5e076b,b453354b-0417-476e-8175-326090454bc9,2023-06-01 15:31:00,2c7c0b40-21e5-4026-b405-3281a1c094fa,1600,100,1700
0aa9f0ff-1c19-4240-a88e-245711c2870a,7dd6c618-4f1f-4481-8212-0ca877effb17,2023-06-01 17:10:00,2c7c0b40-21e5-4026-b405-3281a1c094fa,600,37,637
d4e402ab-cab0-4055-9f26-c512d5ce792f,96924eb0-a996-4610-ae35-0949499a223a,2023-06-01 08:18:00,2c7c0b40-21e5-4026-b405-3281a1c094fa,500,31,531
e8084441-aaf8-4379-a64a-1e2b88657488,6c98f86b-b539-4054-a6da-a0f41d26ae4b,2023-06-01 16:11:00,2c7c0b40-21e5-4026-b405-3281a1c094fa,700,43,743
9a4d60c9-a786-4e6c-a8d3-d02a28f80f1e,90be0a7e-945b-4bb7-b8e8-47e877d61e85,2023-06-01 15:52:00,2c7c0b40-21e5-4026-b405-3281a1c094fa,500,31,531
1459cfb5-746b-4635-a382-a30e2146abf8,f6a983d2-5104-41f4-a579-38c173229679,2023-06-01 16:36:00,2c7c0b40-21e5-4026-b405-3281a1c094fa,600,37,637
5158b403-9398-4aa4-a69a-500519f21ba7,2f0ecbb9-4ae8-45d7-8f01-f82126757ca5,2023-06-01 07:25:00,2c7c0b40-21e5-4026-b405-3281a1c094fa,600,37,637
c84db0be-a9c9-4182-87d4-b4c906addfcd,104b478d-b925-4eb1-b365-ae2354f1fd19,2023-06-01 08:34:00,2c7c0b40-21e5-4026-b405-3281a1c094fa,700,43,743
606a9e8e-050c-4d50-9af0-d77552d82ad9,cdea4af0-7c90-48ed-bb8b-411fb9de8b57,2023-06-01 08:25:00,2c7c0b40-21e5-4026-b405-3281a1c094fa,600,37,637
65d9305b-e811-49e0-930b-ff17fbf7bec0,f3e64264-67a2-42fb-878a-17ff2055ab31,2023-06-01 15:28:00,2c7c0b40-21e5-4026-b405-3281a1c094fa,500,31,531
d95619b9-f025-43c5-902b-5df472cd08a0,aec1cde7-0627-4bec-a528-fe77ca766b5e,2023-06-01 08:05:00,2c7c0b40-21e5-4026-b405-3281a1c094fa,500,31,531
7bc4edbb-0049-4d66-83b4-cb1ebcca6903,d6965668-a794-4ad0-b0a8-93a8001a6500,2023-06-01 12:00:00,2c7c0b40-21e5-4026-b405-3281a1c094fa,3100,193,3293
8e2b68d3-9691-4a42-bf84-0ee0e7f7e060,465154fc-21ed-456c-9e03-9b71c66094d5,2023-06-01 08:07:00,2c7c0b40-21e5-4026-b405-3281a1c094fa,400,25,425
6e54c50a-0cc6-492c-bc8f-33ae8baaad43,88d1c02d-6775-4e15-8928-89781add052b,2023-06-01 16:48:00,2c7c0b40-21e5-4026-b405-3281a1c094fa,1700,106,1806
7919ac03-973a-4030-9321-47c538429da4,e81bf9e1-6bf3-4f86-9ca7-47469c22b55f,2023-06-01 15:17:00,2c7c0b40-21e5-4026-b405-3281a1c094fa,500,31,531
4e705624-eff8-490e-9842-4bcc83f27427,efe6ab20-484e-4550-8eba-b6750c0893a3,2023-06-01 12:39:00,2c7c0b40-21e5-4026-b405-3281a1c094fa,600,37,637
aff028a9-cfb2-4f72-8ff7-e96e356cee1d,b456bef1-be7e-443f-8f55-cfc2ea8e6a4a,2023-06-01 12:43:00,2c7c0b40-21e5-4026-b405-3281a1c094fa,500,31,531
478d014f-7123-4854-83b1-83107b06ba5c,2647f821-e1c8-44ee-bc24-7b9932bf9766,2023-06-01 07:40:00,2c7c0b40-21e5-4026-b405-3281a1c094fa,400,25,425
86c43b80-ed06-48d0-a5f9-d83fc250290f,bb7a9f55-4ac3-43cc-bbe9-d1a3c3e8f35e,2023-06-01 13:16:00,2c7c0b40-21e5-4026-b405-3281a1c094fa,500,31,531
6999449c-dab3-40ea-adc2-b77ba37e6481,fe4e4be2-2e96-4037-9bdf-28440a160f62,2023-06-01 07:28:00,2c7c0b40-21e5-4026-b405-3281a1c094fa,600,37,637
cd6d82bd-6bc8-41b6-b6c9-e25d8b97a089,08a83635-904a-4c48-8187-470b38512520,2023-06-01 13:08:00,2c7c0b40-21e5-4026-b405-3281a1c094fa,2700,168,2868
891a20af-0811-4bc7-9f06-abafc4f3f1ca,a6addfaf-a6de-45ac-940f-5d4614f279d0,2023-06-01 08:01:00,2c7c0b40-21e5-4026-b405-3281a1c094fa,600,37,637
693a6991-42d4-485e-98b6-977d93e040a0,ed638312-1c1b-49b3-8fb5-9f1ffcf9b352,2023-06-01 10:45:00,2c7c0b40-21e5-4026-b405-3281a1c094fa,600,37,637
67b65543-0674-474d-994b-1752a4ef5e31,5f978986-a526-43a2-bdc6-828868d49b61,2023-06-01 07:50:00,2c7c0b40-21e5-4026-b405-3281a1c094fa,400,25,425
28c7b203-529b-400b-912d-a8389e9a9950,e7e3f127-04db-4c6a-b6fd-13f7df091a78,2023-06-01 12:51:00,2c7c0b40-21e5-4026-b405-3281a1c094fa,500,31,531
5e851bcb-b40c-4dd1-a27b-05f40a61f644,6dbbc49a-b5ce-4831-ba60-3b12b6a89fc4,2023-06-01 15:18:00,2c7c0b40-21e5-4026-b405-3281a1c094fa,600,37,637
60a8d22c-7d6e-43e9-aaa3-3935cd2bad43,098e9f20-15e3-45dd-8771-7dc4fe836ca7,2023-06-01 15:18:00,2c7c0b40-21e5-4026-b405-3281a1c094fa,600,37,637
7d5c5abb-958c-4010-83b6-38fd136270db,1230eb6d-8c33-4314-a706-f84212741ea9,2023-06-01 12:42:00,2c7c0b40-21e5-4026-b405-3281a1c094fa,600,37,637
badf0722-3b5d-4ba0-b3fc-e49b2891d091,d909260f-5040-471a-9c3f-5651fa8c03ed,2023-06-01 08:33:00,2c7c0b40-21e5-4026-b405-3281a1c094fa,400,25,425
a4f01f8d-14f3-442d-b0d9-ba0560b5f1e4,f1098a10-244b-46cb-b192-2ad182a44975,2023-06-01 08:04:00,2c7c0b40-21e5-4026-b405-3281a1c094fa,600,37,637
223b7ab7-8398-4b06-9693-ae454c01aba3,b394c22a-41af-4bae-a9f3-dda0649b45ed,2023-06-01 07:19:00,2c7c0b40-21e5-4026-b405-3281a1c094fa,600,37,637
25099a27-6900-43fe-a6b4-1f54541ec4dd,fb1214b1-db3f-4cac-bc2e-6b6d585600fb,2023-06-01 07:14:00,2c7c0b40-21e5-4026-b405-3281a1c094fa,600,37,637
3995191f-39dc-4455-8e11-ff7cabf6d8fb,c7bf9141-bdf4-4972-89cc-19b540b7964f,2023-06-01 11:29:00,2c7c0b40-21e5-4026-b405-3281a1c094fa,1700,106,1806
e668b237-b3d1-40f2-88c3-aa3b00e62aca,1bcdea75-7acc-492e-a184-a61e51c1cfa5,2023-06-01 08:50:00,2c7c0b40-21e5-4026-b405-3281a1c094fa,600,37,637
c5fb4a81-65b5-4840-8521-ddfeb08d5dd3,f8919ba3-1c0e-4da5-9408-18923a2ad8fb,2023-06-01 08:00:00,2c7c0b40-21e5-4026-b405-3281a1c094fa,500,31,531
0a0aea46-cf94-43d9-8e00-928ceefb0117,d753ccfa-106f-47a3-8e03-44b0e6831af3,2023-06-01 07:42:00,2c7c0b40-21e5-4026-b405-3281a1c094fa,600,37,637
ba759e05-54a9-476b-8b02-5921981acfaf,608b62cf-f498-4f33-9528-de6ffb9555c2,2023-06-01 07:56:00,2c7c0b40-21e5-4026-b405-3281a1c094fa,600,37,637
f0ff53f4-380f-460c-93a7-85beb1df4948,577d9ba4-08b4-443e-a3dc-495bdb97f58e,2023-06-01 13:52:00,2c7c0b40-21e5-4026-b405-3281a1c094fa,400,25,425
2be98409-e9a9-4f47-9185-45846edd96bc,b8ca5b54-3fa9-4f61-91ce-beeaa92f1424,2023-06-01 09:05:00,2c7c0b40-21e5-4026-b405-3281a1c094fa,600,37,637
7e1041ea-963c-4ae2-aac9-d832f4c82853,6b2f49e4-56bd-446a-97ee-d3ddd9804d7f,2023-06-01 07:22:00,2c7c0b40-21e5-4026-b405-3281a1c094fa,500,31,531
f4bdef5e-f810-473c-9cd5-b865218919ae,7a493345-f39f-41ad-bde0-d580c0b49953,2023-06-01 17:23:00,2c7c0b40-21e5-4026-b405-3281a1c094fa,700,43,743
a50df2ff-da56-4602-a0ea-ea36d732bce7,096383e8-fafc-418f-8cdd-a2ec9f44ddd3,2023-06-01 08:35:00,2c7c0b40-21e5-4026-b405-3281a1c094fa,700,43,743
3ecb9514-cbd6-43bc-940c-59e341203376,b3f8d609-aecf-4d7a-9323-cd10ba08a44a,2023-06-01 15:08:00,2c7c0b40-21e5-4026-b405-3281a1c094fa,1500,93,1593
32b87418-2da0-4f85-afc9-d930440f9ddb,cf1bbe7c-d999-4a2e-bc3a-93bb9e785f1b,2023-06-01 16:18:00,2c7c0b40-21e5-4026-b405-3281a1c094fa,1600,100,1700
366a8110-32fd-4649-b39e-6149b6b6784c,4cd24ca3-21c7-43e7-bd3e-65bc863a16d7,2023-06-01 08:10:00,2c7c0b40-21e5-4026-b405-3281a1c094fa,500,31,531
69874af3-4ee3-4573-aff6-9168f62a8f3c,aae661ad-0411-4b0f-b7fb-6c26c099cfd7,2023-06-01 08:04:00,2c7c0b40-21e5-4026-b405-3281a1c094fa,600,37,637
e02f8be4-d311-4ffb-92fe-d9d7f8ad7c15,8391b449-3f7a-47a8-b81f-292dfdb07b53,2023-06-01 08:08:00,2c7c0b40-21e5-4026-b405-3281a1c094fa,700,43,743
e8526b30-e513-4ed9-b46c-087ba655773d,762c5a04-e686-4d09-b4c3-40c6aed67774,2023-06-01 12:31:00,2c7c0b40-21e5-4026-b405-3281a1c094fa,400,25,425
46722318-926b-4a8e-83d0-8fcb17f33d80,377718a4-3157-4608-a4af-666080b15524,2023-06-01 15:02:00,2c7c0b40-21e5-4026-b405-3281a1c094fa,1700,106,1806
dd94570e-f0a0-4cd0-986b-b8b0e9a6c74c,c634d777-fa2f-4894-85ba-aa9ccededaf8,2023-06-01 15:13:00,2c7c0b40-21e5-4026-b405-3281a1c094fa,700,43,743
b7c5ba23-cbfb-4314-ba71-58d55bd18bcd,6a30b004-d1c0-4e76-9339-45a7fe99fc87,2023-06-01 14:30:00,2c7c0b40-21e5-4026-b405-3281a1c094fa,1800,112,1912
f35d1a26-44a7-4107-a72c-692fcf9042d2,18afc0db-1e5b-4253-8e28-7d9b763a4796,2023-06-01 10:22:00,2c7c0b40-21e5-4026-b405-3281a1c094fa,0,0,0
0156fd4e-de9e-4953-b305-309375911d93,e87d7dd4-253c-4904-856b-2bc3e4610bbc,2023-06-01 08:23:00,2c7c0b40-21e5-4026-b405-3281a1c094fa,600,37,637
ce4cd2c7-7d13-47af-b180-8d5e7f34b621,0716e8f7-31e6-4605-8c33-c9717eb1828b,2023-06-01 07:39:00,2c7c0b40-21e5-4026-b405-3281a1c094fa,600,37,637
eac84d53-e4c8-4aa0-b012-55dc5239ea71,f5ca275f-bdbe-419a-ac47-5ffc48b1f4fe,2023-06-01 08:32:00,2c7c0b40-21e5-4026-b405-3281a1c094fa,500,31,531
4326d1d5-49e3-4c2d-8fd9-5dcf64a0be62,770ef8a9-2d3e-436a-8d56-15cbb14191f6,2023-06-01 07:46:00,2c7c0b40-21e5-4026-b405-3281a1c094fa,700,43,743
2cad5601-7a55-495d-a512-01f22dc04fed,9cf15c00-66f8-446b-aa1e-6cfaa15a28cd,2023-06-01 09:18:00,2c7c0b40-21e5-4026-b405-3281a1c094fa,400,25,425
43011dc3-42c4-43b9-9f46-00718b7edbba,0a1537fd-daf7-45b7-9079-4896eebfc105,2023-06-01 07:52:00,2c7c0b40-21e5-4026-b405-3281a1c094fa,600,37,637
8eebc3da-736c-4eec-aeaa-01e46401b235,d9f23164-9fc0-4804-9b89-c220b8f14417,2023-06-01 10:09:00,2c7c0b40-21e5-4026-b405-3281a1c094fa,700,43,743
0ad02e9a-dd2e-4886-8440-0949b0657aa2,b1fedc8d-d8e8-45ea-9dfb-5b47351591d6,2023-06-01 17:58:00,2c7c0b40-21e5-4026-b405-3281a1c094fa,1800,112,1912
b2e7a076-44b4-4b8d-913e-d6f70b19257b,e3954c8f-706c-4955-aa47-53462acf95f6,2023-06-01 15:41:00,2c7c0b40-21e5-4026-b405-3281a1c094fa,1800,112,1912
7e13e21b-2d0d-4aaf-92a1-adb0ea438e36,e57fd108-3118-442c-b5b5-7c1add68fb8a,2023-06-01 17:20:00,2c7c0b40-21e5-4026-b405-3281a1c094fa,1500,93,1593
d80e9ca6-787c-48b2-9492-b2a7c47b8902,7f07fcee-dd67-4eff-8f85-b102c1043eb8,2023-06-01 13:47:00,2c7c0b40-21e5-4026-b405-3281a1c094fa,600,37,637
7383eec5-d564-4458-9ff6-125d9ac2748d,b261ee63-cdf8-409f-a4d5-5a5f5648f8fd,2023-06-01 08:13:00,2c7c0b40-21e5-4026-b405-3281a1c094fa,600,37,637
98f573ed-7011-4825-be65-f188702ebb28,17314111-8073-4571-82b0-3cbdaf3672bd,2023-06-01 08:34:00,2c7c0b40-21e5-4026-b405-3281a1c094fa,500,31,531
f012df2a-a739-4e81-971f-3e8245636664,949fe8f4-8334-4f81-b38c-40be2a439d7a,2023-06-01 07:57:00,2c7c0b40-21e5-4026-b405-3281a1c094fa,700,43,743
ec92774b-84f8-4c90-897a-99103d2f88d5,c00da9ba-d5c6-48cc-a9d7-ae2f6b116876,2023-06-01 08:05:00,2c7c0b40-21e5-4026-b405-3281a1c094fa,600,37,637
b27adcbd-6a78-4825-be75-0ff0d3092080,7b07cdef-7550-4398-a827-0f166702558d,2023-06-01 11:32:00,2c7c0b40-21e5-4026-b405-3281a1c094fa,700,43,743
e06fb7e9-afd8-439f-a364-536a75b8b025,7815f514-9fba-4b3a-a396-b1c903e2d5ea,2023-06-01 07:59:00,2c7c0b40-21e5-4026-b405-3281a1c094fa,400,25,425
c025071e-2130-4b91-8a2c-e6d58a491b15,4ceaf012-7044-4c13-9ff6-afb4f9f197eb,2023-06-01 08:16:00,2c7c0b40-21e5-4026-b405-3281a1c094fa,400,25,425
9f324088-cea5-4c0f-9486-2b312d4f6892,85dc0f8e-0185-44ca-ab0f-e81472fd3739,2023-06-01 13:19:00,2c7c0b40-21e5-4026-b405-3281a1c094fa,1800,112,1912
ea3089f1-3b79-497d-b63c-a3f5e10b66f1,411bf114-1d91-4d9e-9b2e-2eb1e59d80bb,2023-06-01 07:44:00,2c7c0b40-21e5-4026-b405-3281a1c094fa,400,25,425
4357e06d-0385-43ce-b7db-22c27a61575a,95482014-2031-41aa-aed1-10e1966f8211,2023-06-01 12:22:00,2c7c0b40-21e5-4026-b405-3281a1c094fa,500,31,531
9bafb079-ec46-4a0e-bda1-5a9baa241a7d,db840a3d-ae8a-4f70-93d0-a7ceb56ce5d4,2023-06-01 14:53:00,2c7c0b40-21e5-4026-b405-3281a1c094fa,2100,131,2231
13b3a100-9c16-4c7a-bdc0-b7887cc1c3b0,ede97af1-6cfd-49bc-abd6-1dbfd267d239,2023-06-01 15:22:00,2c7c0b40-21e5-4026-b405-3281a1c094fa,600,37,637
8dd82ee1-9475-4b17-9665-24543ee6da9a,ceac67dd-d360-4dc4-9cc4-c8ae08998559,2023-06-01 19:15:00,2c7c0b40-21e5-4026-b405-3281a1c094fa,700,43,743
90850c6c-20d6-4eb7-9054-da0f555ff913,6cb7ea64-a794-4489-aff9-5d771b62259c,2023-06-01 17:11:00,2c7c0b40-21e5-4026-b405-3281a1c094fa,2200,137,2337
7f3dcb88-4af3-46f9-bb68-2f9b44cafc57,14ebae18-4f6a-4859-bfae-b563d9019e99,2023-06-01 17:37:00,2c7c0b40-21e5-4026-b405-3281a1c094fa,400,25,425
960e9d76-9fbf-4b55-987a-423c40464d3c,9d117cbc-8206-44fc-a784-1b7e26e69f14,2023-06-01 08:07:00,2c7c0b40-21e5-4026-b405-3281a1c094fa,600,37,637
0eed4b30-5579-4cd9-ba48-bd3b67b1f8d8,0187cae0-cd0c-4287-9064-104261c48c9e,2023-06-01 14:11:00,2c7c0b40-21e5-4026-b405-3281a1c094fa,600,37,637
6bc0da79-d644-427b-9a1d-0ecb9d5cdfaa,ea21e050-07b9-4cfa-9099-53c33cccabdd,2023-06-01 16:06:00,2c7c0b40-21e5-4026-b405-3281a1c094fa,2000,125,2125
4384e656-8028-4820-a8e4-9378e6ed50b7,b3f5f687-ea5c-49d0-9b70-94ceeb7d8e5e,2023-06-01 12:27:00,2c7c0b40-21e5-4026-b405-3281a1c094fa,700,43,743
3fb4719f-eb27-4b6d-b092-e0be10e0b6f3,c38122f1-bf34-4609-86ba-ffd1f95e88a1,2023-06-01 07:43:00,2c7c0b40-21e5-4026-b405-3281a1c094fa,700,43,743
96a20e94-c082-4cb2-9095-206623b4f99c,ee30e714-bfc5-4f26-8ecd-4bd35e193dfb,2023-06-01 12:08:00,2c7c0b40-21e5-4026-b405-3281a1c094fa,3700,231,3931
676f02a6-3a1d-4354-929d-3eefa776d74d,33403027-f2f6-4d5b-b72a-f9a6bd0f75d6,2023-06-01 16:13:00,2c7c0b40-21e5-4026-b405-3281a1c094fa,1600,100,1700
f41155c9-de79-43fd-9023-8501a0ec07a5,b29427fc-5839-43aa-8cce-5fabfae85302,2023-06-01 19:01:00,2c7c0b40-21e5-4026-b405-3281a1c094fa,1800,112,1912
ef19e28d-dc6f-472d-89b6-20cafa8e6aea,9fddd59b-8092-44dd-823a-2a10f4a954f3,2023-06-01 08:12:00,2c7c0b40-21e5-4026-b405-3281a1c094fa,400,25,425
9a68e3e4-ee55-4a7d-81e6-86f49a38dbeb,3d0f7b2e-b6d1-44b5-8756-a848f2eab391,2023-06-01 19:14:00,2c7c0b40-21e5-4026-b405-3281a1c094fa,600,37,637
b2cf0fb3-580f-4fc3-af11-1e52ce7cab6e,900c8b72-6cf9-41c2-9528-bfd661a2a6c5,2023-06-01 07:59:00,2c7c0b40-21e5-4026-b405-3281a1c094fa,700,43,743
4bbc0ccc-94f5-40ff-843a-d867f4af7a9e,d3bb9c17-e481-425d-884d-b62ab58bc9e7,2023-06-01 12:44:00,2c7c0b40-21e5-4026-b405-3281a1c094fa,1900,118,2018
a8e01882-6686-4f13-b12f-7126fa3e548c,fd0a14de-47c2-4cc3-a067-321ea46cfacb,2023-06-01 13:54:00,2c7c0b40-21e5-4026-b405-3281a1c094fa,400,25,425
e2f93b7c-bfef-4f76-a96f-1613d0358a20,05d37c9d-0780-45ea-9c41-ae74878ca992,2023-06-01 07:00:00,2c7c0b40-21e5-4026-b405-3281a1c094fa,600,37,637
4e783249-e3e0-4fac-9188-d74f128a2912,2d98fe07-303d-43ac-b2c7-b688f0765087,2023-06-01 08:28:00,2c7c0b40-21e5-4026-b405-3281a1c094fa,600,37,637
43d8ec83-501c-4b79-99b8-f4f5c1e665b1,f75a6b15-5908-4701-be73-63cc159dd363,2023-06-01 07:29:00,2c7c0b40-21e5-4026-b405-3281a1c094fa,700,43,743
53f75200-5ee0-4b3c-9b31-27cf4a4bc7f0,325d860f-7129-46e3-84fb-ece38a4a511e,2023-06-01 08:21:00,2c7c0b40-21e5-4026-b405-3281a1c094fa,600,37,637
895ec545-c0ae-4c82-a677-d9d299ac4203,185f50fa-1880-4d33-bffb-0229c00021e1,2023-06-01 08:34:00,2c7c0b40-21e5-4026-b405-3281a1c094fa,400,25,425
54c8e7d2-5cbf-4374-9432-dc07c22f7c0f,70de3474-e117-42f3-8d50-5371e1acae17,2023-06-01 13:09:00,2c7c0b40-21e5-4026-b405-3281a1c094fa,2000,125,2125
ddf33f9b-146b-4538-bf9f-7b3c4cf81c5a,b20bae30-2c82-4e03-ae3e-c6a9238fa0a2,2023-06-01 08:26:00,2c7c0b40-21e5-4026-b405-3281a1c094fa,600,37,637
ba5e1298-7ce8-4cca-9ea7-7d4849e9bb78,0b1434d8-87fe-40c9-9029-702c51ba0dc8,2023-06-01 18:04:00,2c7c0b40-21e5-4026-b405-3281a1c094fa,1700,106,1806
410b7893-ddbd-4df4-a1e7-1d354e02254e,d1d9e650-9178-4395-b1e9-36d4bf78b10b,2023-06-01 16:51:00,2c7c0b40-21e5-4026-b405-3281a1c094fa,1500,93,1593
79b34e72-9493-44c9-8b47-25dc126815ce,77679713-afd0-4b0c-84b3-755462888e28,2023-06-01 13:57:00,2c7c0b40-21e5-4026-b405-3281a1c094fa,500,31,531
f545d550-be86-42ae-b3e1-8221fb72e15a,54cf7510-06ec-4749-8608-47e47e4bae7e,2023-06-01 18:04:00,2c7c0b40-21e5-4026-b405-3281a1c094fa,1800,112,1912
e36fbe32-fa2f-4a90-8734-445331c9ad57,8bdfd5f7-e6c8-4213-90f8-290340275705,2023-06-01 07:00:00,2c7c0b40-21e5-4026-b405-3281a1c094fa,700,43,743
96e03de0-e719-4606-ac31-0fe9a16124be,4930bc83-623f-498d-9657-e6946df34670,2023-06-01 07:15:00,2c7c0b40-21e5-4026-b405-3281a1c094fa,500,31,531
281f29e0-be05-43cb-834b-86b5e7726537,ff0e6672-f5c3-49c3-8641-640328bd5e32,2023-06-01 07:53:00,2c7c0b40-21e5-4026-b405-3281a1c094fa,400,25,425
eac0850e-d2c9-4006-ad3f-930f70f60a45,2126e90c-f785-447f-8084-2c01f266f801,2023-06-01 14:19:00,2c7c0b40-21e5-4026-b405-3281a1c094fa,700,43,743
7d71c482-44ec-4426-9dd2-a9a4aaa74638,86ce2bfe-cfd3-43d7-bf73-302839416a8f,2023-06-01 08:06:00,2c7c0b40-21e5-4026-b405-3281a1c094fa,700,43,743
e0d30b84-ba0a-4f34-b306-a1008725c0b4,d3a2e187-0d5f-4c0d-889d-aab3ff2fd8ba,2023-06-01 08:30:00,2c7c0b40-21e5-4026-b405-3281a1c094fa,500,31,531
92b6555e-ea20-4475-9ad7-9b346bf679bc,669e7a05-fd01-45bb-8275-04e6656af5a3,2023-06-01 12:50:00,2c7c0b40-21e5-4026-b405-3281a1c094fa,1900,118,2018
ccbcedb5-7bec-458a-83ca-62d87e48094c,7e704409-e995-4e26-8eae-5d89eeb90107,2023-06-01 15:35:00,2c7c0b40-21e5-4026-b405-3281a1c094fa,1800,112,1912
6de24fdc-66b8-47de-855d-e05f42ff104c,80dfe5a9-a827-4d90-82d0-89f2e2f8c5be,2023-06-01 16:29:00,2c7c0b40-21e5-4026-b405-3281a1c094fa,700,43,743
bab55032-0501-4d35-b22d-e3cd63bf4975,6c89e693-e895-44dc-b33d-28f79f7c619b,2023-06-01 08:01:00,2c7c0b40-21e5-4026-b405-3281a1c094fa,600,37,637
98d6857a-4d06-42ce-a630-84310567771f,32e90055-dc31-432b-8858-e6a60f312009,2023-06-01 17:01:00,2c7c0b40-21e5-4026-b405-3281a1c094fa,400,25,425
8d909346-0f2a-4e64-a326-fd66bfb809ba,7819dde7-1b51-4fa3-8f8a-05d4753ded13,2023-06-01 07:52:00,2c7c0b40-21e5-4026-b405-3281a1c094fa,700,43,743
a1827bb6-4cb5-4f37-9b26-23d28278aec8,30a2f263-f55c-4b89-83d1-c19eee532a38,2023-06-01 08:05:00,2c7c0b40-21e5-4026-b405-3281a1c094fa,400,25,425
2f6e99f7-3841-44ac-9d1a-ced7fcc41772,3e682e33-7cbe-4994-9744-100e97f4af69,2023-06-01 12:28:00,2c7c0b40-21e5-4026-b405-3281a1c094fa,600,37,637
069531fd-9f0f-4f0b-8af1-fc3faa0616fa,25be8c41-9718-48cd-b694-0be70c58545a,2023-06-01 11:38:00,2c7c0b40-21e5-4026-b405-3281a1c094fa,4100,256,4356
ea516dcb-69a5-4728-a5e9-da04d91d8cca,2c23560c-f644-4386-bfbe-a9743f443c42,2023-06-01 08:34:00,2c7c0b40-21e5-4026-b405-3281a1c094fa,400,25,425
cfd886fe-e3be-4dec-94d8-482494b0aed6,696f0c48-8a40-4f8f-8859-0850ae368437,2023-06-01 13:08:00,2c7c0b40-21e5-4026-b405-3281a1c094fa,2300,143,2443
40327789-2d70-4956-8d54-e8020f369770,017ee500-8ec5-4a50-b74c-95520f0a8958,2023-06-01 14:27:00,2c7c0b40-21e5-4026-b405-3281a1c094fa,1700,106,1806
bcb55167-6901-4cc5-b1cb-5e95be7809c5,0fd9e06a-f844-4443-a59f-a35b876d3990,2023-06-01 10:09:00,2c7c0b40-21e5-4026-b405-3281a1c094fa,0,0,0
215712b6-e290-40a7-9d51-0c278b5d352f,99f8915a-b1ec-40a3-ae24-14f3dd694d12,2023-06-01 07:36:00,2c7c0b40-21e5-4026-b405-3281a1c094fa,600,37,637
1b3acf59-cf21-4263-8776-0df2d9e9be0a,8d3cdf25-82d6-4a3d-84c4-f2e0a031b3fe,2023-06-01 07:15:00,2c7c0b40-21e5-4026-b405-3281a1c094fa,600,37,637
20f093a3-6352-4960-b89f-0764c0c9ca3d,92b731d0-8f4e-4454-927b-c08037930a62,2023-06-01 12:50:00,2c7c0b40-21e5-4026-b405-3281a1c094fa,600,37,637
0d2d3f98-c849-46e4-86e3-4d1725350142,268ffc49-8df7-491e-a596-028aa31492ef,2023-06-01 07:50:00,2c7c0b40-21e5-4026-b405-3281a1c094fa,600,37,637
9d748b13-4ae1-4627-80e6-5f94dba315c2,3220d599-e583-4cac-9428-261bd8e3b069,2023-06-01 16:56:00,2c7c0b40-21e5-4026-b405-3281a1c094fa,500,31,531
6c767801-068d-4a5e-8d2c-d8fea1de911f,31f31b8a-1ee1-4be0-8d9d-246512c978f5,2023-06-01 17:52:00,2c7c0b40-21e5-4026-b405-3281a1c094fa,1900,118,2018
5b0a34d4-cc53-4da9-b332-9745e6c927bc,a2bf5af8-fc65-4552-84a0-265009d977a5,2023-06-01 10:00:00,2c7c0b40-21e5-4026-b405-3281a1c094fa,1900,118,2018
1d0c663d-5ce2-4616-bf70-b95dfb0aaadf,0f5163de-14a7-4833-a294-13d3aae250f3,2023-06-01 08:22:00,2c7c0b40-21e5-4026-b405-3281a1c094fa,600,37,637
9596edc2-07e6-4e2d-8a2e-ee9abbfa7cce,539ad641-1092-4ba1-aca8-56e07c8ea39f,2023-06-01 15:20:00,2c7c0b40-21e5-4026-b405-3281a1c094fa,3500,218,3718
f350175b-97f5-4f78-a421-b4b62a4071d7,2228ab7c-91a4-4cac-bebb-8e8f096524b0,2023-06-01 08:19:00,2c7c0b40-21e5-4026-b405-3281a1c094fa,700,43,743
ebe937da-3f76-493d-b644-5b1087864108,8e784b74-ab3c-4e1d-ac1d-668719158894,2023-06-01 08:28:00,2c7c0b40-21e5-4026-b405-3281a1c094fa,500,31,531
6b305809-c1a3-462e-b9be-0dc45f4549df,f2ed3dee-af64-4cc3-abb6-22d3764641b7,2023-06-01 08:04:00,2c7c0b40-21e5-4026-b405-3281a1c094fa,400,25,425
efdf827a-6028-4c03-a90a-3ffb8a7c2b42,c77b07ea-c37e-41a3-95f1-813c1f7879db,2023-06-01 07:53:00,2c7c0b40-21e5-4026-b405-3281a1c094fa,600,37,637
d96c2210-4d42-4ca0-8fc6-ce7f581feaf0,8fb4658e-e123-42df-8e77-a6ed29fc5f38,2023-06-01 16:00:00,2c7c0b40-21e5-4026-b405-3281a1c094fa,1800,112,1912
743e66ec-827a-459f-80fa-7aaa3c74e55f,54d15939-3a71-4f58-a3f2-0b4f89d3bb64,2023-06-01 15:47:00,2c7c0b40-21e5-4026-b405-3281a1c094fa,600,37,637
5d9396bc-e9b8-41eb-b1b8-7290cf954f9a,731a3243-ba6e-4903-ad46-9d414fd8964f,2023-06-01 14:11:00,2c7c0b40-21e5-4026-b405-3281a1c094fa,600,37,637
b5c2cf53-0b0f-4492-88d7-898a3de51f73,27ed9719-c79b-40e1-8104-2725a63c045d,2023-06-01 07:58:00,2c7c0b40-21e5-4026-b405-3281a1c094fa,600,37,637
be20f8bf-2eb7-4818-b9e2-b1dc9ef6a7c3,02642c3e-981a-40f6-8403-7e10f5c62737,2023-06-01 11:25:00,2c7c0b40-21e5-4026-b405-3281a1c094fa,700,43,743
86d00d47-1bea-43c8-bb31-1b1bc7d5171b,3e5b15ad-2b58-4454-bd44-3bef2aee95bb,2023-06-01 07:22:00,2c7c0b40-21e5-4026-b405-3281a1c094fa,600,37,637
6753b800-8782-4bbe-b72b-c132042361b9,198d803b-ea1a-4a2f-8e03-df5350c8f196,2023-06-01 16:19:00,2c7c0b40-21e5-4026-b405-3281a1c094fa,1700,106,1806
a16282ea-a556-417a-b3de-6a81c79d5fdd,0e0470a9-b5e2-4230-82fe-65e5ca22fb62,2023-06-01 12:27:00,2c7c0b40-21e5-4026-b405-3281a1c094fa,600,37,637
c2033588-f82d-4481-98ad-7d81e28348d0,7ccf52c5-9a61-4cdd-b066-1861d44d7118,2023-06-01 14:50:00,2c7c0b40-21e5-4026-b405-3281a1c094fa,1700,106,1806
7299042b-e35a-43d9-8200-2b2d219fd47a,ac4afb8d-0558-4ead-8f52-e442e2dd4924,2023-06-01 07:26:00,2c7c0b40-21e5-4026-b405-3281a1c094fa,700,43,743
36bf2e31-88ba-4746-a219-f39bba08e310,01eafdd9-7ae4-4fc1-81eb-f1b2360d17f6,2023-06-01 18:21:00,2c7c0b40-21e5-4026-b405-3281a1c094fa,600,37,637
720e5a63-b000-4daa-a933-ff6ebc7e3104,36439b4b-c7f8-4010-8000-f370ee29e661,2023-06-01 16:35:00,2c7c0b40-21e5-4026-b405-3281a1c094fa,2100,131,2231
0079f736-b059-4e37-a046-c173ca6e11b8,b9d253c1-b0be-4045-ad56-78846256bc9b,2023-06-01 07:38:00,2c7c0b40-21e5-4026-b405-3281a1c094fa,500,31,531
ea848b79-2e31-4edd-a6db-a5e09ddaad31,a199f995-f93f-450a-9dd2-4747e733f032,2023-06-01 07:34:00,2c7c0b40-21e5-4026-b405-3281a1c094fa,600,37,637
f9afc01d-7fb7-4dc7-95b8-c8b65f2aa2e4,9e954843-2542-4dcb-b42b-15afeb6f54b1,2023-06-01 16:13:00,2c7c0b40-21e5-4026-b405-3281a1c094fa,500,31,531
2aa8f6ad-4bf3-4fe6-94ad-79ccf6dfe953,cf2d6243-d331-4c68-ae61-784a22223470,2023-06-01 14:06:00,2c7c0b40-21e5-4026-b405-3281a1c094fa,500,31,531
636994a9-f798-4a28-a331-0032d6d64f78,6a70bb64-0e00-43ef-9d71-59e6ff9d605f,2023-06-01 08:08:00,2c7c0b40-21e5-4026-b405-3281a1c094fa,500,31,531
94e5202c-f37a-4d8b-8911-79283d12baef,e3194d11-8cfa-45a1-bf58-318f63ed3179,2023-06-01 07:15:00,2c7c0b40-21e5-4026-b405-3281a1c094fa,400,25,425
34970ac7-7319-4947-8898-6b5b75607ce9,95d47085-8645-4f96-bfdb-3e8d8280e39e,2023-06-01 14:25:00,2c7c0b40-21e5-4026-b405-3281a1c094fa,2000,125,2125
ac7ba8b7-fa6c-4835-9c6a-351daf69ea85,de26451c-3959-420f-a098-380adce42371,2023-06-01 18:45:00,2c7c0b40-21e5-4026-b405-3281a1c094fa,400,25,425
4fe00c48-0a33-4e60-bb33-2430d78c2ab3,0b4e3ffe-f5f7-4114-b024-c6db96ded07c,2023-06-01 07:00:00,2c7c0b40-21e5-4026-b405-3281a1c094fa,400,25,425
32be682d-ec57-462b-bac4-4c3fde910424,f76e7677-2b6c-436a-b99c-2c46889222e6,2023-06-01 07:00:00,2c7c0b40-21e5-4026-b405-3281a1c094fa,2100,131,2231
6bd56e12-f9e3-49b6-b22a-bc2fc37ca30f,04f0e58e-9310-4613-9620-9d86a9aac81e,2023-06-01 07:56:00,2c7c0b40-21e5-4026-b405-3281a1c094fa,400,25,425
e7266e97-a5d4-494c-be5f-bd9b1a189fe3,f108b09a-f3b1-4d80-b3d3-0610542982ea,2023-06-01 08:37:00,2c7c0b40-21e5-4026-b405-3281a1c094fa,400,25,425
8575f716-df09-46f6-b9f8-dc910911022d,1d4f1fe4-7afc-4f0f-b019-c1e2b9c4d001,2023-06-01 08:00:00,2c7c0b40-21e5-4026-b405-3281a1c094fa,400,25,425
4f8cb2c9-dc8f-48dc-9254-848c3bbbd496,5ee74f0a-6394-489c-9731-e60841833a9f,2023-06-01 16:05:00,2c7c0b40-21e5-4026-b405-3281a1c094fa,2200,137,2337
8cb5824c-9fe2-467c-a55e-e462e5da2249,a0e231cb-637d-4493-85da-e7abb1fe936a,2023-06-01 12:37:00,2c7c0b40-21e5-4026-b405-3281a1c094fa,600,37,637
0c0fe773-2d67-4ebc-a130-d2118cd59521,e3d19320-c4f4-41ba-b6a0-684f4897e53d,2023-06-01 11:13:00,2c7c0b40-21e5-4026-b405-3281a1c094fa,700,43,743
fef46c2f-7118-4911-9e45-b5c9004b4955,2b0dd3ef-74b8-4b6a-bd42-b747870fbd42,2023-06-01 08:07:00,2c7c0b40-21e5-4026-b405-3281a1c094fa,600,37,637
6a1577f8-dc29-4455-9711-779d6f0f3463,73e150b4-e63b-40f5-8b1e-e3b0017300f7,2023-06-01 19:45:00,2c7c0b40-21e5-4026-b405-3281a1c094fa,1500,93,1593
602e7074-932d-4582-a8be-de1e2349904c,46b591a6-100d-4561-ab0e-fc8d82150821,2023-06-01 12:05:00,2c7c0b40-21e5-4026-b405-3281a1c094fa,1700,106,1806
4e5175b3-6db4-4ebf-abc1-ccb157d5b80d,f58ade35-beb2-412f-a459-0684fedf4d28,2023-06-01 08:00:00,2c7c0b40-21e5-4026-b405-3281a1c094fa,700,43,743
a9d47e48-88ba-4e84-b2dd-0fb8e987ce06,e9ed64ae-e9bc-49a1-956f-fb7c07e2f289,2023-06-01 08:16:00,2c7c0b40-21e5-4026-b405-3281a1c094fa,600,37,637
55cadec3-e3d4-40ac-b03d-0fa22952cc35,0dbb4c55-b011-4c87-a456-6bb698852d78,2023-06-01 19:12:00,2c7c0b40-21e5-4026-b405-3281a1c094fa,2000,125,2125
00b136e9-f986-4675-b076-cad9b54bfd77,58e99619-de64-48c0-adb0-1c722e1a8c04,2023-06-01 14:33:00,2c7c0b40-21e5-4026-b405-3281a1c094fa,600,37,637
688745f0-2d2c-42e9-b742-fb942b52e7ab,ad406609-038c-4d8f-908b-29eb83eddb40,2023-06-01 07:38:00,2c7c0b40-21e5-4026-b405-3281a1c094fa,400,25,425
57754a50-4ee1-4158-a9c7-cc68fc5a5f02,74c597ea-d195-4bd1-aa04-e427bec2fa17,2023-06-01 08:14:00,2c7c0b40-21e5-4026-b405-3281a1c094fa,700,43,743
dfd68f9c-bd89-49ab-beae-031088629f20,4cce8105-937e-47f6-a79a-245b6422e04f,2023-06-01 08:44:00,2c7c0b40-21e5-4026-b405-3281a1c094fa,600,37,637
49bae38d-e2d0-4e28-ad5c-fff8bf60709d,2ff62908-2a68-4369-9d9c-86aa573ca4f2,2023-06-01 15:06:00,2c7c0b40-21e5-4026-b405-3281a1c094fa,1800,112,1912
1746a351-e60b-4395-bcf3-229b5839520a,515cc3da-fd37-487d-a219-a1632ba5e280,2023-06-01 15:40:00,2c7c0b40-21e5-4026-b405-3281a1c094fa,1800,112,1912
5652ce43-9b7a-42d9-a9eb-6cf55b1a2732,d88640a1-b1be-4103-b8e4-b43117d8244c,2023-06-01 14:31:00,2c7c0b40-21e5-4026-b405-3281a1c094fa,600,37,637
af358e36-ad65-47ba-8e39-24a9b5969a8c,f09b7477-29b1-4d00-800b-d12d278ac830,2023-06-01 14:37:00,2c7c0b40-21e5-4026-b405-3281a1c094fa,1700,106,1806
a985ddb5-614d-4e1d-a2ec-9f35580e41d5,81dca010-b6fe-4115-8078-94b46cb99c1a,2023-06-01 14:16:00,2c7c0b40-21e5-4026-b405-3281a1c094fa,1900,118,2018
762bf2f2-2183-4058-80ca-8462e7b2c756,fd31aa05-c88c-426d-9cd4-1bb676a9aab0,2023-06-01 15:09:00,2c7c0b40-21e5-4026-b405-3281a1c094fa,700,43,743
c19c387c-7134-4d3a-8ba2-84936caafd46,717b775b-5eaa-463e-ba45-ac45e63cc1ca,2023-06-01 12:13:00,2c7c0b40-21e5-4026-b405-3281a1c094fa,3900,243,4143
fb3bd032-fa28-454a-878c-2aafbff23569,33e8b867-e2fc-41c6-9a25-dee67fa2f23f,2023-06-01 13:53:00,2c7c0b40-21e5-4026-b405-3281a1c094fa,1400,87,1487
410545f5-a896-47d3-a047-82908499de5d,290a6471-6527-42db-8a85-6452a351b89d,2023-06-01 07:46:00,2c7c0b40-21e5-4026-b405-3281a1c094fa,400,25,425
846b107b-78e5-49da-a3fd-76c3b8ec821d,f89fcee5-0944-4ab1-b8f9-7b894803324b,2023-06-01 11:04:00,2c7c0b40-21e5-4026-b405-3281a1c094fa,400,25,425
16f24c97-7795-4d16-b1df-cf9e3a407215,32a7e957-1f4f-4b39-8809-e6b90a909480,2023-06-01 14:31:00,2c7c0b40-21e5-4026-b405-3281a1c094fa,1500,93,1593
b44f9763-d54f-4197-aa38-a86440766d4c,5ce71596-3a6b-4485-b3e0-f1ea2226a655,2023-06-01 16:38:00,2c7c0b40-21e5-4026-b405-3281a1c094fa,1900,118,2018
188821e2-6e7f-4eec-88ad-a87bad8a1b06,0ddc410e-f67a-4ea5-8b59-8efea281727e,2023-06-01 08:05:00,2c7c0b40-21e5-4026-b405-3281a1c094fa,700,43,743
2bcc8d91-c5b0-4205-9611-d23cc96fbfc2,09a6f48f-08f7-4722-876e-34a69cd5afe0,2023-06-01 08:09:00,2c7c0b40-21e5-4026-b405-3281a1c094fa,400,25,425
b3992008-e368-4047-a467-96130ed4086a,da04cf5e-9160-4b55-b29b-bac89e3efdef,2023-06-01 16:05:00,2c7c0b40-21e5-4026-b405-3281a1c094fa,600,37,637
7577d0ec-fa29-4e49-ad77-20475a6953e2,61221960-ce6c-49aa-9007-6deaee1fe79c,2023-06-01 07:47:00,2c7c0b40-21e5-4026-b405-3281a1c094fa,600,37,637
6b8d892a-5e12-4b99-b67d-0afe3b401b44,fa87813c-8642-4647-819a-d45cdf464ec7,2023-06-01 16:17:00,2c7c0b40-21e5-4026-b405-3281a1c094fa,400,25,425
9e540ef2-3576-4e08-8e1a-e9cd7a5c312d,95f8367b-c25a-481d-920e-5020e5aa6357,2023-06-01 08:15:00,2c7c0b40-21e5-4026-b405-3281a1c094fa,1700,106,1806
9886b3f4-5835-41fc-b2e8-90fd654863e8,e4f06dfc-7b35-4388-8282-b5649cafa195,2023-06-01 15:42:00,2c7c0b40-21e5-4026-b405-3281a1c094fa,1700,106,1806
e98c6ce4-a61d-4210-97b0-122c833949e2,9258bdcd-9fa0-41f5-9ea0-8fa72ab25157,2023-06-01 07:00:00,2c7c0b40-21e5-4026-b405-3281a1c094fa,400,25,425
59d99718-2b50-448d-bf1f-4b7c3e24e6d3,fa86383d-5c05-4a18-b6eb-6f97cf794762,2023-06-01 08:00:00,2c7c0b40-21e5-4026-b405-3281a1c094fa,600,37,637
5783752c-6cad-40a7-a36c-fe8dbdf20e26,ed2302d8-540f-40f6-b8ba-1a50086e909b,2023-06-01 13:14:00,2c7c0b40-21e5-4026-b405-3281a1c094fa,1100,68,1168
8062e901-2cab-4f6c-8dee-0397676965e7,af3dc3c6-d7d9-4803-90d7-b55e79b22d76,2023-06-01 07:13:00,2c7c0b40-21e5-4026-b405-3281a1c094fa,500,31,531
4ec33a77-b723-4473-9ff9-773d8c690a77,7187df43-a9cd-4d7d-9c30-f9bd4c359acd,2023-06-01 08:40:00,2c7c0b40-21e5-4026-b405-3281a1c094fa,500,31,531
ffabf46f-0471-481d-a6b6-92c20fb367eb,341cc826-b57e-4bbd-8201-efedaf4c92d1,2023-06-01 11:30:00,2c7c0b40-21e5-4026-b405-3281a1c094fa,1900,118,2018
a75f3fc2-11af-4ab0-ad31-7205ec5be465,5ad9d2fc-7fb9-404c-a18e-7ef4de86de05,2023-06-01 13:34:00,2c7c0b40-21e5-4026-b405-3281a1c094fa,500,31,531
1959b8fc-ba06-44d2-89d1-fb9cc4d3f728,d9e29bad-fb1a-4823-b64a-387f3730d778,2023-06-01 08:38:00,2c7c0b40-21e5-4026-b405-3281a1c094fa,600,37,637
7b14e216-1f16-4038-ac86-845e697881f6,1edc0be5-374b-4971-b3e7-22d6827cc5af,2023-06-01 16:30:00,2c7c0b40-21e5-4026-b405-3281a1c094fa,2000,125,2125
0b4873a1-180c-4e8e-9af0-90e85cc0654f,37cde76d-d177-41a0-bb0b-6c40df3f37b1,2023-06-01 08:02:00,2c7c0b40-21e5-4026-b405-3281a1c094fa,700,43,743
967567f3-5641-4303-a97b-fe0a61c97b12,90b91ce7-46e2-4b12-baa8-2cdfa15656ea,2023-06-01 07:01:00,2c7c0b40-21e5-4026-b405-3281a1c094fa,700,43,743
a7b082fd-2948-43d9-887c-3732fec6dae7,4f65c9cf-09ca-407b-9eb9-d1927236fed1,2023-06-01 14:38:00,2c7c0b40-21e5-4026-b405-3281a1c094fa,400,25,425
9262d0ef-5cd6-4175-88af-0a6a06372b09,6580d0a6-b610-43c9-98b4-0b3a4d35181f,2023-06-01 08:02:00,2c7c0b40-21e5-4026-b405-3281a1c094fa,600,37,637
915a2fc7-b4ae-441b-81f7-f71b31ea75c9,ea7f3c07-7866-45ed-9af2-75c96025c924,2023-06-01 15:30:00,2c7c0b40-21e5-4026-b405-3281a1c094fa,600,37,637
a174c8e7-4e62-4973-9483-9b464e166c54,3b910127-b73e-48af-add0-951120f9c1c7,2023-06-01 19:22:00,2c7c0b40-21e5-4026-b405-3281a1c094fa,1500,93,1593
351e9ffd-3464-4b48-b0f3-0194c513b188,8b7c60db-4f5b-40d2-ac84-2a4e24196bd3,2023-06-01 07:00:00,2c7c0b40-21e5-4026-b405-3281a1c094fa,700,43,743
8ae473a4-0fa8-4805-a576-d25e6723f243,f09f4350-ea88-425f-a370-f9f2b06c63ac,2023-06-01 12:38:00,2c7c0b40-21e5-4026-b405-3281a1c094fa,600,37,637
2ea11758-64c1-46d9-b4f4-621ffb670cb3,d9f56e87-a63f-42db-a715-ecfd7c776e6c,2023-06-01 08:06:00,2c7c0b40-21e5-4026-b405-3281a1c094fa,700,43,743
b6238707-c9dc-4eae-851b-9486b90eba06,914a31cb-ac05-4d33-84c3-8ba56558f6fb,2023-06-01 08:02:00,2c7c0b40-21e5-4026-b405-3281a1c094fa,400,25,425
3a2b1616-a08f-4131-820c-2708dc1ba909,5ae067ce-c89b-429a-bfd8-835bd4f6c745,2023-06-01 13:54:00,2c7c0b40-21e5-4026-b405-3281a1c094fa,500,31,531
1a5e98f0-7c0f-4c48-b185-0068936411dd,6bb09c4b-0695-44ea-abd7-b1f9ea506814,2023-06-01 12:10:00,2c7c0b40-21e5-4026-b405-3281a1c094fa,600,37,637
2eeffd0b-1bb8-4c1b-b589-a0c41d816c11,73351b1f-87c4-4ec1-a2d3-0c7034a48f70,2023-06-01 17:12:00,2c7c0b40-21e5-4026-b405-3281a1c094fa,600,37,637
e2df9761-60d0-4979-8cff-64cce82a40aa,3fd3b778-820c-446d-9461-9dfda90aa25e,2023-06-01 08:17:00,2c7c0b40-21e5-4026-b405-3281a1c094fa,700,43,743
e2ecd9dd-cd24-4ac0-a43e-6fde16b68f38,42e5a617-ec38-425c-aec8-2dc4ef5a53d7,2023-06-01 17:41:00,2c7c0b40-21e5-4026-b405-3281a1c094fa,700,43,743
9d9ab300-11a7-4544-b424-492bdddeb33a,163f378a-a94c-4a9c-b6f0-53730585540a,2023-06-01 13:33:00,2c7c0b40-21e5-4026-b405-3281a1c094fa,600,37,637
fd34185c-bf92-4605-9067-1c231228268c,6d71309e-800a-463c-80cc-de411ebe5c20,2023-06-01 15:24:00,2c7c0b40-21e5-4026-b405-3281a1c094fa,700,43,743
48fc781e-1ba8-473e-ae80-29a892a675df,af23a8f9-7c01-484b-948c-15c04b633ecb,2023-06-01 13:20:00,2c7c0b40-21e5-4026-b405-3281a1c094fa,600,37,637
63b31ea6-f193-4be4-b2a0-a9cec1add5fd,57bc2478-af54-4b82-b035-3989f131d138,2023-06-01 13:56:00,2c7c0b40-21e5-4026-b405-3281a1c094fa,500,31,531
703ef3dc-a35a-404a-9613-e3294dca213d,6a4c7390-cd12-4f21-867f-1fd27ed0529f,2023-06-01 16:14:00,2c7c0b40-21e5-4026-b405-3281a1c094fa,1600,100,1700
d76c0b83-217b-46ae-9efc-f43b1838d746,1c5fdca0-fa37-49a3-85ee-3614527dbf89,2023-06-01 17:13:00,2c7c0b40-21e5-4026-b405-3281a1c094fa,700,43,743
3b0404f5-668c-4a96-9e16-4767e30b0de9,d689cb26-458f-402b-aa4a-aae632f9d57d,2023-06-01 08:01:00,2c7c0b40-21e5-4026-b405-3281a1c094fa,700,43,743
d8cb26cc-c30f-4c87-809e-12fa187cede1,bd05b338-26ea-4d55-b01c-de4c82c0f0e3,2023-06-01 13:08:00,2c7c0b40-21e5-4026-b405-3281a1c094fa,400,25,425
fdb95485-f5d3-4b1f-957f-0f647122caf7,69cd8619-b557-40cd-a1a3-dfc242d7154b,2023-06-01 11:58:00,2c7c0b40-21e5-4026-b405-3281a1c094fa,500,31,531
866a4d02-b489-40f0-9ca7-9f2af5073827,ec200c8d-8fb0-4370-a443-0ef74c624392,2023-06-01 08:00:00,2c7c0b40-21e5-4026-b405-3281a1c094fa,400,25,425
e936b9ee-7333-4408-9ca4-8ca602ef3fbe,d9cc6c50-9928-4d4f-8750-24817ff2bc24,2023-06-01 08:23:00,2c7c0b40-21e5-4026-b405-3281a1c094fa,700,43,743
110a2a8e-9d25-4b56-b0fb-65434546c8b5,cb4b008e-1007-492c-80f1-c341d3956d37,2023-06-01 14:28:00,2c7c0b40-21e5-4026-b405-3281a1c094fa,600,37,637
cbe2a399-9070-4e3f-8621-f52640ed1776,11f377bb-0bd9-4fed-bb18-7f818ce17bcb,2023-06-01 15:35:00,2c7c0b40-21e5-4026-b405-3281a1c094fa,700,43,743
6cecc23b-8f2d-4912-ad24-43914a013bdd,332a1502-92d0-4eca-abc8-3733b038dba7,2023-06-01 14:09:00,2c7c0b40-21e5-4026-b405-3281a1c094fa,700,43,743
1c324b5c-918f-4816-9bd9-484b1f9619c6,b25cf0ba-5ca4-45e8-b091-a250f62871e0,2023-06-01 17:28:00,2c7c0b40-21e5-4026-b405-3281a1c094fa,400,25,425
954c6dc3-1e2e-4d20-a5f7-2467433e0a83,c83203f8-a243-44c6-beb5-6f579475ce13,2023-06-01 17:48:00,2c7c0b40-21e5-4026-b405-3281a1c094fa,1800,112,1912
8290fe64-a062-4cb8-badc-8d91b4bea4c1,5ef51cb8-5373-43ab-baa8-bc0bf0b1f03a,2023-06-01 08:20:00,2c7c0b40-21e5-4026-b405-3281a1c094fa,700,43,743
1fa506d6-55a9-41b9-b520-f48b8f2febad,1e3c848c-e4ec-483c-9ae8-52d3965fd30f,2023-06-01 18:08:00,2c7c0b40-21e5-4026-b405-3281a1c094fa,1800,112,1912
74a6441c-3295-43a6-9a72-f6b3746299d9,82ffeefb-7c59-4625-be1d-d1a60cf599e0,2023-06-01 13:41:00,2c7c0b40-21e5-4026-b405-3281a1c094fa,1600,100,1700
442c99c3-756d-4407-a09f-f029427b07cf,776c8db3-e7d4-427e-b6ac-9c5b6d3c9a95,2023-06-01 15:39:00,2c7c0b40-21e5-4026-b405-3281a1c094fa,500,31,531
7e8339e6-2b71-4b66-bcac-c3f2fcd0a8a4,80fbd5cc-a16a-4bfc-b2d6-4c96963c7272,2023-06-01 14:10:00,2c7c0b40-21e5-4026-b405-3281a1c094fa,700,43,743
83c96bfc-89f6-4f8c-b495-3327c6d2ca43,567ad296-7827-479a-904c-03986fcd533f,2023-06-01 19:10:00,2c7c0b40-21e5-4026-b405-3281a1c094fa,1100,68,1168
e0b84865-1280-42c4-b904-170e4fa1a99e,6ccf4269-e194-462e-8c01-8c5955d6bd1c,2023-06-01 07:30:00,2c7c0b40-21e5-4026-b405-3281a1c094fa,600,37,637
3a5f7286-e507-481a-a8e4-00c747858bd0,2e832c93-3fe2-48f3-9c75-853ddcc51188,2023-06-01 14:51:00,2c7c0b40-21e5-4026-b405-3281a1c094fa,1800,112,1912
ab3f7563-7150-486f-8b8a-be3f5f347bf1,e3031c45-e8dc-4f53-a9d9-d3d2d6da4eab,2023-06-01 08:31:00,2c7c0b40-21e5-4026-b405-3281a1c094fa,500,31,531
cf4d6f9d-b01f-4a52-b0ca-4359052cbfb3,c9cbb253-97c7-485c-b85f-451a18192201,2023-06-01 07:44:00,2c7c0b40-21e5-4026-b405-3281a1c094fa,600,37,637
d6dcebff-3f82-46db-ab13-dba22fe13746,c23880b8-861f-4efd-b8d3-ecef7a43da0a,2023-06-01 17:35:00,2c7c0b40-21e5-4026-b405-3281a1c094fa,1900,118,2018
3bc5423d-8806-4f21-b698-ba3d3ef60962,28cb7926-5024-4e70-bcdb-6f122584b666,2023-06-01 10:19:00,2c7c0b40-21e5-4026-b405-3281a1c094fa,600,37,637
56baed93-858e-4d4f-83af-1d93d9b3387d,df4b8a9b-7fad-4ccb-aed3-d549db457b35,2023-06-01 15:01:00,2c7c0b40-21e5-4026-b405-3281a1c094fa,1800,112,1912
b90bb7b9-6584-4fbe-bb7f-273e5498f646,c9caa866-c448-4027-ac51-350ceb472f0a,2023-06-01 08:01:00,2c7c0b40-21e5-4026-b405-3281a1c094fa,400,25,425
3fbf22cc-ad6a-437c-ae33-b6c4551e4312,db5e3f4e-dde6-4508-91d0-251e70e0270f,2023-06-01 11:59:00,2c7c0b40-21e5-4026-b405-3281a1c094fa,1800,112,1912
7eb19b91-102d-4958-a756-02ce5b288bc5,02deee14-c680-46b5-a231-4a5c23642767,2023-06-01 16:14:00,2c7c0b40-21e5-4026-b405-3281a1c094fa,500,31,531
4bfd0e07-0465-40ac-b873-7023ff6c9697,870e9d5f-72b4-4c42-a21f-7cdae3df8999,2023-06-01 07:54:00,2c7c0b40-21e5-4026-b405-3281a1c094fa,600,37,637
8dd26554-5bdb-46b0-916b-8d9503cfcbae,88895029-7409-4d53-bf53-9da65334592c,2023-06-01 15:11:00,2c7c0b40-21e5-4026-b405-3281a1c094fa,400,25,425
2d1ee9df-9b5e-4947-8e30-c20231531369,98dd44e0-8267-41d7-9ab7-2ec70d317edd,2023-06-01 07:18:00,2c7c0b40-21e5-4026-b405-3281a1c094fa,700,43,743
db919d21-8eab-47f8-a3a5-83b12eec2dd1,a3a3e27d-80d7-45cc-9c5a-cb1314ccedc3,2023-06-01 11:55:00,2c7c0b40-21e5-4026-b405-3281a1c094fa,900,56,956
5124389a-65ef-490b-83d4-e12abb54c2cd,d7ea4503-e929-4df1-b257-8c8741fcf253,2023-06-01 16:02:00,2c7c0b40-21e5-4026-b405-3281a1c094fa,1000,62,1062
279d506a-0305-4120-a90a-d03be9c215ab,21ad42ca-b172-460f-b87d-eb3146cfd7ab,2023-06-01 14:49:00,2c7c0b40-21e5-4026-b405-3281a1c094fa,1100,68,1168
b1787752-7d86-49f1-88eb-90a684ec8c2e,a6ba0baa-029e-4a9f-9825-b8af7fc606db,2023-06-01 10:33:00,2c7c0b40-21e5-4026-b405-3281a1c094fa,600,37,637
4880817b-7a8d-437a-a2b9-3e084079c6c1,add5cadc-19b7-496f-be99-3ea4577090a8,2023-06-01 17:17:00,2c7c0b40-21e5-4026-b405-3281a1c094fa,600,37,637
f66be56b-e8ad-41e3-881a-b2cb577f042a,55fba3bd-b699-4784-aa0f-02eee2bb0505,2023-06-01 17:48:00,2c7c0b40-21e5-4026-b405-3281a1c094fa,600,37,637
c7586921-5d8e-4bb6-8d88-d248134d31cc,09a4ab63-59e2-4bb4-ad07-a754cdbbd0f1,2023-06-01 07:18:00,2c7c0b40-21e5-4026-b405-3281a1c094fa,700,43,743
faad6ae8-019a-4a40-9b55-82477e36d7b7,cfe721e9-2b3c-471c-ab34-165a74d750ea,2023-06-01 08:12:00,2c7c0b40-21e5-4026-b405-3281a1c094fa,600,37,637
b676f5e7-b3c6-4718-986f-b034738cbb8e,f5420e35-c6ff-4311-a571-dbf68fbbdb43,2023-06-01 14:32:00,2c7c0b40-21e5-4026-b405-3281a1c094fa,700,43,743
d1e3ad3d-4e73-4efd-a380-e524623a0a75,fc9504bc-32d7-4418-9b0a-629f0c180cc8,2023-06-01 18:51:00,2c7c0b40-21e5-4026-b405-3281a1c094fa,700,43,743
a3007f0c-e349-4445-b978-07209a68ddf1,a369f7d7-177a-49e5-804f-b41b61109600,2023-06-01 07:38:00,2c7c0b40-21e5-4026-b405-3281a1c094fa,500,31,531
bcc06e5e-7ebb-47f4-ba31-a7b7b38cb47a,3ea763b7-6fe2-4a79-8f2e-9c04799b7d30,2023-06-01 15:24:00,2c7c0b40-21e5-4026-b405-3281a1c094fa,1600,100,1700
16c5609c-9002-4f6e-b2e9-924f3f979ac9,88cf1fe9-96fa-404e-ba49-767d646c0446,2023-06-01 17:36:00,2c7c0b40-21e5-4026-b405-3281a1c094fa,600,37,637
0eab7d24-8255-4e7c-9586-7e21ecefbf84,365d2e41-1070-4e46-8033-a297d6ef1a98,2023-06-01 07:28:00,2c7c0b40-21e5-4026-b405-3281a1c094fa,400,25,425
5c7021fc-73f8-45cc-9db1-5e1f78f6965f,26695097-7378-4faa-9f62-d0e0664ff11e,2023-06-01 07:14:00,2c7c0b40-21e5-4026-b405-3281a1c094fa,500,31,531
a4d0032f-d5fa-4415-8350-e86178894d48,20cf11ec-8799-4af2-bd7a-9e7f288d535c,2023-06-01 07:00:00,2c7c0b40-21e5-4026-b405-3281a1c094fa,400,25,425
5b460bc0-bf70-4e15-a863-5cc96c0eb5dc,186384b9-43b2-44b6-8c1b-43fafd8e5e0f,2023-06-01 16:02:00,2c7c0b40-21e5-4026-b405-3281a1c094fa,1200,75,1275
378d50f7-3367-48c6-bf04-1329d325d394,d48cb31c-5a14-4389-8b0f-0d002d402ecb,2023-06-01 10:53:00,2c7c0b40-21e5-4026-b405-3281a1c094fa,700,43,743
a8c938b2-1c95-4703-a3d5-83fb509435ad,b653f7bd-b936-4fb5-aab7-010797a6d1f2,2023-06-01 16:12:00,2c7c0b40-21e5-4026-b405-3281a1c094fa,2200,137,2337
7f2eb9a1-f44c-440d-b62f-c3d4e77048fb,763902ed-d882-4eca-a0f1-0b333eb57c8d,2023-06-01 08:01:00,2c7c0b40-21e5-4026-b405-3281a1c094fa,500,31,531
b63a7c11-6f5e-4436-88e2-33da89cc119e,690a51c9-e9a4-4ab0-8a98-19b76e98f62a,2023-06-01 17:07:00,2c7c0b40-21e5-4026-b405-3281a1c094fa,700,43,743
e784023c-5eb1-4259-a8ac-68f08ebeaec2,9acce0e8-d045-4d2f-b4b2-a017e0dc7a4a,2023-06-01 16:30:00,2c7c0b40-21e5-4026-b405-3281a1c094fa,1100,68,1168
36de804e-1a60-4227-bb91-7616ae572ab4,44078c2b-ff96-4411-ac21-3ac475d9f62f,2023-06-01 08:12:00,059136e5-beb1-43f4-a3fe-9cc14dd0989b,600,44,644
85d4e920-3f59-47ca-881d-6b8b4cf41d97,a0354bad-2ea1-40d9-8f93-fd88591247e2,2023-06-01 14:24:00,059136e5-beb1-43f4-a3fe-9cc14dd0989b,1700,127,1827
9e33139d-acc3-4926-90f9-57bc9bef3f6c,09e7c029-5016-4dfa-8e31-77678314c378,2023-06-01 07:43:00,059136e5-beb1-43f4-a3fe-9cc14dd0989b,500,37,537
eef390c6-d7ec-4051-82a6-05909a05359f,81470d98-dacd-4700-ba0c-0c7913bef08f,2023-06-01 08:43:00,059136e5-beb1-43f4-a3fe-9cc14dd0989b,400,30,430
7206cdba-fd5e-4999-89ab-3d9425bf4fb6,a8581b41-551a-4f0c-b260-7d7001b751b1,2023-06-01 14:42:00,059136e5-beb1-43f4-a3fe-9cc14dd0989b,1800,135,1935
6c6b843a-aad8-4fce-8751-79625bbb0da4,486f7413-79ea-433d-adb4-14d7e49487e8,2023-06-01 15:27:00,059136e5-beb1-43f4-a3fe-9cc14dd0989b,500,37,537
2dc0b6c1-ba5e-473e-8ad8-80b3adb56bc2,d0dc284e-b60f-48e9-9b8d-c12ab1d0424c,2023-06-01 07:56:00,059136e5-beb1-43f4-a3fe-9cc14dd0989b,600,44,644
6efb1148-78b6-4d32-b7a3-6cd65d37a5aa,f1a51900-aed7-4360-a2ff-053803fd229e,2023-06-01 16:37:00,059136e5-beb1-43f4-a3fe-9cc14dd0989b,700,52,752
930bd422-db28-431e-976c-4156d190d326,ff2da684-c201-46c5-8d08-053bd768156b,2023-06-01 12:22:00,059136e5-beb1-43f4-a3fe-9cc14dd0989b,600,44,644
53f09ca7-ebae-4499-87eb-08a816a1bd30,a2c1254d-0f59-448f-ad1b-3148ddac6759,2023-06-01 08:48:00,059136e5-beb1-43f4-a3fe-9cc14dd0989b,3200,240,3440
2d9694a4-7053-4aa0-897c-db4b0f997e9a,eec4d1d4-4fa4-4078-ad90-fc84ded07515,2023-06-01 14:41:00,059136e5-beb1-43f4-a3fe-9cc14dd0989b,1800,135,1935
f8d834bb-0c90-4c54-9230-18d50bf4e3bd,72b98a5e-a9a4-46ad-b5db-be0120ecdb29,2023-06-01 07:47:00,059136e5-beb1-43f4-a3fe-9cc14dd0989b,500,37,537
db0c2679-2892-4786-ae7c-a658bee72002,dcf87a24-5156-453f-b5ef-aac22c14d08c,2023-06-01 14:47:00,059136e5-beb1-43f4-a3fe-9cc14dd0989b,1600,120,1720
d362076d-bb0e-48ba-bf44-ff7e0880ac45,f8b78676-afd7-4af9-97ab-f0214590c933,2023-06-01 09:53:00,059136e5-beb1-43f4-a3fe-9cc14dd0989b,1800,135,1935
02163144-b0d0-4bf1-8d38-446fbec46f04,4beb0ffa-7216-45d7-8f7b-56bf75262d32,2023-06-01 16:17:00,059136e5-beb1-43f4-a3fe-9cc14dd0989b,400,30,430
0d7c8950-5b95-463a-9e76-bb0cf72177e9,211dd5c2-004c-4428-a977-ff1d69bd2b17,2023-06-01 13:13:00,059136e5-beb1-43f4-a3fe-9cc14dd0989b,1800,135,1935
a646ea34-f62e-4436-8636-f5f9999ec8a7,1c1ac51a-3921-40e4-a21e-99f6f6f6f01b,2023-06-01 08:06:00,059136e5-beb1-43f4-a3fe-9cc14dd0989b,600,44,644
e2154e7d-6162-4f38-8973-801a46b63b4c,3f40e3be-f3ab-4e84-b084-3b2f6f92b1ed,2023-06-01 07:43:00,059136e5-beb1-43f4-a3fe-9cc14dd0989b,700,52,752
21ca0331-4c7d-41af-8472-950c890ed725,c8754fc3-e053-42e0-9cbd-964bf34f51f6,2023-06-01 12:21:00,059136e5-beb1-43f4-a3fe-9cc14dd0989b,600,44,644
b18dd9a0-ec29-41ec-83b2-c4727e6fcf0b,18b3cb0c-66bf-4610-953a-7d06de368bf4,2023-06-01 08:28:00,059136e5-beb1-43f4-a3fe-9cc14dd0989b,500,37,537
091a1b39-750e-4e23-acab-2df05627b3d1,e3f6c810-39ff-4eb4-8cc8-3700ee849ace,2023-06-01 07:00:00,059136e5-beb1-43f4-a3fe-9cc14dd0989b,700,52,752
531cfab3-34e4-490f-aa8d-6bb0f6e62f22,01edc445-0ab9-4ece-b57d-56073a6a59fd,2023-06-01 15:33:00,059136e5-beb1-43f4-a3fe-9cc14dd0989b,500,37,537
dce9e715-32f0-42c8-bc84-3a0faa299205,fbbde25c-9726-4609-bf16-18667aaf6916,2023-06-01 08:10:00,059136e5-beb1-43f4-a3fe-9cc14dd0989b,600,44,644
76410fa6-cc8e-4bf7-afd9-f543eb46f4e8,2a1fde7e-ff9e-41b3-bb63-60756dd3cca3,2023-06-01 15:35:00,059136e5-beb1-43f4-a3fe-9cc14dd0989b,1000,75,1075
fbeb8208-5c07-4875-84a3-41b19b83a570,f598c3f9-089b-45ed-bdf2-192ebf4b52a8,2023-06-01 07:00:00,059136e5-beb1-43f4-a3fe-9cc14dd0989b,400,30,430
452b0359-fa62-4cf0-b6db-217c69b73db5,d7946036-09c5-4ee9-85d7-05ca1e3757d6,2023-06-01 16:29:00,059136e5-beb1-43f4-a3fe-9cc14dd0989b,600,44,644
63bffab7-4c81-433c-85bc-597f4384b188,5afdf85a-b5cb-4e72-b99b-b8094cd17122,2023-06-01 07:49:00,059136e5-beb1-43f4-a3fe-9cc14dd0989b,1100,82,1182
ab6ea82d-cbb5-4242-824f-e0a5ac087709,506e4013-8887-496e-9a04-f0e01887e821,2023-06-01 08:06:00,059136e5-beb1-43f4-a3fe-9cc14dd0989b,600,44,644
165a4ed1-8491-4a1e-b33a-763400a67b23,6b35587c-c967-4880-9328-d1f4642235e4,2023-06-01 18:46:00,059136e5-beb1-43f4-a3fe-9cc14dd0989b,600,44,644
346296a6-bb7b-4e31-8227-a812c5d3d139,59c3fff8-9714-4490-bb0a-91b54d55a88e,2023-06-01 10:56:00,059136e5-beb1-43f4-a3fe-9cc14dd0989b,700,52,752
c5df3796-4a78-42c8-be6e-29dca8865693,bccab3fa-d2f0-47b5-b242-b3bd3ca35e31,2023-06-01 18:35:00,059136e5-beb1-43f4-a3fe-9cc14dd0989b,1900,142,2042
83c56328-bb7a-46dc-b414-24d063ad700c,0bd2b5e2-1051-47d3-9c88-8fe2cce0d72c,2023-06-01 08:47:00,059136e5-beb1-43f4-a3fe-9cc14dd0989b,700,52,752
3537d3e4-d19d-496f-93ca-9f8437b2fe05,5d0ae589-9d32-4770-b34e-3fce58eafd96,2023-06-01 15:48:00,059136e5-beb1-43f4-a3fe-9cc14dd0989b,1900,142,2042
db248e55-29a1-4b95-b5d0-47dbbeee2907,aab05592-ac5f-4f9d-9f06-1701032ffd68,2023-06-01 09:14:00,059136e5-beb1-43f4-a3fe-9cc14dd0989b,1600,120,1720
0b674102-12d4-4bff-a936-e9a4eb6f86db,dce91346-49e1-4dc0-8151-0aee0146f7b0,2023-06-01 07:52:00,059136e5-beb1-43f4-a3fe-9cc14dd0989b,600,44,644
b0bea666-e952-4116-a86a-0f4e4078a368,44cd1c90-3e7d-45f1-b7a7-eb24f631ec62,2023-06-01 14:03:00,059136e5-beb1-43f4-a3fe-9cc14dd0989b,700,52,752
054f9ea8-e70a-49fb-96d1-7df82e51bef4,3ba06841-e0f5-4986-a061-a20a8d1a9468,2023-06-01 07:00:00,059136e5-beb1-43f4-a3fe-9cc14dd0989b,600,44,644
3ac23209-815b-4c91-ba89-7bc4714f2825,08a94312-0375-4898-8816-c527f1a9e954,2023-06-01 07:22:00,059136e5-beb1-43f4-a3fe-9cc14dd0989b,600,44,644
8c378154-e5d7-4ef2-9e44-434a4c78219d,7018d6b2-3bff-425d-9c6b-bdbdc3f5049e,2023-06-01 12:17:00,059136e5-beb1-43f4-a3fe-9cc14dd0989b,1900,142,2042
629a2634-2465-43b3-9704-cbfaa0c5546c,79729105-3697-4b71-a71a-ef98faaff6e9,2023-06-01 08:30:00,059136e5-beb1-43f4-a3fe-9cc14dd0989b,500,37,537
97e5b516-d388-4996-b2e1-7c83a4abcab0,ab9a0bd4-92b5-4830-85c6-278efca955b1,2023-06-01 10:51:00,059136e5-beb1-43f4-a3fe-9cc14dd0989b,600,44,644
f643aeec-e283-479c-81a2-94a4752ae6d4,877a7a1a-64dc-41df-8363-8d8e37450087,2023-06-01 17:14:00,059136e5-beb1-43f4-a3fe-9cc14dd0989b,1900,142,2042
cc3ec43c-9631-4bdc-abca-2503ea6a8638,b0307cea-2d3c-4d8b-8a8a-ff40768baf60,2023-06-01 07:36:00,059136e5-beb1-43f4-a3fe-9cc14dd0989b,700,52,752
5358e6e5-905f-4193-bd38-969b413a6578,3c804db9-c8df-4b39-a554-920bb75231af,2023-06-01 07:48:00,059136e5-beb1-43f4-a3fe-9cc14dd0989b,600,44,644
dd040d99-4a11-48fc-afd2-17a9aec8540b,f7ad63c5-7073-4979-a425-55175695dc63,2023-06-01 08:37:00,059136e5-beb1-43f4-a3fe-9cc14dd0989b,600,44,644
2390aaff-1032-4bff-a359-39cfd1c1038f,a0cf9c75-f7b3-4933-a348-25b101bd09cb,2023-06-01 12:26:00,059136e5-beb1-43f4-a3fe-9cc14dd0989b,1500,112,1612
d010f273-1410-4e41-9be5-041c6822a1b8,c1cfb454-4447-43c5-a7b6-6769a6d3506e,2023-06-01 08:05:00,059136e5-beb1-43f4-a3fe-9cc14dd0989b,500,37,537
0d467aeb-1ace-48a9-9070-74ebda8d27f5,781e5cf8-ed9f-4299-a163-e6a677bbe364,2023-06-01 08:52:00,059136e5-beb1-43f4-a3fe-9cc14dd0989b,700,52,752
1ba3d4c4-6528-4bc7-a1c3-1a76caf014f2,050ddc48-4654-4eda-bca1-7f1fb8704f7a,2023-06-01 07:06:00,059136e5-beb1-43f4-a3fe-9cc14dd0989b,400,30,430
a3fa9f62-ec42-47da-9bd4-ae7af88d2a83,2fa283a1-4467-4a1f-a6eb-da027d38ba02,2023-06-01 08:04:00,059136e5-beb1-43f4-a3fe-9cc14dd0989b,600,44,644
9c647642-7da9-4e9d-8412-bd2826b1d295,8579dc59-feca-41a5-805a-7ad410476f97,2023-06-01 15:43:00,059136e5-beb1-43f4-a3fe-9cc14dd0989b,600,44,644
f3db5060-4888-4339-9f64-bfb0fa7b0b25,f34929ee-3e72-4a33-add6-7a7058bf05d7,2023-06-01 17:07:00,059136e5-beb1-43f4-a3fe-9cc14dd0989b,1700,127,1827
486c79fb-3e22-4213-a7f5-df8d2c5d678f,d402ab9e-b483-45d9-9d7a-2c18331a665a,2023-06-01 13:56:00,059136e5-beb1-43f4-a3fe-9cc14dd0989b,600,44,644
9a2f8c2b-273b-47e2-bfcf-a8b17aedc115,e785b14b-748f-4b64-9589-e822b226f9a8,2023-06-01 07:43:00,059136e5-beb1-43f4-a3fe-9cc14dd0989b,600,44,644
e4d7591f-eb6a-4b6b-a798-4d150c4b5a72,31d0513e-0837-4053-8b9a-c3eff3970c19,2023-06-01 19:23:00,059136e5-beb1-43f4-a3fe-9cc14dd0989b,600,44,644
96c386c9-6a7c-42bb-8eb3-94b02dbc6dcb,23bb9204-6575-4bbb-b910-b827f247824b,2023-06-01 07:54:00,059136e5-beb1-43f4-a3fe-9cc14dd0989b,500,37,537
5f5e9042-9240-4c14-8d55-90f65e5ae62f,51cad696-8312-4f57-8a0b-4fbdbe11af59,2023-06-01 14:27:00,059136e5-beb1-43f4-a3fe-9cc14dd0989b,700,52,752
52724043-297e-4443-a67b-6c8857622e79,6d0c0c08-e3f5-4364-b075-cf5316e41b9f,2023-06-01 14:58:00,059136e5-beb1-43f4-a3fe-9cc14dd0989b,600,44,644
72782d15-be80-4975-ae05-19ec7557bba9,7d830ecb-c405-4014-9d03-6443ad08dad7,2023-06-01 07:26:00,059136e5-beb1-43f4-a3fe-9cc14dd0989b,600,44,644
97c3e78e-a4b9-4c6c-9f7a-e1f75da8d9ae,a72450e6-ac79-41b8-a951-c455c4256bbf,2023-06-01 07:53:00,059136e5-beb1-43f4-a3fe-9cc14dd0989b,700,52,752
95bd1565-9300-4a14-82f9-3b1d9a480172,384c7811-188d-4f66-83fb-2521b09637b5,2023-06-01 07:36:00,059136e5-beb1-43f4-a3fe-9cc14dd0989b,400,30,430
eddefa02-e482-41cd-970c-3cc8d1a1b036,cdd27214-fc9f-499b-9d14-a631ea1543e5,2023-06-01 12:07:00,059136e5-beb1-43f4-a3fe-9cc14dd0989b,600,44,644
b6024517-7889-441b-839e-8818e6ebeada,66284830-04a9-4d43-9b02-ef3ebd475c6b,2023-06-01 11:04:00,059136e5-beb1-43f4-a3fe-9cc14dd0989b,5300,397,5697
bb66fd3a-2a80-49e9-a330-36197c56e4b1,2c5c0bb7-5aa6-4531-950e-7a90fe92b74d,2023-06-01 07:44:00,059136e5-beb1-43f4-a3fe-9cc14dd0989b,400,30,430
0ad01e66-802a-45f2-afb9-5064888518c0,79f9014a-5103-4bc1-9806-b175661422e2,2023-06-01 15:03:00,059136e5-beb1-43f4-a3fe-9cc14dd0989b,1800,135,1935
3abf1b36-3f6b-4040-957d-b42b225590e2,e9693d06-c67a-4253-9aac-e35246aa06d9,2023-06-01 16:35:00,059136e5-beb1-43f4-a3fe-9cc14dd0989b,500,37,537
a9d1ec5b-6ee5-413f-9cf6-7eeada1374d4,e70955bd-402e-406b-9c9b-9a51d74355d6,2023-06-01 12:05:00,059136e5-beb1-43f4-a3fe-9cc14dd0989b,1500,112,1612
6a979a6c-851b-4e7f-b907-f285fabdba97,c133b21a-6b80-4f3a-8b2e-43df0b4514c7,2023-06-01 08:30:00,059136e5-beb1-43f4-a3fe-9cc14dd0989b,400,30,430
0efec271-f0a2-4e06-880a-3725c58e46af,77867314-f5f6-49f6-a191-06f958efd232,2023-06-01 13:57:00,059136e5-beb1-43f4-a3fe-9cc14dd0989b,1600,120,1720
9624dd29-6f9c-448d-b3e5-2ad7ee3c52b7,16f20232-3ad4-4294-9cad-8c4139b04da4,2023-06-01 17:05:00,059136e5-beb1-43f4-a3fe-9cc14dd0989b,2000,150,2150
f6bc6901-10cc-4fc3-9a74-02615add6f6e,d0f85214-b373-4e3b-b6fc-0d50802c7e7b,2023-06-01 08:11:00,059136e5-beb1-43f4-a3fe-9cc14dd0989b,600,44,644
b13ace57-0e86-46d6-945d-9f11da039cb6,a3ccddd5-51c9-48a7-9d7e-de5d5da704a8,2023-06-01 13:57:00,059136e5-beb1-43f4-a3fe-9cc14dd0989b,2800,210,3010
6482c9ce-fafb-4cb3-be8c-43a9a56130a3,05bd4daf-d823-4927-9486-6a6837585182,2023-06-01 17:53:00,059136e5-beb1-43f4-a3fe-9cc14dd0989b,1600,120,1720
ddb85ad5-d5e5-4173-83a8-a739e4255efc,d44d33f8-6d2c-4704-bfa2-2f1883a33f93,2023-06-01 14:24:00,059136e5-beb1-43f4-a3fe-9cc14dd0989b,0,0,0
4914d753-af58-4f2f-8e1d-e43b104b03a3,efebe247-224d-41d6-8094-612564a8c476,2023-06-01 09:08:00,059136e5-beb1-43f4-a3fe-9cc14dd0989b,700,52,752
0f7adcfa-dce3-4cb4-b16f-671d62c63ec5,3765c425-f1ec-457a-8dec-576eea412dd5,2023-06-01 11:44:00,059136e5-beb1-43f4-a3fe-9cc14dd0989b,2200,165,2365
a459de3a-1947-4781-b1e5-df19afc40ca6,3a8c813f-cb84-4c7b-b929-95db99df1811,2023-06-01 14:59:00,059136e5-beb1-43f4-a3fe-9cc14dd0989b,400,30,430
9bea863c-df53-47d9-8b89-5cf4019b70ef,fe2c2d66-9698-4bbc-8733-0d8cb1b70a1f,2023-06-01 12:00:00,059136e5-beb1-43f4-a3fe-9cc14dd0989b,600,44,644
2ca4000c-b660-4ba6-9e72-906db96eeda4,5c6bb004-7084-44dc-9283-9b00665c82bc,2023-06-01 17:10:00,059136e5-beb1-43f4-a3fe-9cc14dd0989b,1700,127,1827
bf1dded6-3c1e-4029-bf9d-b6b853010852,d5efbc69-fc67-4f1a-87f3-30e57baf632a,2023-06-01 08:38:00,059136e5-beb1-43f4-a3fe-9cc14dd0989b,600,44,644
497b5761-3242-4efb-82e5-44d44cdcb2cc,2423b39c-fa1e-458b-a033-a7d722bc372e,2023-06-01 13:47:00,059136e5-beb1-43f4-a3fe-9cc14dd0989b,500,37,537
e5b77e47-3dc9-4732-bdde-702fbba68cde,644777dd-2705-4dad-9239-95d9ebf3f348,2023-06-01 18:11:00,059136e5-beb1-43f4-a3fe-9cc14dd0989b,1800,135,1935
08dde3da-8496-4ea1-a586-d47e9a0b5f95,e14001b0-3932-4497-86c9-3d31d51b3e3e,2023-06-01 12:11:00,059136e5-beb1-43f4-a3fe-9cc14dd0989b,700,52,752
3c1de9d4-0550-4d50-b2e3-5c0b83c1db30,5396cc76-d8d6-42e0-9ac3-b8a36f8e9980,2023-06-01 08:04:00,059136e5-beb1-43f4-a3fe-9cc14dd0989b,600,44,644
e9083a5e-d719-4fba-b30f-771d1e40c6d9,76728cb5-33de-4142-bcc8-61a9a63b3a90,2023-06-01 14:33:00,059136e5-beb1-43f4-a3fe-9cc14dd0989b,600,44,644
694224f0-2055-4bf8-937b-3feda6dcd72d,3d5cdd64-fe7e-4365-9e1d-97ee8a55f0fd,2023-06-01 07:47:00,059136e5-beb1-43f4-a3fe-9cc14dd0989b,700,52,752
63b6a30b-1525-4499-9637-f10447863301,1968f52b-fb82-40f5-a5f8-8a81be0ffeab,2023-06-01 12:50:00,059136e5-beb1-43f4-a3fe-9cc14dd0989b,500,37,537
a2799ee9-266b-4e63-88a2-5a58234e4d8c,1ce95b9f-9235-4a87-bcad-3afa90af73ed,2023-06-01 16:45:00,059136e5-beb1-43f4-a3fe-9cc14dd0989b,600,44,644
0230375e-08ec-4f20-a461-7cba546c7804,4a037cff-561f-4546-a71e-858b06e94940,2023-06-01 09:27:00,059136e5-beb1-43f4-a3fe-9cc14dd0989b,1200,89,1289
128c2bed-7898-4bb0-87c5-ffb27714e514,922d5b80-73f4-4f36-aa06-0357112d60f7,2023-06-01 16:36:00,059136e5-beb1-43f4-a3fe-9cc14dd0989b,1900,142,2042
2f97a7aa-53e0-41d2-84f0-341e301c8bf7,cbe876c8-a324-4ebb-ae69-ae07df7846fd,2023-06-01 08:33:00,059136e5-beb1-43f4-a3fe-9cc14dd0989b,400,30,430
f3281f03-0dc7-4d50-b5df-f0905e078c05,fb44c144-83bd-423d-a48c-644991b62aa2,2023-06-01 11:55:00,059136e5-beb1-43f4-a3fe-9cc14dd0989b,700,52,752
7209d677-2639-4d84-8228-139f1323b1c0,3bdd9588-88c1-4e38-a5a2-a2a1cb9c5ba6,2023-06-01 16:06:00,059136e5-beb1-43f4-a3fe-9cc14dd0989b,1700,127,1827
d846734b-73da-4833-9db6-9361f88d64dd,e20a9b34-c8ae-475a-a91f-e59b5e8490e9,2023-06-01 11:48:00,059136e5-beb1-43f4-a3fe-9cc14dd0989b,600,44,644
eccf4bd3-9f80-44a8-9c03-9413c6ce8916,7bf95b47-6cc7-4454-8e8d-c6ae37383823,2023-06-01 09:48:00,059136e5-beb1-43f4-a3fe-9cc14dd0989b,500,37,537
4a29efc7-e4c2-4ff3-925d-c9fdabb27dc2,92fb892f-6a43-489c-b618-ff370abc4242,2023-06-01 19:05:00,059136e5-beb1-43f4-a3fe-9cc14dd0989b,1700,127,1827
5aac55e5-e461-4cb1-ada2-2a2ab8e83ecd,eb2844aa-8810-4044-930c-ede23c9f754c,2023-06-01 14:22:00,059136e5-beb1-43f4-a3fe-9cc14dd0989b,700,52,752
c81f290b-2ecc-4d59-acec-dba1a8b8da42,e34930d8-a95d-4286-b7d2-147d08008c79,2023-06-01 12:35:00,059136e5-beb1-43f4-a3fe-9cc14dd0989b,500,37,537
f794e693-8257-437c-8699-b6036b10a8fe,529905cf-561e-4337-9a4a-175121574488,2023-06-01 07:37:00,059136e5-beb1-43f4-a3fe-9cc14dd0989b,400,30,430
8f2f2c8c-5fe7-4f6e-a805-e8a535bf2c70,eaa58131-5fab-42f2-804b-c6ac10286bbe,2023-06-01 17:37:00,059136e5-beb1-43f4-a3fe-9cc14dd0989b,1800,135,1935
d0acf3ba-6f89-4cc7-a884-c7e9cf16b893,478906bc-057a-41da-a756-2ab94b7817b4,2023-06-01 08:49:00,059136e5-beb1-43f4-a3fe-9cc14dd0989b,500,37,537
95136ef4-6f83-47b1-bce7-a40e07b796a4,20447c53-4457-454a-92ff-187ee6461822,2023-06-01 08:12:00,059136e5-beb1-43f4-a3fe-9cc14dd0989b,600,44,644
5e6bf4cf-28ef-4467-b1ec-f01e21546df0,4744369f-163d-4dd9-b650-9b94350334e7,2023-06-01 08:05:00,059136e5-beb1-43f4-a3fe-9cc14dd0989b,500,37,537
f7eb61f7-11a7-4a9d-8300-2fa65281d577,ed697b2d-ca88-4faa-99a4-9c92fa1017e2,2023-06-01 09:06:00,059136e5-beb1-43f4-a3fe-9cc14dd0989b,500,37,537
bf395ff2-6b8b-48ec-9154-770faafee806,361fcd5d-8d28-433b-abd9-c1e72a5cad2a,2023-06-01 07:11:00,059136e5-beb1-43f4-a3fe-9cc14dd0989b,600,44,644
3646dbb5-85c8-42f2-8a36-e04777c40e2b,561657d6-42e9-4820-bb19-8ed7dc3fadd2,2023-06-01 16:10:00,059136e5-beb1-43f4-a3fe-9cc14dd0989b,400,30,430
ba429d5e-1113-4b97-a30b-bc63a0483a5b,48b85191-c0e7-4f81-96a3-d5f86031cfb9,2023-06-01 08:04:00,059136e5-beb1-43f4-a3fe-9cc14dd0989b,600,44,644
99170e50-938b-4353-a3f5-416063f36911,036f15e9-d039-4cb4-b180-c77ec9a69d54,2023-06-01 11:43:00,059136e5-beb1-43f4-a3fe-9cc14dd0989b,1200,89,1289
80fac507-d05a-4f3c-b694-5a9a98433329,3d124ee1-f3d6-4123-9a83-c89c2ae04dee,2023-06-01 14:27:00,059136e5-beb1-43f4-a3fe-9cc14dd0989b,1400,105,1505
09cf97d9-f251-4b53-a81d-8ba02e808aae,3403b172-cee0-45a1-b3b0-bd780462a988,2023-06-01 08:18:00,059136e5-beb1-43f4-a3fe-9cc14dd0989b,400,30,430
690b658a-e26a-455e-9804-f2b1b1410db7,f1993284-9f81-43ed-be18-ebfd355bd0af,2023-06-01 07:14:00,059136e5-beb1-43f4-a3fe-9cc14dd0989b,600,44,644
9a6ae361-3050-42fa-b4b7-cf2ecd0b800e,525add24-e4bb-4a57-a41a-d1eb58ef9533,2023-06-01 18:00:00,059136e5-beb1-43f4-a3fe-9cc14dd0989b,1700,127,1827
5e258170-a21a-4b84-bd74-b1ab1d1af14f,f3770952-5a51-4000-a02e-03c4918954dd,2023-06-01 13:15:00,059136e5-beb1-43f4-a3fe-9cc14dd0989b,500,37,537
93080a81-394b-4928-8ec2-3cd602fa443f,6b830d11-3333-4049-8288-6e208d4bc7f0,2023-06-01 07:41:00,059136e5-beb1-43f4-a3fe-9cc14dd0989b,600,44,644
883434f7-aed2-41ab-a04a-7c1a97aceb05,4b58cedb-94dc-439d-bb7b-7c5c75747a53,2023-06-01 15:56:00,059136e5-beb1-43f4-a3fe-9cc14dd0989b,600,44,644
1dcf8736-6629-4a92-a56c-923a64dd0aab,84345e57-4d88-48e8-823d-ef85cbe1ebea,2023-06-01 15:42:00,059136e5-beb1-43f4-a3fe-9cc14dd0989b,600,44,644
19c73152-8feb-4e6e-b3f2-e3a6642e3213,ec3e334b-eb4d-460d-a9a9-ed604e92bdf0,2023-06-01 16:08:00,059136e5-beb1-43f4-a3fe-9cc14dd0989b,500,37,537
ff8122c1-cfbc-40f3-bbae-753404cb2cc0,40010f7f-b687-44ea-8480-833608955e88,2023-06-01 18:34:00,059136e5-beb1-43f4-a3fe-9cc14dd0989b,700,52,752
49f4b649-e1f5-45a8-be5a-ae3504690096,ae8150b4-56c5-4822-abcf-50b46552f222,2023-06-01 08:52:00,059136e5-beb1-43f4-a3fe-9cc14dd0989b,600,44,644
790ba6e2-2f83-445e-b283-41247f0962cc,57448fbd-ff56-40a7-b47f-0f161b5ae95d,2023-06-01 14:18:00,059136e5-beb1-43f4-a3fe-9cc14dd0989b,400,30,430
1c7a552e-29fa-490a-8b1a-4669e9f68e30,4009b786-5c37-4ffe-82fe-8f1dffb7cf4a,2023-06-01 07:55:00,059136e5-beb1-43f4-a3fe-9cc14dd0989b,400,30,430
a3a80493-621b-4779-9512-195cde2f1725,a03939d5-2ed1-48c7-861f-0f54e7c51c5f,2023-06-01 08:08:00,059136e5-beb1-43f4-a3fe-9cc14dd0989b,400,30,430
fa4f40af-5aa4-4d4c-b220-7b35f10afb7e,b6432a79-8549-4e4c-8630-5a7e7781031f,2023-06-01 11:51:00,059136e5-beb1-43f4-a3fe-9cc14dd0989b,1400,105,1505
abcbe6da-6d5f-4300-9815-1d03fed06cd8,b9e02e57-6966-4ef9-8229-8dbcf381d1a4,2023-06-01 19:32:00,059136e5-beb1-43f4-a3fe-9cc14dd0989b,600,44,644
3a3d1a8a-4e57-44e9-a278-41bf857ed6d1,41635a49-5cce-4aab-9afc-00d493262797,2023-06-01 16:54:00,059136e5-beb1-43f4-a3fe-9cc14dd0989b,1500,112,1612
2b836b14-44d1-4582-95d0-f240067f8fab,8444b032-8cb2-4a63-9fd1-f6d09e140bec,2023-06-01 12:28:00,059136e5-beb1-43f4-a3fe-9cc14dd0989b,600,44,644
e856b1b5-e0b5-4c49-b181-85ac8cfbb35d,168a6b37-3ff2-4307-8348-321ef39ada37,2023-06-01 08:46:00,059136e5-beb1-43f4-a3fe-9cc14dd0989b,600,44,644
41b773cf-a7eb-4957-b4ab-fbcd92221327,d0f9f637-0052-4a42-b957-622f2985434a,2023-06-01 09:17:00,059136e5-beb1-43f4-a3fe-9cc14dd0989b,1800,135,1935
7b3a60fe-fd61-41b7-a81f-fa6a9325942a,0fddd792-32d9-4048-ba1f-1bca261a4a84,2023-06-01 13:17:00,059136e5-beb1-43f4-a3fe-9cc14dd0989b,600,44,644
08cdfb20-988a-440a-b06c-0a6008ff9c96,56cff385-b95f-49b9-b34f-c839e39df055,2023-06-01 12:32:00,059136e5-beb1-43f4-a3fe-9cc14dd0989b,1800,135,1935
360eea12-4c85-42d6-be49-b374eebe71b1,2031ab1b-c0c0-4875-81ef-63f6ec7db843,2023-06-01 12:02:00,059136e5-beb1-43f4-a3fe-9cc14dd0989b,4000,300,4300
7da44f30-e115-497d-8b66-6c70b9fd62d0,4fd07c23-bed4-4ca7-b140-7652784aa802,2023-06-01 13:54:00,059136e5-beb1-43f4-a3fe-9cc14dd0989b,1600,120,1720
7cabf560-2ca3-4223-b615-e94dd92fa560,37fc1b50-84ef-40db-b99a-64dd7281c7a7,2023-06-01 13:09:00,059136e5-beb1-43f4-a3fe-9cc14dd0989b,3200,240,3440
07b68679-9538-4808-b743-5de1128a61f8,751e632c-7341-4671-95d2-e348460b3fab,2023-06-01 16:15:00,059136e5-beb1-43f4-a3fe-9cc14dd0989b,2000,150,2150
9ee713d7-afaf-46c1-91f5-2669a5ae494d,d6015423-d5f4-48d9-8dba-5184e114d126,2023-06-01 07:14:00,059136e5-beb1-43f4-a3fe-9cc14dd0989b,500,37,537
ba169708-6c30-41a7-ba97-4ab6b086d131,7c8432cf-6e17-4e2b-899c-0526eae11ec4,2023-06-01 14:39:00,059136e5-beb1-43f4-a3fe-9cc14dd0989b,2200,165,2365
c3d4ec39-a662-49a7-bcad-561252fd053c,187c7384-25b3-4172-bee6-99f83f02b761,2023-06-01 11:59:00,059136e5-beb1-43f4-a3fe-9cc14dd0989b,600,44,644
ddbbad06-6abd-4928-9ac3-938c8121992e,f8a4f769-0195-44be-9cb4-a90210c4047e,2023-06-01 08:04:00,059136e5-beb1-43f4-a3fe-9cc14dd0989b,500,37,537
8c5561c4-532c-4e2a-ab3b-ddad59338fec,35bf73a3-f268-4294-8a12-bc9a1b83db11,2023-06-01 11:55:00,059136e5-beb1-43f4-a3fe-9cc14dd0989b,0,0,0
13cf1320-0d40-40fe-9d94-4cfedb23b987,e0983e91-a701-429d-bc70-28a23527f04c,2023-06-01 14:03:00,059136e5-beb1-43f4-a3fe-9cc14dd0989b,400,30,430
19baf046-a26b-4880-b4c0-359010f88d37,b8a55754-7bb6-4a63-9c0d-1acd5d4d49ca,2023-06-01 10:43:00,059136e5-beb1-43f4-a3fe-9cc14dd0989b,600,44,644
07b7bbcc-2565-4be5-9968-0efa13cc6e7b,83872f19-552c-47b2-9fd3-4db4c2f6753f,2023-06-01 07:03:00,059136e5-beb1-43f4-a3fe-9cc14dd0989b,600,44,644
8cddbd0e-789e-487d-8ccd-78209d1a788e,0b4320be-1aed-4451-b8d4-bfe6e56b3281,2023-06-01 13:29:00,059136e5-beb1-43f4-a3fe-9cc14dd0989b,600,44,644
7b99bbae-05c0-43a8-87e5-f0dcf1326526,26fc60b3-85e6-43e5-b371-71877025c8d1,2023-06-01 07:28:00,059136e5-beb1-43f4-a3fe-9cc14dd0989b,600,44,644
4eb2cf72-190d-4823-928a-44c9a74b501a,cf4cb81b-3231-491c-bff8-a6da05b7b93f,2023-06-01 10:41:00,059136e5-beb1-43f4-a3fe-9cc14dd0989b,4100,307,4407
c90e9bc4-fec0-46f0-9590-7be109d69235,27b3d9ff-db39-4ce8-8de0-2090a7e90776,2023-06-01 08:17:00,059136e5-beb1-43f4-a3fe-9cc14dd0989b,700,52,752
074d0083-1882-4ea3-9f6c-2dd1d4cd22d4,3c7c5fb0-d621-44e5-9d08-388975ae8faf,2023-06-01 07:32:00,059136e5-beb1-43f4-a3fe-9cc14dd0989b,600,44,644
85447496-2bc0-40fe-a584-6d387412435e,4e749dde-0bfb-45f8-bfb7-cee60c7f5012,2023-06-01 15:58:00,059136e5-beb1-43f4-a3fe-9cc14dd0989b,1700,127,1827
2d859a4b-2807-4d7b-b750-7610a96a9a42,cf121e2f-237d-4246-92e7-b175553e7a78,2023-06-01 19:10:00,059136e5-beb1-43f4-a3fe-9cc14dd0989b,1800,135,1935
76a7dfeb-a7a4-45cf-bc7d-6af3d69ded48,a978d5d4-d1da-4b56-bd60-9b92205a925f,2023-06-01 17:55:00,059136e5-beb1-43f4-a3fe-9cc14dd0989b,1800,135,1935
60c84141-51f3-4982-89cf-50cffc484a16,c1fadf94-71e8-4d09-b9b0-2af116108a24,2023-06-01 08:20:00,059136e5-beb1-43f4-a3fe-9cc14dd0989b,500,37,537
e402969d-1927-41fb-9230-9a613efa859a,60c396b2-d634-4be2-9aaa-7f1a832f4305,2023-06-01 11:17:00,059136e5-beb1-43f4-a3fe-9cc14dd0989b,600,44,644
eff58ce2-6930-4149-b17f-b12e844658b7,cf1cc4db-a760-402c-8f7a-ef9892e05ee8,2023-06-01 17:16:00,059136e5-beb1-43f4-a3fe-9cc14dd0989b,1600,120,1720
3c093c8b-ed94-445f-b480-469f4db64208,2533fffb-72a8-4e71-9e5c-eda4b362c551,2023-06-01 17:15:00,059136e5-beb1-43f4-a3fe-9cc14dd0989b,2000,150,2150
48fda5da-aac7-42e0-bb6c-94f0b8943b59,ff8e5384-92e3-46a6-a97f-96f2e06d2d0c,2023-06-01 17:23:00,059136e5-beb1-43f4-a3fe-9cc14dd0989b,1800,135,1935
faf96dae-cd2d-4ba9-9e79-6a983ea6c1fc,71c22f51-5140-4058-aca4-e1297f024cd1,2023-06-01 07:55:00,059136e5-beb1-43f4-a3fe-9cc14dd0989b,600,44,644
d7c55df2-5524-4f50-ba57-3ae8006117fe,d8196da5-366a-49ed-8e90-a15d0e70dabb,2023-06-01 16:17:00,059136e5-beb1-43f4-a3fe-9cc14dd0989b,400,30,430
4106df41-6113-4a66-b19c-76fa9ea1ecc3,0c903c1d-a0ab-4e8e-b1ce-e40f8f7c70ee,2023-06-01 13:36:00,059136e5-beb1-43f4-a3fe-9cc14dd0989b,1100,82,1182
cb8eb5ac-94be-4b28-a31b-bef7ab3e8cdf,99e72f7b-8e9c-4403-8629-4ba314155564,2023-06-01 12:10:00,059136e5-beb1-43f4-a3fe-9cc14dd0989b,1100,82,1182
8cf3afd3-639b-46f8-88cd-ea7e7b240214,ca896e2e-2dae-438f-ac59-9b251ce53240,2023-06-01 13:36:00,059136e5-beb1-43f4-a3fe-9cc14dd0989b,1800,135,1935
2db10c46-80d5-4de6-b2a0-f26c34324639,7e72fe96-b013-4324-869d-caa2d564f37e,2023-06-01 08:16:00,059136e5-beb1-43f4-a3fe-9cc14dd0989b,600,44,644
8a902d1a-437d-4e2c-a848-a5eda496345d,9b42559d-e62d-4ab2-ba36-11562c60d296,2023-06-01 08:47:00,059136e5-beb1-43f4-a3fe-9cc14dd0989b,600,44,644
2cf0b9be-1d1c-4ece-9c4d-58828dbf82d7,f637c2f2-576f-420d-bdb7-9836d12af85a,2023-06-01 07:33:00,059136e5-beb1-43f4-a3fe-9cc14dd0989b,500,37,537
6c5aab27-c110-4fb6-853a-867228fe24aa,0011a704-5681-4123-8dca-1af0bdc2de41,2023-06-01 07:00:00,059136e5-beb1-43f4-a3fe-9cc14dd0989b,500,37,537
a9a7a48a-7331-46ff-9436-119d844c8d24,9c3f8f66-e595-47b4-b696-2ef95c13ed39,2023-06-01 13:14:00,059136e5-beb1-43f4-a3fe-9cc14dd0989b,400,30,430
4664093f-58dd-4498-b183-db43d52d79cd,e9fb0dfd-4765-4a15-aea4-62035a7ac480,2023-06-01 14:02:00,059136e5-beb1-43f4-a3fe-9cc14dd0989b,400,30,430
af161d56-337f-435d-9649-999e5f7cfa8c,70101c56-1cff-4c85-bf95-5f237f43dab5,2023-06-01 11:35:00,059136e5-beb1-43f4-a3fe-9cc14dd0989b,1900,142,2042
fd9894ce-1552-458a-b516-0a3234c50c2a,e78f3127-094d-45f2-bbcb-dcb3cf718f7f,2023-06-01 12:49:00,059136e5-beb1-43f4-a3fe-9cc14dd0989b,600,44,644
3de8a92c-3b07-499b-88e2-7b4c7d1177c9,7add3d5c-dfe4-41a7-9a61-3b9186a0f846,2023-06-01 08:07:00,059136e5-beb1-43f4-a3fe-9cc14dd0989b,600,44,644
1683e021-3182-4fea-b2dd-57294fdad0b7,46c2e8d7-6868-4004-8960-1f640fed6c16,2023-06-01 09:56:00,059136e5-beb1-43f4-a3fe-9cc14dd0989b,1200,89,1289
8446957d-a857-40ad-9140-b2c32103d475,b3f1fd68-97bf-448c-b555-6f57c1700866,2023-06-01 08:03:00,059136e5-beb1-43f4-a3fe-9cc14dd0989b,700,52,752
41420d61-d4dd-4397-a817-4f9a7146dae9,d7e381b1-2fcd-40d3-850a-95701efbfd4a,2023-06-01 18:14:00,059136e5-beb1-43f4-a3fe-9cc14dd0989b,700,52,752
d30a7a13-b980-4dd5-a69d-8f0ccab5160d,9811ec22-d635-41a7-a89e-82847322d546,2023-06-01 12:21:00,059136e5-beb1-43f4-a3fe-9cc14dd0989b,400,30,430
c5266d7f-033f-46bf-ad54-82dda72cd18b,39ceb3c4-d968-4af0-8bd1-6010ee5cf91c,2023-06-01 07:21:00,059136e5-beb1-43f4-a3fe-9cc14dd0989b,700,52,752
9ff3853f-8082-454d-b13c-0106e4602b0c,6156c2e5-b70a-4109-9e08-c0c9d8dd1210,2023-06-01 07:38:00,059136e5-beb1-43f4-a3fe-9cc14dd0989b,600,44,644
32f659cd-b889-42e3-b033-7c8bf6d2dd15,1578fa35-446f-4174-9169-551e1d5edb6a,2023-06-01 07:15:00,059136e5-beb1-43f4-a3fe-9cc14dd0989b,500,37,537
ec7486ab-2714-4261-a462-7e42f64d0f38,4e33fa20-eeb2-4dd9-975c-8821869dfb64,2023-06-01 14:57:00,059136e5-beb1-43f4-a3fe-9cc14dd0989b,500,37,537
d7221fd7-96ae-4172-97ca-edf3bc9d4b9e,e51ff3e5-c9ac-4a9c-b8d4-2d62d04f9d59,2023-06-01 09:43:00,059136e5-beb1-43f4-a3fe-9cc14dd0989b,600,44,644
3326c227-4147-4f1b-93e1-cb2fd1c4f00c,5dcbf303-9411-496a-9470-405f2c60a4a9,2023-06-01 13:29:00,059136e5-beb1-43f4-a3fe-9cc14dd0989b,700,52,752
be07591b-1765-41e0-b930-58278f823a7a,63358e1d-e741-46a1-a85b-f5b455bf59d4,2023-06-01 07:34:00,059136e5-beb1-43f4-a3fe-9cc14dd0989b,400,30,430
a0c18aa6-2e98-4515-814c-8db4e109a45d,3c5d20b1-e38f-466d-a6ed-e54fa6bc4d3a,2023-06-01 12:46:00,059136e5-beb1-43f4-a3fe-9cc14dd0989b,1800,135,1935
92bc3d19-2310-4583-a0d0-2b4dc768457c,da3c426d-80b6-4bc0-b424-a51a461fdf70,2023-06-01 15:36:00,059136e5-beb1-43f4-a3fe-9cc14dd0989b,700,52,752
e0934e64-c30d-4792-8dfb-452bc4f20cbb,79aa2e3c-4191-4214-8732-6ece67a8c904,2023-06-01 18:03:00,059136e5-beb1-43f4-a3fe-9cc14dd0989b,1800,135,1935
3ae9ef3a-f5ba-485b-9e84-64d2808699f8,879873ef-7ee7-45d1-a0f8-3ab1ff52b1de,2023-06-01 07:06:00,059136e5-beb1-43f4-a3fe-9cc14dd0989b,500,37,537
2b48c36a-5f8b-402f-86c9-49e77c8851c8,94f6387a-97ef-43f5-b203-90565c727538,2023-06-01 14:17:00,059136e5-beb1-43f4-a3fe-9cc14dd0989b,900,67,967
a7b5e34c-a60e-4428-98b0-ad3a49dff524,4a85d967-5582-41b9-886e-b8899e3bb7ac,2023-06-01 09:29:00,059136e5-beb1-43f4-a3fe-9cc14dd0989b,1300,97,1397
32c4a78a-6465-416b-9120-297b6956efda,0ac09bcc-50a7-41e6-88c1-e23be2b88c97,2023-06-01 11:49:00,059136e5-beb1-43f4-a3fe-9cc14dd0989b,600,44,644
5d6e3a81-5cd2-44a7-a5ca-0af9acd9d154,24d003ab-ccb6-4065-91b7-bbca21bc21f8,2023-06-01 11:13:00,059136e5-beb1-43f4-a3fe-9cc14dd0989b,600,44,644
bedf41a8-e2ba-4fc8-af2b-4b659b8504ac,dbd8ef76-a438-4dc2-b931-58294ab0fdd3,2023-06-01 16:38:00,059136e5-beb1-43f4-a3fe-9cc14dd0989b,600,44,644
93061421-85be-45d2-90e5-d9bd97d33c1e,757ad23d-2490-44ac-8683-ac603986068b,2023-06-01 07:20:00,059136e5-beb1-43f4-a3fe-9cc14dd0989b,700,52,752
181cb422-4622-493c-ae41-cced1d64b2de,8e41ce23-0858-4778-bac4-f113515f4409,2023-06-01 08:11:00,059136e5-beb1-43f4-a3fe-9cc14dd0989b,500,37,537
4f13ac76-b61c-43b5-9655-4da6ce550c4d,5557ee9c-aeb5-4267-9fc0-6430874d3a0c,2023-06-01 13:27:00,059136e5-beb1-43f4-a3fe-9cc14dd0989b,1100,82,1182
3d8e4586-18b0-4a72-be9d-726526fa0059,d3721883-cbf4-403c-86f4-addf916ec123,2023-06-01 13:52:00,059136e5-beb1-43f4-a3fe-9cc14dd0989b,600,44,644
5c3db250-e0b7-4709-8558-749b47e1741b,ba2dedc4-88f5-4a08-868d-6687a7a2282f,2023-06-01 13:40:00,059136e5-beb1-43f4-a3fe-9cc14dd0989b,700,52,752
5bf2d5d1-ae83-4c84-a464-6b032b6ef206,987ded3d-0eb7-4546-9a65-073dfc15621f,2023-06-01 07:56:00,059136e5-beb1-43f4-a3fe-9cc14dd0989b,400,30,430
a632dc5d-0054-4aed-bc6c-b0644669de4f,842f310f-2bb8-42c0-8291-b26b81258980,2023-06-01 15:30:00,059136e5-beb1-43f4-a3fe-9cc14dd0989b,400,30,430
4107bf54-85b7-4b90-8885-0cd599d2dbff,71226ce1-aac0-48fa-b99b-05a4ab69dde7,2023-06-01 07:55:00,059136e5-beb1-43f4-a3fe-9cc14dd0989b,600,44,644
28df227c-7a48-43cc-b329-4ff0ae9483ce,83cd5e82-fcef-4b1a-9a26-3889abd99ee9,2023-06-01 08:31:00,059136e5-beb1-43f4-a3fe-9cc14dd0989b,700,52,752
4945cee8-dd64-4844-864a-83bcdb4d4bb8,e1279ada-8639-4103-93d1-7e4fe86e915a,2023-06-01 17:07:00,059136e5-beb1-43f4-a3fe-9cc14dd0989b,500,37,537
39236de0-a9a1-4140-8de7-8ea503e5b418,b3b08149-77d3-430b-b761-2b06c3d11e7a,2023-06-01 11:44:00,059136e5-beb1-43f4-a3fe-9cc14dd0989b,1000,75,1075
e3615132-7a12-4d9e-a87e-4ed5b5a008fc,cb0c82ee-5ea6-4290-b4ef-33a938e280d3,2023-06-01 14:11:00,059136e5-beb1-43f4-a3fe-9cc14dd0989b,1800,135,1935
d1f74b17-8ce4-441d-8c56-ed381967db99,bbd60ac7-5fef-454b-aabb-66031f4a499d,2023-06-01 07:31:00,059136e5-beb1-43f4-a3fe-9cc14dd0989b,600,44,644
cd3b8a43-e816-4ffd-a20b-b33c4ab0453b,bf9029de-3e32-4ada-9870-16647d9623c5,2023-06-01 11:16:00,059136e5-beb1-43f4-a3fe-9cc14dd0989b,3500,262,3762
abcec4a5-6469-4579-b677-b3f611e89426,aca90745-0103-44ba-b561-ead73d1be7f6,2023-06-01 11:55:00,059136e5-beb1-43f4-a3fe-9cc14dd0989b,500,37,537
e7e1836d-d5a5-4014-b90c-3fa84b9ed3c0,7a117ba4-34c0-4a2b-8950-ef18771fe5c7,2023-06-01 15:39:00,059136e5-beb1-43f4-a3fe-9cc14dd0989b,600,44,644
b3d41303-6ed6-43a7-b579-f2a71285ae8e,e7cb0957-3b8a-4d78-807e-241cdafaf2a3,2023-06-01 13:14:00,059136e5-beb1-43f4-a3fe-9cc14dd0989b,0,0,0
77fe2793-1bd4-4f6f-9a6b-23d0b9b61c26,df8e1c87-b450-4bdb-bb3d-982138f86dbf,2023-06-01 08:22:00,059136e5-beb1-43f4-a3fe-9cc14dd0989b,700,52,752
f1d162aa-fa81-4a59-a106-55af6871e3bc,2c6d229d-2be8-4b3f-b969-77e0a1b902ae,2023-06-01 18:47:00,059136e5-beb1-43f4-a3fe-9cc14dd0989b,700,52,752
aa2d4d59-6d35-42f5-af32-44079aba70c1,28bd6a31-b941-4df4-92da-9da703597e5b,2023-06-01 08:23:00,059136e5-beb1-43f4-a3fe-9cc14dd0989b,400,30,430
a1985368-033b-4fb7-afc4-3b0ccde89512,f813d86e-8dfa-492e-8e09-ac432110ec41,2023-06-01 13:50:00,059136e5-beb1-43f4-a3fe-9cc14dd0989b,600,44,644
aa8b67d9-d01a-4130-8868-b75e7c9a6dfa,562a2cec-caac-4d07-918b-b4c60e4b1505,2023-06-01 08:12:00,059136e5-beb1-43f4-a3fe-9cc14dd0989b,700,52,752
f2b2ee3d-bf0e-4531-a479-e148e7aa7685,bfaa418f-dc55-4a58-baf3-ae68dd84beb5,2023-06-01 07:41:00,059136e5-beb1-43f4-a3fe-9cc14dd0989b,600,44,644
46e22ea0-6f0f-4945-97e3-157d8eaf0f1f,1f1cd553-ae63-4f46-9f5f-36c05ed4d698,2023-06-01 15:59:00,059136e5-beb1-43f4-a3fe-9cc14dd0989b,1700,127,1827
1608e552-21bb-4330-aa7e-29aa27a1e175,15ae0044-7c3f-4ed0-869e-0433ccb541aa,2023-06-01 14:48:00,059136e5-beb1-43f4-a3fe-9cc14dd0989b,1600,120,1720
b2f594e3-45cf-46b9-b8b9-836c5d4987af,c0baed56-16e4-4b70-8dc9-4cd5328cae45,2023-06-01 07:28:00,059136e5-beb1-43f4-a3fe-9cc14dd0989b,700,52,752
02baac90-6568-41bd-9f93-31dc33e28c3b,2452dcd2-e948-40a1-b7ec-fb569ac29d4a,2023-06-01 18:10:00,059136e5-beb1-43f4-a3fe-9cc14dd0989b,600,44,644
65dd029f-4c59-492e-9a17-2e6198f0e5f2,5702df61-b819-4715-bb9e-ab49fcca2190,2023-06-01 07:30:00,059136e5-beb1-43f4-a3fe-9cc14dd0989b,600,44,644
44122840-4af2-4ce4-a4f3-d4eaec0b1e28,3485fe65-fd37-4579-9269-5e83713d1159,2023-06-01 15:01:00,059136e5-beb1-43f4-a3fe-9cc14dd0989b,600,44,644
26aac0b5-6a1d-43ec-85d2-4af609922e3c,9f63dc82-925f-46ec-a127-dc0231bc789c,2023-06-01 16:35:00,059136e5-beb1-43f4-a3fe-9cc14dd0989b,1800,135,1935
6d7d158b-14fd-4cb1-bfe4-accbba01d5c8,aec2afd8-9774-4a64-a81c-40bb66acfcfd,2023-06-01 13:36:00,059136e5-beb1-43f4-a3fe-9cc14dd0989b,2300,172,2472
5c3d32d2-6c54-4c5f-b227-2bd36a64295f,4b93879c-0737-40dd-b938-754c1fbf0384,2023-06-01 11:54:00,059136e5-beb1-43f4-a3fe-9cc14dd0989b,1600,120,1720
46bbadb0-857c-4e8b-93fc-811b5b5a541b,f3eb936d-74aa-4b98-8acd-fb9136933e38,2023-06-01 16:13:00,059136e5-beb1-43f4-a3fe-9cc14dd0989b,1600,120,1720
98cfb010-4c81-4f37-bccc-27e3aa0465ca,5ff6898e-6fbe-41b2-abb0-7bdf107eeb3b,2023-06-01 08:16:00,059136e5-beb1-43f4-a3fe-9cc14dd0989b,600,44,644
428e082c-5acc-466b-9985-35fe97d35f2f,e03d6e06-c748-4b67-bc54-1902c85555f0,2023-06-01 07:00:00,059136e5-beb1-43f4-a3fe-9cc14dd0989b,600,44,644
76ef38fa-b278-472c-a6c2-cf908e477393,3d49f94b-d293-4bc7-9785-8c1924b261ed,2023-06-01 13:48:00,059136e5-beb1-43f4-a3fe-9cc14dd0989b,500,37,537
b4952bc4-a9f1-4a93-bea3-9c0d26fa7db4,9ce4e9b6-d52c-489e-86b9-dd732ad63698,2023-06-01 18:22:00,059136e5-beb1-43f4-a3fe-9cc14dd0989b,700,52,752
d8b9424f-8f54-4ca2-a358-b5eb5a870ad9,d5ed11cf-a7a8-48e0-8db6-b53ea2b4215b,2023-06-01 08:15:00,059136e5-beb1-43f4-a3fe-9cc14dd0989b,700,52,752
620656e7-6344-4c2b-986f-dca11c315eb0,4d6aa9ce-769b-41ba-93f7-fd93ac143e2e,2023-06-01 11:11:00,059136e5-beb1-43f4-a3fe-9cc14dd0989b,3000,225,3225
afd6db4d-28e8-48c9-8072-0abfc8b21271,7c94f11c-d222-4fbf-8a10-b5dc85c91e8c,2023-06-01 10:48:00,059136e5-beb1-43f4-a3fe-9cc14dd0989b,1000,75,1075
017aa622-3804-450b-aca5-a38e867f878c,4cb59264-ffcc-452a-8b0e-82b2d93a13f8,2023-06-01 16:34:00,059136e5-beb1-43f4-a3fe-9cc14dd0989b,400,30,430
b1c04aac-cc2a-419a-9fb5-7011259a0ccc,22b6850d-b14f-4bfc-8ad5-1b8e5dd86415,2023-06-01 13:38:00,059136e5-beb1-43f4-a3fe-9cc14dd0989b,2000,150,2150
8d22ddd2-4eb9-4c08-a8ad-16bff56fd5c5,123f76cb-3dbe-4a9c-aa85-e0dc3091b169,2023-06-01 17:11:00,059136e5-beb1-43f4-a3fe-9cc14dd0989b,700,52,752
7ce48fbf-a086-4d90-a4f3-8b8eb065469c,e92d4740-9449-4048-92f5-85fb462dad77,2023-06-01 12:08:00,059136e5-beb1-43f4-a3fe-9cc14dd0989b,1000,75,1075
787a4922-dfa0-48fd-9fb2-df23627a745b,69b261e6-ada0-48de-94b4-7449a7e44a5f,2023-06-01 08:40:00,059136e5-beb1-43f4-a3fe-9cc14dd0989b,600,44,644
b78b6cde-0af8-4b57-8f7b-544cea425db2,5b7ca844-231c-4062-ac6a-4b3b609e5c76,2023-06-01 08:38:00,059136e5-beb1-43f4-a3fe-9cc14dd0989b,500,37,537
60da881c-8cd6-4d09-ab64-8e711011fab4,4f346960-fad5-45cb-b2fb-aa2c25662998,2023-06-01 12:56:00,059136e5-beb1-43f4-a3fe-9cc14dd0989b,2000,150,2150
54c4f6f6-e2e1-4ca9-8f88-613d0d44b59d,53760b90-8462-4a28-9982-1a996cdbc8a2,2023-06-01 13:42:00,059136e5-beb1-43f4-a3fe-9cc14dd0989b,600,44,644
62aa7397-5a3f-41cf-93cd-1a988fc39a75,ab97f3ac-1614-471d-82d6-66432507cd64,2023-06-01 07:55:00,059136e5-beb1-43f4-a3fe-9cc14dd0989b,600,44,644
3b766a5b-6ee0-40e4-a6fb-2b12ab66f0ea,07a8b0a6-f708-4fe2-93b6-21978691ae73,2023-06-01 08:13:00,059136e5-beb1-43f4-a3fe-9cc14dd0989b,500,37,537
39cd10d4-e735-47ba-bfa6-263ed20190ee,8a23372e-fab4-4779-8f74-6f8a0f73b768,2023-06-01 10:07:00,059136e5-beb1-43f4-a3fe-9cc14dd0989b,4800,359,5159
1c505e70-3cd6-4694-8a77-3ecb3f786965,34d82b57-4819-4794-9ca9-ea6574b20771,2023-06-01 09:17:00,059136e5-beb1-43f4-a3fe-9cc14dd0989b,500,37,537
e70d13b8-e351-4fd9-b6ba-0a6c882ac9f0,e6e521f9-4263-4abe-8cb3-3aec564ed17b,2023-06-01 07:00:00,059136e5-beb1-43f4-a3fe-9cc14dd0989b,700,52,752
0e8e10ca-f462-4c59-b4f9-c530b876ac11,dd182f76-63eb-4173-848a-8c03f76c83b7,2023-06-01 15:19:00,059136e5-beb1-43f4-a3fe-9cc14dd0989b,1800,135,1935
bf3da9a7-c172-4dc1-ac7a-ef58b36bc1e9,5ae0ad28-397e-48ae-b74c-cf5304acb96f,2023-06-01 15:28:00,059136e5-beb1-43f4-a3fe-9cc14dd0989b,400,30,430
1b563fd8-03b2-483c-b099-a8a1cfc4e021,0b4f304d-8026-4f2c-a91f-b3a7b61b8413,2023-06-01 11:30:00,059136e5-beb1-43f4-a3fe-9cc14dd0989b,600,44,644
12f559e3-a5b1-41e2-bc81-e587663bfff2,144f7fec-c604-4938-9da9-0bfe2ddb8e7f,2023-06-01 15:34:00,059136e5-beb1-43f4-a3fe-9cc14dd0989b,600,44,644
f8afddc9-c139-4ea0-a831-48c8a4c1c874,d7f9570e-4b88-4892-aee5-c747cf0505ce,2023-06-01 08:19:00,059136e5-beb1-43f4-a3fe-9cc14dd0989b,600,44,644
9a4fc34d-358e-4ea4-90a4-fa1b14e35b59,2fff5639-709b-454a-803a-084249a1f25f,2023-06-01 12:07:00,059136e5-beb1-43f4-a3fe-9cc14dd0989b,2600,195,2795
fc75661a-e128-4617-8458-9487076d792a,65d98288-db49-45ad-8275-fe8812494280,2023-06-01 14:38:00,059136e5-beb1-43f4-a3fe-9cc14dd0989b,1600,120,1720
a58929a6-b853-4c04-9636-7e446548be81,0505f2cb-3909-461e-b4dd-0e908c55c808,2023-06-01 15:13:00,059136e5-beb1-43f4-a3fe-9cc14dd0989b,500,37,537
c758d8de-9314-4c39-99a4-a45b84826b56,63179edd-cb4d-4c8a-83a4-01a0da3bb534,2023-06-01 12:19:00,059136e5-beb1-43f4-a3fe-9cc14dd0989b,1200,89,1289
776376be-9211-42fe-99a4-d155fcbd4e3c,1b6c6a19-0dc9-4bb0-b2c0-dc05e526aeb6,2023-06-01 11:22:00,059136e5-beb1-43f4-a3fe-9cc14dd0989b,600,44,644
43ce0c83-9d8c-410c-869f-80192156a53f,56efbcd8-63c0-44d5-8879-81f6a4ae9706,2023-06-01 08:36:00,059136e5-beb1-43f4-a3fe-9cc14dd0989b,600,44,644
0d595bdc-9271-442e-b12c-b148a0f287eb,63c89071-7a92-40d7-b793-900c47a5567d,2023-06-01 07:28:00,059136e5-beb1-43f4-a3fe-9cc14dd0989b,600,44,644
ef1415e5-0312-4c0f-926b-b6ae82ece61f,34fbe879-d0cc-45b7-bf6b-da9542a4246f,2023-06-01 13:51:00,059136e5-beb1-43f4-a3fe-9cc14dd0989b,600,44,644
429ef5a4-8a0f-4c42-a031-00575026ec75,3ad06998-11c6-4642-bd7b-e7455a4d6da5,2023-06-01 07:33:00,059136e5-beb1-43f4-a3fe-9cc14dd0989b,600,44,644
7da8bdf0-9d69-48f8-a83c-56cf3ee68696,1323cb5b-d097-4c01-b440-610aa6e586c1,2023-06-01 15:28:00,059136e5-beb1-43f4-a3fe-9cc14dd0989b,600,44,644
f07c814c-c7ba-485b-b3b8-8505d5463ddb,87013cfb-6a3d-4e3c-9e31-884b9f979690,2023-06-01 15:50:00,059136e5-beb1-43f4-a3fe-9cc14dd0989b,500,37,537
ab92cfe6-1b76-4152-86bf-e270a9c27b92,1c40cde4-4c0a-4cc5-8eaa-78b7d34c58eb,2023-06-01 08:52:00,059136e5-beb1-43f4-a3fe-9cc14dd0989b,700,52,752
79c347be-7a80-40e9-bc67-0d0da4a00d05,416ddd70-f0ad-4d6c-8d08-827ca7466f48,2023-06-01 08:09:00,059136e5-beb1-43f4-a3fe-9cc14dd0989b,400,30,430
d917c451-79b3-4f01-8df5-8b48bd139911,6a0e68f2-fede-4f45-b3f8-b0325978c2a8,2023-06-01 08:20:00,059136e5-beb1-43f4-a3fe-9cc14dd0989b,600,44,644
0640cca6-3c99-4612-ae7d-f963a3fe135d,080b2366-0a35-4def-ac8c-f7d8ddbc407d,2023-06-01 08:20:00,059136e5-beb1-43f4-a3fe-9cc14dd0989b,500,37,537
6c60f9a1-b8fb-461f-84f1-4d935b240be5,98136fa4-c411-4fb7-9bed-a26308bbdf32,2023-06-01 08:19:00,059136e5-beb1-43f4-a3fe-9cc14dd0989b,700,52,752
84cc1017-fdd9-4711-8b8b-1e16b0726ff5,fa8db2f2-318b-4fc3-b288-2523bddf013d,2023-06-01 18:49:00,059136e5-beb1-43f4-a3fe-9cc14dd0989b,600,44,644
b557f14d-b430-4760-b2ca-d930214171c7,05345af9-f758-4bca-bb47-3233aedbf543,2023-06-01 17:40:00,059136e5-beb1-43f4-a3fe-9cc14dd0989b,1800,135,1935
09efe1f7-2698-4451-a3e0-c19b71f8dc66,3161ca22-7e0d-46c4-bfb0-c93e62c46ea8,2023-06-01 08:03:00,059136e5-beb1-43f4-a3fe-9cc14dd0989b,600,44,644
61690ec5-d95e-41cd-b50f-651b14ecd788,82f6eacc-b18b-4dec-b170-5510d706e698,2023-06-01 08:05:00,059136e5-beb1-43f4-a3fe-9cc14dd0989b,600,44,644
d49343fa-607c-4bab-8e02-aaa8fc5a8e39,e1ae5473-912b-494f-b4e4-c4323ccb5509,2023-06-01 08:26:00,059136e5-beb1-43f4-a3fe-9cc14dd0989b,600,44,644
b64a4c46-6098-46ed-ad96-c6e1b7dc182c,335ffb1e-5b15-4ad8-bee9-60b00b39f402,2023-06-01 07:56:00,059136e5-beb1-43f4-a3fe-9cc14dd0989b,600,44,644
b6cc2a27-81aa-459e-9b75-81f894c87458,3186b251-cfbc-4073-883d-2d622bb79b96,2023-06-01 08:02:00,059136e5-beb1-43f4-a3fe-9cc14dd0989b,500,37,537
2bbe0be8-e66f-494f-859d-efb69572e2a6,ff548053-cb32-4f33-ada3-42db8f5e72d1,2023-06-01 18:36:00,059136e5-beb1-43f4-a3fe-9cc14dd0989b,2200,165,2365
f839b032-17ac-4a28-9da3-ad61f8cc9f0b,0f5a922a-5641-4941-b276-2b3448dd706f,2023-06-01 07:39:00,059136e5-beb1-43f4-a3fe-9cc14dd0989b,600,44,644
f0686cf7-549c-4628-bfe9-2416945e1b37,d40f4cac-3dde-4451-ae26-8817fa0ac508,2023-06-01 08:01:00,059136e5-beb1-43f4-a3fe-9cc14dd0989b,600,44,644
62439dc9-aeda-4524-a5e0-f8e8047de60c,a685acd1-4a20-43ad-b355-36cf38348906,2023-06-01 19:41:00,059136e5-beb1-43f4-a3fe-9cc14dd0989b,700,52,752
1c42f295-a38a-41f4-90cc-09623cf2d74e,3ddc09e5-5df2-48d6-8451-ab82ed8489e2,2023-06-01 13:13:00,059136e5-beb1-43f4-a3fe-9cc14dd0989b,2200,165,2365
60407600-40e3-42b5-a532-60a929e26b33,da5cd671-cf27-4151-8076-5b2369981a8a,2023-06-01 08:31:00,059136e5-beb1-43f4-a3fe-9cc14dd0989b,600,44,644
869c15ef-7b57-4780-a51a-b3605f614eeb,cf2886d3-4bb9-425f-9842-f6ab89f29851,2023-06-01 08:30:00,059136e5-beb1-43f4-a3fe-9cc14dd0989b,400,30,430
fdb82400-abdf-4add-bfc7-80e74191107b,8afd022f-4b28-4638-856c-b2eb7da37530,2023-06-01 12:00:00,059136e5-beb1-43f4-a3fe-9cc14dd0989b,700,52,752
c6aef937-b8a3-4f01-a473-01f39877ac20,a0d40ec8-67bf-4a0a-acba-00984f72b96a,2023-06-01 14:04:00,059136e5-beb1-43f4-a3fe-9cc14dd0989b,700,52,752
b0eaadc4-0228-4047-a8ec-dbd21e3e819d,f2ea92ed-0bee-479f-80a4-d186c2c16020,2023-06-01 14:08:00,059136e5-beb1-43f4-a3fe-9cc14dd0989b,1800,135,1935
11f6cefc-c62a-46f0-ade1-7ffcfa611ffc,99cd74d7-57ce-4af8-b7ce-2b0f74150ded,2023-06-01 10:58:00,059136e5-beb1-43f4-a3fe-9cc14dd0989b,600,44,644
f98d4423-e2e9-4281-aedc-518f9e39dc18,9929ce1c-11c1-48d6-936f-562518640d5c,2023-06-01 13:24:00,059136e5-beb1-43f4-a3fe-9cc14dd0989b,700,52,752
56835d32-215b-4798-be4b-644765486ff8,537f56af-b73f-4cd3-90e9-5901fb0cf6e1,2023-06-01 08:33:00,059136e5-beb1-43f4-a3fe-9cc14dd0989b,600,44,644
bbdfe71d-5499-4e75-a83f-9893d7ebaa71,deca356d-a271-49eb-a57e-cefebda03b0d,2023-06-01 07:32:00,059136e5-beb1-43f4-a3fe-9cc14dd0989b,500,37,537
1ee54051-35de-4c2c-882e-22772900bc46,cb93f4d2-85c6-416a-9d28-2ebba8219fc2,2023-06-01 08:26:00,059136e5-beb1-43f4-a3fe-9cc14dd0989b,700,52,752
729cae3a-6172-4461-ae23-d16306aa37e5,b6a07bfc-cfe5-4301-acf5-599ec671ed33,2023-06-01 15:54:00,059136e5-beb1-43f4-a3fe-9cc14dd0989b,2000,150,2150
1ff449c3-42ed-4f95-8575-26c7cd879309,bdb34ac4-1425-4a78-ab36-06203eb04d7e,2023-06-01 14:16:00,059136e5-beb1-43f4-a3fe-9cc14dd0989b,1800,135,1935
ab1cc861-65a8-41d0-8fe1-4301d6ee01fd,646780ab-c1fe-4d83-84c6-3a20021869b8,2023-06-01 13:26:00,059136e5-beb1-43f4-a3fe-9cc14dd0989b,600,44,644
595ad1a5-74f0-42e5-8cb4-fb97b644f6bf,5893c78f-be68-4535-87e4-b9e0a3100d8a,2023-06-01 15:10:00,059136e5-beb1-43f4-a3fe-9cc14dd0989b,1700,127,1827
136a3982-827e-47f0-9271-61ea302816ab,5a85894e-8877-4fe8-abc7-25ee8d4f3683,2023-06-01 08:11:00,059136e5-beb1-43f4-a3fe-9cc14dd0989b,700,52,752
69ea2ad2-1dee-4657-96fd-0cf240a010ed,145a1598-5bd8-4864-b1bc-7daefb193a28,2023-06-01 15:52:00,059136e5-beb1-43f4-a3fe-9cc14dd0989b,1600,120,1720
1ed06a4b-1ca2-46ee-b1f6-1a3596f16745,ff167039-ce55-49a9-a653-d00a88d17fc9,2023-06-01 12:13:00,059136e5-beb1-43f4-a3fe-9cc14dd0989b,700,52,752
1b441c4b-e59e-41d8-87b6-447e6f75bb02,3cd5fd88-7f74-4f00-bf62-641e6d5c8743,2023-06-01 07:34:00,059136e5-beb1-43f4-a3fe-9cc14dd0989b,600,44,644
7bbe4630-b7c0-41a6-8116-1dd531074a78,525b7cde-507b-42ab-9ca4-f010a9e8de28,2023-06-01 07:52:00,059136e5-beb1-43f4-a3fe-9cc14dd0989b,600,44,644
918a8f3e-cd79-4b61-8f97-2f66db3d1881,44224fd5-b92c-4619-9508-d36631045e8a,2023-06-01 11:25:00,059136e5-beb1-43f4-a3fe-9cc14dd0989b,1100,82,1182
0634c560-b0d1-48f3-9fff-fb0aa1cb6c97,62f4378e-2f4d-428a-ab62-b2c3950af0f0,2023-06-01 14:47:00,059136e5-beb1-43f4-a3fe-9cc14dd0989b,400,30,430
50d5acfe-b0d7-41f9-9eb8-d459ce6b53c7,f2d3b7b6-cb0d-4ad8-ab6d-d428c7f48c29,2023-06-01 11:25:00,059136e5-beb1-43f4-a3fe-9cc14dd0989b,600,44,644
7e4d8adf-5299-4541-9879-e0eb58330e87,35b4c9ee-b015-4921-8fb3-e18d94ba2acf,2023-06-01 08:11:00,059136e5-beb1-43f4-a3fe-9cc14dd0989b,700,52,752
265018aa-f0e5-475e-a0de-a8ee6d5a9506,ee7c3fb3-ed03-4efb-af8d-ddcec90a202a,2023-06-01 07:25:00,059136e5-beb1-43f4-a3fe-9cc14dd0989b,1600,120,1720
624b635c-a002-41ee-8571-9999ed51a82e,429f4082-8e25-42a4-8b71-03eb45a90da2,2023-06-01 17:28:00,059136e5-beb1-43f4-a3fe-9cc14dd0989b,1600,120,1720
6b65ffca-ebbf-4e91-aa1f-2341dbffa8a3,c1acbc40-5acf-4438-a21b-2b260df6a4bb,2023-06-01 08:44:00,059136e5-beb1-43f4-a3fe-9cc14dd0989b,700,52,752
77454dfc-9c27-4347-bfd8-68af5a31e4f6,29272c1d-470c-4452-b97c-2666adaaa2f1,2023-06-01 13:56:00,059136e5-beb1-43f4-a3fe-9cc14dd0989b,1700,127,1827
23463321-22ca-47e7-ba8b-11e3c7725489,eb946b01-b4e4-4e83-921f-8bdfa6bf8779,2023-06-01 07:56:00,059136e5-beb1-43f4-a3fe-9cc14dd0989b,700,52,752
85b0e1a8-9f56-4652-b7d7-7ac44fb0cc18,081fc5fe-a7fa-4c01-91bc-e6a535fc566e,2023-06-01 10:49:00,059136e5-beb1-43f4-a3fe-9cc14dd0989b,2200,165,2365
bd684376-4735-43fb-a273-a88604e22892,179447a8-7285-4bb4-a34a-03071446d270,2023-06-01 08:12:00,059136e5-beb1-43f4-a3fe-9cc14dd0989b,600,44,644
95bf35fd-26b6-4afd-8db1-9dd78f39f01f,508ad1fb-30cb-4403-a945-efca555fc603,2023-06-01 12:32:00,059136e5-beb1-43f4-a3fe-9cc14dd0989b,500,37,537
11076e53-dd18-44a8-be47-f8fdae81de40,c67e5298-2e23-483d-9271-f3a407d60b98,2023-06-01 07:40:00,059136e5-beb1-43f4-a3fe-9cc14dd0989b,600,44,644
711cfe21-a8e6-4c47-93dc-96ad184187c1,7881f065-465b-4e32-a7e5-688fb2bbb84e,2023-06-01 08:46:00,059136e5-beb1-43f4-a3fe-9cc14dd0989b,700,52,752
dbb3637d-8da0-49b1-8fb9-509c2887ffeb,ec70abb1-0f2b-4f84-8df9-c07a3d01ce2d,2023-06-01 07:37:00,059136e5-beb1-43f4-a3fe-9cc14dd0989b,600,44,644
695cf54b-84f5-4f91-b042-6a1c250b1c5f,4bc8d1b3-b47e-4bb4-8531-37a7694b301a,2023-06-01 07:29:00,059136e5-beb1-43f4-a3fe-9cc14dd0989b,500,37,537
b1a85ac1-a2f6-4977-9c47-014cc84a640e,cfbb01a6-b92f-49e8-b0ad-73c464ec17b0,2023-06-01 07:00:00,059136e5-beb1-43f4-a3fe-9cc14dd0989b,600,44,644
7aba5612-9576-4e75-a063-f214ba85255f,3e0a9ecf-66f7-42c2-8ff6-28dbe97fadce,2023-06-01 18:36:00,059136e5-beb1-43f4-a3fe-9cc14dd0989b,1800,135,1935
6c9d9965-d269-42ea-946b-5f6514581a1b,6760fa7e-0ff8-4391-bc15-ebc006f502a7,2023-06-01 15:28:00,059136e5-beb1-43f4-a3fe-9cc14dd0989b,500,37,537
2a07746f-0e5e-49bb-b3ad-51bfef1c8588,78fdcf56-3a2e-4c02-b8c1-2268dc126226,2023-06-01 12:28:00,059136e5-beb1-43f4-a3fe-9cc14dd0989b,600,44,644
0f785572-a6ac-483a-8824-2b61780412c2,b933b8d1-2777-4f0a-a2da-d98923e7b020,2023-06-01 08:30:00,059136e5-beb1-43f4-a3fe-9cc14dd0989b,600,44,644
6a5f8673-8d16-4dd0-b0e5-aeede5cf1d26,c94f282d-c27f-43b3-9a37-89551f87c760,2023-06-01 07:21:00,059136e5-beb1-43f4-a3fe-9cc14dd0989b,500,37,537
5a2c9d15-a52b-4f98-8e74-6777ddeccc68,223b2d25-636a-4e2e-af36-e18af1f6ede8,2023-06-01 14:15:00,059136e5-beb1-43f4-a3fe-9cc14dd0989b,600,44,644
43085a36-9e0d-4ce6-9fcf-e46c638bafc1,8031e143-2b42-4f78-ab00-4368a3dd4e0f,2023-06-01 13:45:00,059136e5-beb1-43f4-a3fe-9cc14dd0989b,2200,165,2365
54030a71-08e3-4ab4-b482-eaa9b79bc823,aeffa343-3fd6-48bd-96c4-f0d427f3e16d,2023-06-01 10:51:00,059136e5-beb1-43f4-a3fe-9cc14dd0989b,700,52,752
262797ba-1329-4e35-aff1-2cd86dca7ce9,5387a336-309f-46ad-8ff0-c88002123cd1,2023-06-01 09:40:00,059136e5-beb1-43f4-a3fe-9cc14dd0989b,600,44,644
0ecd91a1-d5c4-4901-b5a1-60942bc24796,34481e71-4145-49cc-8497-35c0025c84c3,2023-06-01 13:10:00,059136e5-beb1-43f4-a3fe-9cc14dd0989b,400,30,430
6582b0aa-688d-4ba3-8740-31b5807d456d,48a627c0-ee76-49ed-a973-831b71164cf6,2023-06-01 09:58:00,059136e5-beb1-43f4-a3fe-9cc14dd0989b,500,37,537
3077212b-6374-4c3b-8487-c9f2c50e2e13,8437dbcc-d837-403b-93dd-6b6b89046f67,2023-06-01 08:23:00,059136e5-beb1-43f4-a3fe-9cc14dd0989b,500,37,537
5c7ccad3-1a0c-4905-9cde-14faa1225f14,b6b3e2f5-352e-401a-967f-e80b22835181,2023-06-01 08:19:00,059136e5-beb1-43f4-a3fe-9cc14dd0989b,700,52,752
32d245d9-9b5b-4b09-83e5-4f3d2ab3127e,be772447-4e61-4f84-aaf4-1631d43476f6,2023-06-01 09:48:00,059136e5-beb1-43f4-a3fe-9cc14dd0989b,2700,202,2902
87895222-d63f-4002-9b80-3e4630c8058c,529aeb1a-d311-4a43-884e-e717d5e3cad0,2023-06-01 15:48:00,059136e5-beb1-43f4-a3fe-9cc14dd0989b,600,44,644
13844977-438e-4a65-9b4e-666d7a3db611,90cc7c61-1525-466e-96a5-004a27f62856,2023-06-01 12:41:00,059136e5-beb1-43f4-a3fe-9cc14dd0989b,1800,135,1935
40872547-fc81-40fd-88cc-ca7936a6c1f1,9ed84a6c-24d1-4a91-91d7-7e3b9667fb75,2023-06-01 10:14:00,059136e5-beb1-43f4-a3fe-9cc14dd0989b,1900,142,2042
7729396e-435c-4cab-b9f3-c24d71a50ee9,5c367221-1359-47c9-87cb-44b94201fe2d,2023-06-01 15:06:00,059136e5-beb1-43f4-a3fe-9cc14dd0989b,500,37,537
fe611ead-6092-49a9-95a7-8488a2579059,9f4289a0-4b05-47f1-b00d-68800d9fe2ef,2023-06-01 15:14:00,059136e5-beb1-43f4-a3fe-9cc14dd0989b,1000,75,1075
07323110-256e-49cf-a6e0-5a4736e3bc48,a733246c-0410-466a-bd38-18b2581844f8,2023-06-01 16:31:00,059136e5-beb1-43f4-a3fe-9cc14dd0989b,700,52,752
17e7795d-03de-43eb-b57a-2031a3cae3f0,95d94379-7e44-44b8-869c-b0c1a76573f9,2023-06-01 07:53:00,059136e5-beb1-43f4-a3fe-9cc14dd0989b,700,52,752
749e011c-4fd4-4f90-8a93-f39eba22cf6c,bf526f3f-3326-4dee-a147-afdb0b21f9d0,2023-06-01 07:52:00,059136e5-beb1-43f4-a3fe-9cc14dd0989b,700,52,752
f80b6a6e-5dca-4854-a8eb-a6b153ed0d65,980904e6-1f3f-4d1c-9941-bf341f315e6e,2023-06-01 08:17:00,059136e5-beb1-43f4-a3fe-9cc14dd0989b,400,30,430
8829fcd5-e4ac-4295-bae2-c1f1922b2764,fc4e6603-cce0-44d4-b235-be8819d5525a,2023-06-01 15:48:00,059136e5-beb1-43f4-a3fe-9cc14dd0989b,1700,127,1827
a7c99adc-a17f-47d3-a1cb-4f1b8f6204c6,61658487-1dbc-4dfc-bb5e-cc6862adf39a,2023-06-01 07:27:00,059136e5-beb1-43f4-a3fe-9cc14dd0989b,600,44,644
9a0ea350-2bf3-45c8-8b53-aa3ed5fb49b3,1ab259b8-43b5-44cd-b62a-a043943be6be,2023-06-01 09:37:00,059136e5-beb1-43f4-a3fe-9cc14dd0989b,0,0,0
0babb0d8-cc7e-4508-846e-bd4409011d05,71febbc1-2d32-460b-adee-3fe28d05d862,2023-06-01 08:11:00,059136e5-beb1-43f4-a3fe-9cc14dd0989b,600,44,644
ca1cdde4-ab3a-430c-893f-e917ba0e1bd2,1983b588-cc8c-4486-9324-15dde1e28b95,2023-06-01 08:23:00,059136e5-beb1-43f4-a3fe-9cc14dd0989b,400,30,430
29f5e50f-9442-4bba-82a9-6487481f3b1d,f9235efd-9086-44e7-9a3e-6690eacebd47,2023-06-01 07:35:00,059136e5-beb1-43f4-a3fe-9cc14dd0989b,500,37,537
f7cee3cd-54d6-4fa3-8945-8517bf7035e3,9975d2cb-8b6a-4d55-9cd7-65b71f75b675,2023-06-01 07:51:00,059136e5-beb1-43f4-a3fe-9cc14dd0989b,600,44,644
a1d14405-4671-472e-af62-15090fdf1dee,8241d5ee-dc4e-4450-adeb-952f814563f6,2023-06-01 09:59:00,059136e5-beb1-43f4-a3fe-9cc14dd0989b,700,52,752
889920ad-bc43-446a-83f2-def0fa96805a,bc2e69d4-ac6e-4377-bf7b-e90fb40aad98,2023-06-01 10:31:00,059136e5-beb1-43f4-a3fe-9cc14dd0989b,4000,300,4300
093bccd7-d2de-447c-ac18-1f7992e320f4,bc968d3f-f335-49c5-b7d1-a1c1b2c0df9d,2023-06-01 08:54:00,059136e5-beb1-43f4-a3fe-9cc14dd0989b,1100,82,1182
a2bd1071-1aa2-4ebb-b953-c013dfb1ea0a,1e221d26-6807-4370-b901-a5ac94702440,2023-06-01 11:14:00,059136e5-beb1-43f4-a3fe-9cc14dd0989b,600,44,644
44439a54-9a3d-43a7-b1d4-9a9436ccad89,239b8d39-765a-472e-8b88-611bdc0e7812,2023-06-01 07:15:00,059136e5-beb1-43f4-a3fe-9cc14dd0989b,600,44,644
d8990582-2673-4d15-9045-17dbe4ab8eaf,6fcb3e33-b407-4fad-a95e-92178dcd8a34,2023-06-01 09:05:00,059136e5-beb1-43f4-a3fe-9cc14dd0989b,400,30,430
36724016-ae25-4f7d-8db1-0ffd53e5fd6a,8164d8c7-ed86-48e2-ba04-4b693a90a81a,2023-06-01 11:35:00,059136e5-beb1-43f4-a3fe-9cc14dd0989b,1200,89,1289
9e6a108a-0c1b-41bf-afda-d0460ed930d0,ecb3a8a1-642b-4103-a093-12773210926e,2023-06-01 15:28:00,059136e5-beb1-43f4-a3fe-9cc14dd0989b,1900,142,2042
9390b2ea-173a-445d-90f2-4ae6781267ef,04c195d4-4dc6-47ab-8951-45427e72b536,2023-06-01 11:43:00,059136e5-beb1-43f4-a3fe-9cc14dd0989b,600,44,644
cf0e9e1d-bc78-49e8-b904-beaf12bbcfcd,3888e62f-5ebe-49cf-93e8-70e8eb32a0de,2023-06-01 08:10:00,059136e5-beb1-43f4-a3fe-9cc14dd0989b,500,37,537
9f699894-c56d-4c1e-b862-53863cb6e715,c085eeee-229f-4875-866c-4edc1617d158,2023-06-01 08:00:00,059136e5-beb1-43f4-a3fe-9cc14dd0989b,600,44,644
06f58d4d-ea6c-42de-bad0-b7259b0ab2e1,b99f585b-4ca3-44d8-ad60-fba8444d6a54,2023-06-01 09:03:00,b5941a70-cf63-407e-8c24-c979e7f61e45,2300,92,2392
3e33c1c7-f418-4a43-b6fd-2e918edfe4a7,34e3fa3a-3e73-4d2a-bd8f-4aeb7d8b2231,2023-06-01 16:26:00,b5941a70-cf63-407e-8c24-c979e7f61e45,600,24,624
fa80af8c-977a-40c4-b2bc-8c335ac8e2a8,52b125df-443d-44c5-bfc6-8a5f3124d3ef,2023-06-01 16:58:00,b5941a70-cf63-407e-8c24-c979e7f61e45,400,16,416
deb88657-b444-422a-b322-40b4ee70dfe3,c1204cb7-2364-40d5-8a6b-d3c001faae6f,2023-06-01 08:44:00,b5941a70-cf63-407e-8c24-c979e7f61e45,600,24,624
bc7147ba-18ef-4770-97f6-2fcdbf7b1dfb,def6a9d5-036b-4315-998b-47908bc1c8ad,2023-06-01 07:00:00,b5941a70-cf63-407e-8c24-c979e7f61e45,700,28,728
b392559d-7a67-4870-aab2-30bc718ae5e8,fa793654-137e-43d4-b206-81e8119b1b4e,2023-06-01 14:24:00,b5941a70-cf63-407e-8c24-c979e7f61e45,600,24,624
6d0d2f38-21fb-40d0-b803-761b09daf1c5,b348e89f-677a-4d48-a58b-b4c9448f50a1,2023-06-01 08:01:00,b5941a70-cf63-407e-8c24-c979e7f61e45,400,16,416
f3b68031-af38-443a-adcf-64dd995a3456,8903ed0e-aebe-4557-b8ac-6a0b252ebdbe,2023-06-01 08:16:00,b5941a70-cf63-407e-8c24-c979e7f61e45,400,16,416
6527a57d-4b75-48bc-975c-b1e84cacb3ab,2b95812c-96e3-4c71-b994-40bd090d6422,2023-06-01 09:37:00,b5941a70-cf63-407e-8c24-c979e7f61e45,400,16,416
5800e9d8-e59d-448a-bb9e-4c7087ae1038,cfe678c2-234b-4b62-809d-8caee64e6323,2023-06-01 07:40:00,b5941a70-cf63-407e-8c24-c979e7f61e45,400,16,416
4c025199-2308-4ef5-9ff1-c6eec925ad81,c736210a-434f-4b33-955c-6fdf5e35768c,2023-06-01 14:42:00,b5941a70-cf63-407e-8c24-c979e7f61e45,1500,60,1560
a964b852-4b38-4bc9-87f4-5961165c1d0f,1fae0647-4b82-491d-87b6-ea025c9256a3,2023-06-01 17:14:00,b5941a70-cf63-407e-8c24-c979e7f61e45,1600,64,1664
dd7a6495-42a5-419c-b7ab-1d2c10ee9b24,e4d7d41d-35a6-4e84-89d9-d475369a8b15,2023-06-01 14:19:00,b5941a70-cf63-407e-8c24-c979e7f61e45,600,24,624
98d13362-2342-49f1-8ca6-43aa44063829,3fd94dc1-a86f-4596-88c9-1653eff665a6,2023-06-01 15:30:00,b5941a70-cf63-407e-8c24-c979e7f61e45,600,24,624
970c9553-1494-419e-ba2c-f510b8b576ad,863da1ea-a81b-4946-b9d9-3194617e23d8,2023-06-01 12:04:00,b5941a70-cf63-407e-8c24-c979e7f61e45,1800,72,1872
93e2dee2-97a7-4a8f-bdb5-bb29c5cd15a5,4e5b9daf-b244-4898-87df-7b1b1eb21c5f,2023-06-01 11:54:00,b5941a70-cf63-407e-8c24-c979e7f61e45,1800,72,1872
9c4957b6-3376-49c0-ab47-2af641a7364f,d3c03d2b-e214-4128-b959-7cbb00080b81,2023-06-01 07:58:00,b5941a70-cf63-407e-8c24-c979e7f61e45,700,28,728
eefbea4c-c7b6-4b4a-ab6a-691f50a6ecf7,e835ed2d-f124-4491-ac98-63c5d43f5b22,2023-06-01 08:48:00,b5941a70-cf63-407e-8c24-c979e7f61e45,500,20,520
95ce269e-f56b-4266-9c0a-997da8fb5bec,84446a2a-0a45-4348-9c17-8317f660ad1d,2023-06-01 07:58:00,b5941a70-cf63-407e-8c24-c979e7f61e45,700,28,728
abfc2237-db95-4536-8764-10bd92205886,855ad166-da80-4dee-8c53-b239e364b074,2023-06-01 07:44:00,b5941a70-cf63-407e-8c24-c979e7f61e45,500,20,520
b97bb348-cf89-4238-8118-f7bba115979f,9f09c473-3854-4d8e-8123-09976c23a1b9,2023-06-01 07:48:00,b5941a70-cf63-407e-8c24-c979e7f61e45,500,20,520
aae27916-ca0b-4c98-86a0-d68999eac1c0,35cb739c-aa7a-4612-b4d0-01c8e37a6c7f,2023-06-01 12:58:00,b5941a70-cf63-407e-8c24-c979e7f61e45,2400,96,2496
05a83f80-7c1e-4a2f-bdf3-d2a5279f4464,ec867770-aa2f-425e-8f03-4269cb2c8432,2023-06-01 16:03:00,b5941a70-cf63-407e-8c24-c979e7f61e45,400,16,416
fd53bec3-f9d9-49c6-8df1-6cb7de7a265c,5c09e8de-d715-48d6-a75f-b3edcb24f737,2023-06-01 12:04:00,b5941a70-cf63-407e-8c24-c979e7f61e45,400,16,416
fa767591-408a-49b0-8ba4-d70568d70709,bf200f85-febd-42c5-be55-f8285e5f92c1,2023-06-01 08:28:00,b5941a70-cf63-407e-8c24-c979e7f61e45,700,28,728
d6311556-7a82-4cdf-a24e-622fd9264c95,9f61b897-87a5-4341-b000-d7a1a681ee58,2023-06-01 16:04:00,b5941a70-cf63-407e-8c24-c979e7f61e45,400,16,416
26ef7ffa-0f60-491d-a531-dc487a495130,9bc4dd2a-a233-4f6a-a56d-5855cf3ba908,2023-06-01 16:08:00,b5941a70-cf63-407e-8c24-c979e7f61e45,1700,68,1768
e9bd5560-bc1e-43fc-ade0-be348e9175fe,a3cce527-a7ce-45c1-88eb-1e35f39d9d7d,2023-06-01 11:44:00,b5941a70-cf63-407e-8c24-c979e7f61e45,3400,136,3536
f8410c99-392a-4f77-ba6d-961d01b7746e,38e487ca-cf63-4a0a-a0ea-4eb06aa1c914,2023-06-01 18:54:00,b5941a70-cf63-407e-8c24-c979e7f61e45,1700,68,1768
e6cbfb48-2253-4c03-8879-f9e62a2719ef,3026827e-4594-4e12-9104-4393294a37c1,2023-06-01 07:31:00,b5941a70-cf63-407e-8c24-c979e7f61e45,600,24,624
b55cc013-ad27-4b3b-835f-d1807e6c2c27,a52016eb-4b27-48c0-b3a0-f34fb0fc0ca8,2023-06-01 08:20:00,b5941a70-cf63-407e-8c24-c979e7f61e45,600,24,624
191b0644-9e7a-4e16-8a80-440c21a90d24,49eeffff-dad6-4307-984c-99e7add468e3,2023-06-01 15:47:00,b5941a70-cf63-407e-8c24-c979e7f61e45,2000,80,2080
4eb5938f-0247-4594-bc7c-29e1307a21bb,b634ac19-b773-47fa-9bea-3e85ba225eab,2023-06-01 17:56:00,b5941a70-cf63-407e-8c24-c979e7f61e45,1700,68,1768
ca5ae47e-b253-45a9-b439-b63d53ed800d,d520e1c0-909a-4413-a2a1-e8f27b7751b3,2023-06-01 11:33:00,b5941a70-cf63-407e-8c24-c979e7f61e45,400,16,416
ee0cd1ec-b28f-47aa-aec5-e4b780930425,5f9d6e13-18b2-47d0-8f5d-6acc5cdf4a27,2023-06-01 08:01:00,b5941a70-cf63-407e-8c24-c979e7f61e45,700,28,728
eab04c8d-cf07-4d15-9fea-b6a824539a67,6555ae72-a22c-4480-a4e6-26cee8a445be,2023-06-01 16:58:00,b5941a70-cf63-407e-8c24-c979e7f61e45,700,28,728
d52197d8-c4f6-42a5-83bb-3047afbbdfc7,89bb868a-8886-49a5-aa72-5e3a25626304,2023-06-01 08:38:00,b5941a70-cf63-407e-8c24-c979e7f61e45,400,16,416
d2e56e13-bc25-46e1-9c7e-fcac1ce0d492,810f2190-c36f-4061-be67-f071ea5b49f9,2023-06-01 08:15:00,b5941a70-cf63-407e-8c24-c979e7f61e45,600,24,624
27ad1ef7-7c47-4185-ba05-66e61c5ee622,13bed8da-2e02-4e0b-8258-df34a7c2d850,2023-06-01 12:10:00,b5941a70-cf63-407e-8c24-c979e7f61e45,500,20,520
4b863d74-ae79-4144-abb1-664d617e2111,431cb83d-f3aa-4b3d-8263-0e4c31ea214a,2023-06-01 14:01:00,b5941a70-cf63-407e-8c24-c979e7f61e45,700,28,728
4082e6d0-37ed-4a14-9f71-550a3f6ad4ed,1d038e79-3c65-497e-bb01-4fe602bac78b,2023-06-01 15:40:00,b5941a70-cf63-407e-8c24-c979e7f61e45,2300,92,2392
5f07885b-8aa8-4864-910d-1061052cba54,58661011-90b9-46de-a9c1-8e1f17803683,2023-06-01 08:21:00,b5941a70-cf63-407e-8c24-c979e7f61e45,700,28,728
c783a514-b9ad-4892-9d9c-cec39273cf7d,82c401a8-0323-4d08-ac5c-94d255bbf98f,2023-06-01 07:23:00,b5941a70-cf63-407e-8c24-c979e7f61e45,600,24,624
5350c604-4e5e-499c-bbe4-844c3e88c71d,57542780-7d0d-4011-a4c6-2130ee9171eb,2023-06-01 11:42:00,b5941a70-cf63-407e-8c24-c979e7f61e45,500,20,520
a951d3d3-23e5-4ddb-948d-db1e85ac5886,c72ef573-7104-4b39-b0e3-c1e356d7852d,2023-06-01 15:53:00,b5941a70-cf63-407e-8c24-c979e7f61e45,2600,104,2704
d918632c-54e8-49df-942e-4f4d129c92d7,3edc512f-6a6e-47a4-8b78-d15efb3b5e04,2023-06-01 07:34:00,b5941a70-cf63-407e-8c24-c979e7f61e45,700,28,728
1de7dd31-4991-4ad5-a1e6-86639acfe95f,c7c559d5-03ff-4091-8ad8-9a0334051778,2023-06-01 12:25:00,b5941a70-cf63-407e-8c24-c979e7f61e45,600,24,624
bd764ee3-4015-46ba-bed1-6da26a1c9244,8c5fa099-c06b-40f4-89d4-8cf99468b397,2023-06-01 08:43:00,b5941a70-cf63-407e-8c24-c979e7f61e45,600,24,624
fbbfee74-aab9-4807-9870-c8fba3621dd8,ca5ef5f0-0607-4476-b0a6-40717d0c8a13,2023-06-01 15:48:00,b5941a70-cf63-407e-8c24-c979e7f61e45,400,16,416
f8963aa5-9b5c-4383-9721-e075890cd6e1,cf9d7199-1173-46cf-9a15-c3bbca414e26,2023-06-01 15:21:00,b5941a70-cf63-407e-8c24-c979e7f61e45,1800,72,1872
0deb72e6-1081-4d39-97f2-0cfc15bc5038,e16637ca-b05a-4c31-a176-d2419ec2e18a,2023-06-01 16:02:00,b5941a70-cf63-407e-8c24-c979e7f61e45,700,28,728
8cf5b11e-0d57-49e6-a5cf-6ce97f5e2da2,2babb6b1-3132-4f19-9f73-1ffc0feb4354,2023-06-01 11:10:00,b5941a70-cf63-407e-8c24-c979e7f61e45,1600,64,1664
5dc9e5d7-60c7-4dad-adf7-dc6c592c1907,596caac8-7411-4225-9b52-3a11d72f2653,2023-06-01 08:22:00,b5941a70-cf63-407e-8c24-c979e7f61e45,400,16,416
7a7d5c53-a257-4277-8b19-dec2a3ba1e2d,a921920a-817e-4311-8a3b-c77f11b97964,2023-06-01 16:39:00,b5941a70-cf63-407e-8c24-c979e7f61e45,1700,68,1768
13eb35ea-e91f-4fd0-9a34-3a2f92d5631b,20d3c912-c56f-4e52-81f5-0270797ca85a,2023-06-01 10:29:00,b5941a70-cf63-407e-8c24-c979e7f61e45,600,24,624
e060a39b-f5fc-48c1-88b1-fe8d7223f22b,a539224e-6827-4978-a90a-98965dc8bf1a,2023-06-01 16:34:00,b5941a70-cf63-407e-8c24-c979e7f61e45,400,16,416
4eed0d5b-f36b-4cbb-8d1d-a52f29306638,b5e4f088-535a-4d1a-9dfc-1f0f1a5bbb31,2023-06-01 12:27:00,b5941a70-cf63-407e-8c24-c979e7f61e45,1700,68,1768
ca85855d-5f7e-4705-8e78-1b1f81df2ebb,fc665220-686d-4e6c-aebc-5eccbf9e7900,2023-06-01 14:22:00,b5941a70-cf63-407e-8c24-c979e7f61e45,800,32,832
a5f2bc55-47d2-44ea-bb79-41a76d5a1fed,612ba113-a667-4f6c-88ff-4719d9b8bd6d,2023-06-01 07:47:00,b5941a70-cf63-407e-8c24-c979e7f61e45,600,24,624
b1dca89c-3477-48dc-842e-246024510cc1,d2e1ff33-c440-48ba-bdf6-644644ae2ec5,2023-06-01 13:51:00,b5941a70-cf63-407e-8c24-c979e7f61e45,500,20,520
024b60f8-49da-4ead-ad45-319351e3be55,5f850358-6038-4f2e-a7f6-9ad8be127665,2023-06-01 07:28:00,b5941a70-cf63-407e-8c24-c979e7f61e45,600,24,624
7324fcd2-9158-48d2-b74c-62673afd6da3,2e5a7c29-d023-4b29-bd40-b25b4959d544,2023-06-01 13:21:00,b5941a70-cf63-407e-8c24-c979e7f61e45,1800,72,1872
d0e4d26f-6338-42e9-be16-c7da5afa81a1,4eb25e8b-f2da-4daf-89c8-26ee5427b154,2023-06-01 16:45:00,b5941a70-cf63-407e-8c24-c979e7f61e45,1200,48,1248
9534555f-3da5-4db8-a2d3-d2bea071c9d2,37ae6c25-9a54-4bd2-b8ce-8ff408aad37c,2023-06-01 12:21:00,b5941a70-cf63-407e-8c24-c979e7f61e45,500,20,520
207efd91-a120-4a68-b782-a296dc2edfca,f25ea7d3-6c3c-4726-8089-64ceb86635c0,2023-06-01 15:30:00,b5941a70-cf63-407e-8c24-c979e7f61e45,1000,40,1040
6fb7e41c-1689-41e0-9f4c-fd1a00897612,9d330313-dfc3-4167-8d1e-7010f0360e77,2023-06-01 08:28:00,b5941a70-cf63-407e-8c24-c979e7f61e45,600,24,624
2ec2304c-d555-4482-8c6a-02cf6c57144e,6faee88c-1462-4014-aab0-303e19e38765,2023-06-01 07:54:00,b5941a70-cf63-407e-8c24-c979e7f61e45,400,16,416
b4b52bf0-42f4-4e63-a998-cb4a72b8ddf0,bf8dfc01-63c1-4fad-bc87-f235d190076e,2023-06-01 07:00:00,b5941a70-cf63-407e-8c24-c979e7f61e45,400,16,416
362e56bb-0056-45cb-a666-5330d379c1f5,d67db81a-4d2e-4a5a-a1e1-70e3b973dad8,2023-06-01 08:23:00,b5941a70-cf63-407e-8c24-c979e7f61e45,400,16,416
ede110a8-3a4b-4338-ad5d-6b8cac9e13e7,805df221-8701-4577-bc0b-d5ecfbf9334b,2023-06-01 14:36:00,b5941a70-cf63-407e-8c24-c979e7f61e45,700,28,728
b533037a-4cba-4851-8bc1-e6b42a25679a,99b17443-411b-490a-a48e-a04b3366df95,2023-06-01 07:54:00,b5941a70-cf63-407e-8c24-c979e7f61e45,700,28,728
bdf57aac-f8dd-4537-bf99-8e12fd013720,92426ac9-fb06-489a-b934-4d0a34e875a2,2023-06-01 13:43:00,b5941a70-cf63-407e-8c24-c979e7f61e45,1800,72,1872
83f180dd-6ea5-42f0-87ad-f7f0eb263bbb,99b32ca4-6c29-4f95-86a4-210f753a423e,2023-06-01 08:02:00,b5941a70-cf63-407e-8c24-c979e7f61e45,500,20,520
b9f5cec0-62e0-404b-973e-84f4369d072b,67a854b8-54c7-40ee-b9f9-e7b0f261bbb1,2023-06-01 11:43:00,b5941a70-cf63-407e-8c24-c979e7f61e45,400,16,416
711277eb-f229-494c-99e5-71c29be43bf1,c3faf033-87ae-476c-972d-033dc9c309b3,2023-06-01 08:18:00,b5941a70-cf63-407e-8c24-c979e7f61e45,600,24,624
9a451422-346a-4aa1-bf73-825e4a1a9bd0,caf3b5dd-09de-4781-9daf-083849d3346b,2023-06-01 14:49:00,b5941a70-cf63-407e-8c24-c979e7f61e45,1000,40,1040
d72db9aa-09f3-44b4-98b2-c1d8c0abca4f,cf5542a6-e935-4ac0-83e2-0c9ff00c5ed6,2023-06-01 08:16:00,b5941a70-cf63-407e-8c24-c979e7f61e45,600,24,624
e9d005be-21ac-4bfc-9d0f-6fcb15da7b10,34cb0169-3ac1-4245-9231-04033d687345,2023-06-01 17:10:00,b5941a70-cf63-407e-8c24-c979e7f61e45,400,16,416
996c4590-52da-4a9b-aab3-aca8be33e96e,ac8f873e-ffa7-42bf-9f3a-11d00e4c98e1,2023-06-01 13:34:00,b5941a70-cf63-407e-8c24-c979e7f61e45,600,24,624
f22ec235-90ad-41f7-8249-b9c4d247affc,dd84de96-1d22-4cc4-a92d-64c9cd3e7d1d,2023-06-01 07:44:00,b5941a70-cf63-407e-8c24-c979e7f61e45,500,20,520
a7d7cf7a-8d77-4ce9-8bd7-41a8a4a89c12,dc2823ec-0bc9-4530-9ff3-eccb8e52587a,2023-06-01 08:20:00,b5941a70-cf63-407e-8c24-c979e7f61e45,600,24,624
c27deddf-55f5-4648-a16f-d80f100e72c4,1bb7c24c-4831-468b-bef3-93d9c1ac3849,2023-06-01 16:03:00,b5941a70-cf63-407e-8c24-c979e7f61e45,1700,68,1768
5259a3bb-af61-4cb3-95cc-6d08d55eacda,a493497f-f0cb-4f9d-84b6-4a09288e870d,2023-06-01 18:06:00,b5941a70-cf63-407e-8c24-c979e7f61e45,1700,68,1768
0db66ebd-f95f-4fb2-ae70-66dcb672c9b4,c32286df-cafb-4e3d-b0b6-bf0fff1f4f0f,2023-06-01 13:42:00,b5941a70-cf63-407e-8c24-c979e7f61e45,1200,48,1248
d8c7ae68-c874-40ee-b434-1623cb50728b,475da3ae-e2eb-4a82-899f-a4d48f805e0e,2023-06-01 08:19:00,b5941a70-cf63-407e-8c24-c979e7f61e45,600,24,624
ee2b7622-b954-4bf1-97f1-0dbab9c225d0,281dca33-a2f6-49ab-8e09-565598b69e26,2023-06-01 15:34:00,b5941a70-cf63-407e-8c24-c979e7f61e45,1700,68,1768
5928a765-dc37-4b5c-bb36-ddae1ed619ca,fb8ec21d-7aa5-428c-ab41-cfc21aaa5a6a,2023-06-01 13:38:00,b5941a70-cf63-407e-8c24-c979e7f61e45,1700,68,1768
554f7d2b-e43e-4aa8-ad3b-2e8504be9c32,5fd88fba-3fdd-4be3-b693-023235215d66,2023-06-01 10:06:00,b5941a70-cf63-407e-8c24-c979e7f61e45,1200,48,1248
44595596-4008-4919-8953-34e39c21ac41,c797a15c-8e33-48e1-a362-afd706f8cbaa,2023-06-01 14:41:00,b5941a70-cf63-407e-8c24-c979e7f61e45,1600,64,1664
1bd3be0a-3ba1-4caa-9f0e-3c16a8c0056a,dea4bee6-4b99-475c-98f3-d45fa666d228,2023-06-01 07:39:00,b5941a70-cf63-407e-8c24-c979e7f61e45,600,24,624
5789825e-d423-48bf-90bd-4bdc3f5ab577,f66664e6-6ea7-4524-95fb-4ecd18c7a220,2023-06-01 11:16:00,b5941a70-cf63-407e-8c24-c979e7f61e45,2600,104,2704
f1a9f333-79ad-41a9-b4d2-3488a3b5038e,a443515b-c5ea-4400-a9b4-1618a5764390,2023-06-01 07:42:00,b5941a70-cf63-407e-8c24-c979e7f61e45,600,24,624
bb500de6-a4a4-42a7-98f7-063e47019c3a,fb19d959-ff98-44ce-9265-c57eb1f19b1b,2023-06-01 07:43:00,b5941a70-cf63-407e-8c24-c979e7f61e45,500,20,520
202926a5-6097-4256-bac9-dda384efdf43,5014751e-3349-4a92-8345-60743b1f057f,2023-06-01 08:08:00,b5941a70-cf63-407e-8c24-c979e7f61e45,500,20,520
90d0de73-72bf-4e21-89e3-d401020ee8bf,a2a1225b-f682-44c7-a2fe-66bf11875462,2023-06-01 15:13:00,b5941a70-cf63-407e-8c24-c979e7f61e45,600,24,624
e319194d-8c95-4564-a7e1-56b6f4a901b1,18d1b601-fd5c-4893-827a-f391df2d07dc,2023-06-01 08:44:00,b5941a70-cf63-407e-8c24-c979e7f61e45,1900,76,1976
24cbea2c-4b7c-4f82-96b0-16e643496d27,18f2f19f-5893-49ed-94d6-e0ff3e31fdbc,2023-06-01 14:17:00,b5941a70-cf63-407e-8c24-c979e7f61e45,700,28,728
65b40d95-09be-4072-9e1c-8152e87e9f9f,615c2b61-925a-454f-8302-0ff235595665,2023-06-01 09:26:00,b5941a70-cf63-407e-8c24-c979e7f61e45,0,0,0
42ee4fff-96dd-4fbf-b699-73edbddbd85e,2a0619ff-f171-4f1c-ae52-f1154c40b924,2023-06-01 11:48:00,b5941a70-cf63-407e-8c24-c979e7f61e45,3800,152,3952
fe8d676d-b19f-4668-8418-fd0f06038c6c,eea76b70-f6e9-4d1d-8969-112cf1bede15,2023-06-01 08:17:00,b5941a70-cf63-407e-8c24-c979e7f61e45,400,16,416
403fad6a-c473-4fc5-b38e-e20806eb87c9,fc0a74be-b00b-4fee-a08a-b65438c8f712,2023-06-01 18:40:00,b5941a70-cf63-407e-8c24-c979e7f61e45,1900,76,1976
ed36069d-98e0-415c-9291-911099532844,de2c905c-62ed-4d9f-bf34-2d7c90034c4c,2023-06-01 15:46:00,b5941a70-cf63-407e-8c24-c979e7f61e45,1100,44,1144
95aaaa13-a411-4423-a35b-2e2d55effff9,78f8bb3f-1498-4095-b11b-a9c643056197,2023-06-01 07:59:00,b5941a70-cf63-407e-8c24-c979e7f61e45,400,16,416
1cef8912-17b5-415b-b925-2b2689ca8189,575e6a52-60aa-4d2e-88fb-c24afb554e5e,2023-06-01 11:57:00,b5941a70-cf63-407e-8c24-c979e7f61e45,400,16,416
73064f63-0127-43ea-a23b-433ed70ce443,45772ecd-ec76-4928-9f56-9853b21d12fd,2023-06-01 13:31:00,b5941a70-cf63-407e-8c24-c979e7f61e45,600,24,624
1027a981-4158-4194-842c-0115c7000f68,ee3bf5de-51b0-471c-8fc8-83fdb65d2089,2023-06-01 10:02:00,b5941a70-cf63-407e-8c24-c979e7f61e45,500,20,520
bcca292f-b643-446d-8a23-349342c17418,2de13ec9-859e-41d0-bda4-b848cf153f54,2023-06-01 15:48:00,b5941a70-cf63-407e-8c24-c979e7f61e45,1700,68,1768
6c1f0e92-9437-4825-ad59-2b310382118d,64ae60bd-9702-4342-8766-2996c32f2161,2023-06-01 08:28:00,b5941a70-cf63-407e-8c24-c979e7f61e45,600,24,624
523322e9-8bb3-4202-800c-e4d2c41260c7,3a0320ef-2ab5-4253-b221-8e09a98e50a3,2023-06-01 11:12:00,b5941a70-cf63-407e-8c24-c979e7f61e45,600,24,624
e7029143-e226-43b1-b193-9fe025df2285,dab67da9-65e8-4fde-ab3d-3370cdb5a9a3,2023-06-01 08:37:00,b5941a70-cf63-407e-8c24-c979e7f61e45,500,20,520
350ed5a7-4b77-4fee-a379-581c328363c6,0d412b28-b5a1-4cea-a1f5-869ea07f821d,2023-06-01 07:48:00,b5941a70-cf63-407e-8c24-c979e7f61e45,600,24,624
f2068b6b-8de6-4258-bd70-1c7cad5f2f52,a2d5c680-5dfa-4c55-8a64-5f2353ac92e9,2023-06-01 08:38:00,b5941a70-cf63-407e-8c24-c979e7f61e45,600,24,624
aadabcec-eb09-48c7-8bf1-8222e3e10329,96a0e34a-c91b-43c3-a6b7-c87030bc1171,2023-06-01 12:56:00,b5941a70-cf63-407e-8c24-c979e7f61e45,500,20,520
ae00b0ae-9646-4cd6-844e-8bc92c7ee63b,bb93c5a0-2544-4151-b8e0-8d22fb4b6c8d,2023-06-01 09:01:00,b5941a70-cf63-407e-8c24-c979e7f61e45,600,24,624
b316065a-4898-4929-acbc-1859a271e8c8,1623a070-caac-4de1-be52-23974b2f1806,2023-06-01 07:54:00,b5941a70-cf63-407e-8c24-c979e7f61e45,700,28,728
2544a6a5-b0be-4db4-92f0-63ae6506086f,c2cff44b-8573-42be-b3e3-d2deb524c228,2023-06-01 08:00:00,b5941a70-cf63-407e-8c24-c979e7f61e45,600,24,624
44252a97-d055-4379-b91d-3a43783d381e,9b5611f7-2998-4617-a471-2a797e4403d5,2023-06-01 08:24:00,b5941a70-cf63-407e-8c24-c979e7f61e45,400,16,416
99a1c478-860a-43e2-b96c-a824f915d104,3c05a1bf-1e47-4e78-a5f7-eaa41e8954ce,2023-06-01 12:10:00,b5941a70-cf63-407e-8c24-c979e7f61e45,600,24,624
665b2233-85d9-4d1d-a5ce-a75480d4d7c5,aab76d2f-7bb6-40df-9caf-5bb0239d9be0,2023-06-01 13:11:00,b5941a70-cf63-407e-8c24-c979e7f61e45,600,24,624
f683853b-e0d4-4c79-a715-fdb3c65508e9,56f5e8d6-f6fa-42d4-b15c-284e8707dbce,2023-06-01 11:04:00,b5941a70-cf63-407e-8c24-c979e7f61e45,900,36,936
fbb181ee-5b9f-4eef-b65c-9b1015242d9e,242de275-bad2-4f2e-afa4-7dd9ad56d239,2023-06-01 15:46:00,b5941a70-cf63-407e-8c24-c979e7f61e45,2000,80,2080
f39fb9e9-b322-4963-80bc-7a91326352d8,936d1ff6-3e00-4b99-8b1b-239b29bdf6a7,2023-06-01 12:20:00,b5941a70-cf63-407e-8c24-c979e7f61e45,600,24,624
200daea9-fc0b-4fca-bf94-ca31e2aef7a7,d7fb7e89-b4b9-4504-ba2a-2e421619e418,2023-06-01 14:19:00,b5941a70-cf63-407e-8c24-c979e7f61e45,600,24,624
f24fa74e-a752-4b81-92d8-7a9c205843b7,9ecb6f7d-bfec-4f50-b3d6-0f49ead22191,2023-06-01 13:25:00,b5941a70-cf63-407e-8c24-c979e7f61e45,700,28,728
22facec6-f727-473a-a910-4ddcbe152b25,3f442476-f77e-4e32-b935-aec1f3c4f788,2023-06-01 07:00:00,b5941a70-cf63-407e-8c24-c979e7f61e45,700,28,728
5bc47997-1147-433b-9c25-360061fbebfb,d5d4a5a0-dd76-437a-98ee-452bc4cc56a2,2023-06-01 11:58:00,b5941a70-cf63-407e-8c24-c979e7f61e45,2600,104,2704
dedf9469-6d59-4c07-85fe-50cc623b10ad,347aaca0-4db6-4e60-ad89-2b61a4032cd6,2023-06-01 08:42:00,b5941a70-cf63-407e-8c24-c979e7f61e45,600,24,624
cbd810c1-632b-47c5-96bc-2580ca879e28,8d1bb153-3cbc-4d4c-8bb1-542dea3e3ac7,2023-06-01 16:32:00,b5941a70-cf63-407e-8c24-c979e7f61e45,1700,68,1768
1542f4a6-a33f-4b1f-8866-ad6df08492bb,84dfa460-b42f-4d62-86a7-14fc86267d3f,2023-06-01 08:11:00,b5941a70-cf63-407e-8c24-c979e7f61e45,500,20,520
78c2b070-225e-4a55-8d05-fd7761112fed,cee21671-06de-4819-8862-21cc56c74858,2023-06-01 11:40:00,b5941a70-cf63-407e-8c24-c979e7f61e45,500,20,520
9a61a4c3-b88f-422e-81e4-f8f7bbc55e28,deb2aaa1-a28d-4c98-aa82-8908b5c5704a,2023-06-01 07:51:00,b5941a70-cf63-407e-8c24-c979e7f61e45,400,16,416
d32dc552-d238-44e8-a967-6b15abfecd50,c1f1aec3-4baa-4122-85ab-2e030e48d90b,2023-06-01 17:29:00,b5941a70-cf63-407e-8c24-c979e7f61e45,700,28,728
d0dc7729-c976-4f1e-905a-7a55acfa70b4,c2ad7787-dfe9-4b11-b2ce-bf30b5f3687d,2023-06-01 16:00:00,b5941a70-cf63-407e-8c24-c979e7f61e45,400,16,416
330ad371-99c3-4ece-90c3-a62933b87d15,dc5e8e7f-8d11-4bdc-91f5-9e0a2d3c9ad3,2023-06-01 08:13:00,b5941a70-cf63-407e-8c24-c979e7f61e45,600,24,624
797f7c02-1b76-4e37-8846-c035a5199f4f,d155fd8e-22d5-4146-9443-7deca68b07e3,2023-06-01 11:59:00,b5941a70-cf63-407e-8c24-c979e7f61e45,500,20,520
01586c01-27c6-4927-97f2-8f8f1e64c812,5c652666-a538-4cba-8ced-42f0076f90f2,2023-06-01 08:18:00,b5941a70-cf63-407e-8c24-c979e7f61e45,400,16,416
31eadbd4-d838-4846-a930-abe8d6f626b2,b1319ef3-0643-4d00-acbd-def7acaa1d88,2023-06-01 17:53:00,b5941a70-cf63-407e-8c24-c979e7f61e45,1800,72,1872
7b82b608-f594-4151-b94e-8102ab57cc05,d780399f-ddd5-43dd-9016-4b8fde6102f6,2023-06-01 07:32:00,b5941a70-cf63-407e-8c24-c979e7f61e45,400,16,416
3489b1aa-0c86-4dcf-8394-f2b088124828,ffbaa8ff-9fbc-4001-a903-59836c797117,2023-06-01 09:42:00,b5941a70-cf63-407e-8c24-c979e7f61e45,2200,88,2288
8298cf6e-5380-49d3-a85c-ce787457ce53,d48775a5-8b7b-44fb-8c0f-dbbee9df0097,2023-06-01 07:57:00,b5941a70-cf63-407e-8c24-c979e7f61e45,400,16,416
330cb677-d2dd-41e8-bf94-dcc867236acf,dfa74ab3-c15a-4bbd-97b8-ed1ae9e4567f,2023-06-01 14:34:00,b5941a70-cf63-407e-8c24-c979e7f61e45,700,28,728
52981d49-20aa-48ec-88d8-d1914bcd3e03,1dfc436c-1fa3-45d3-ae34-9c1dc98ab63e,2023-06-01 08:27:00,b5941a70-cf63-407e-8c24-c979e7f61e45,1500,60,1560
ec851961-571c-4716-b40c-48742d89a598,2f6af405-d569-4a59-bb5c-4a6e120317d8,2023-06-01 08:30:00,b5941a70-cf63-407e-8c24-c979e7f61e45,600,24,624
768fdb10-17b3-4896-9808-2c74612c2948,09ff8664-87e2-4157-9c0e-8ce35842860d,2023-06-01 09:03:00,b5941a70-cf63-407e-8c24-c979e7f61e45,600,24,624
1ce47a02-8769-45c7-a259-5f814663483e,4f7f7512-8d29-42ff-ab4e-dc85fc8a8263,2023-06-01 18:05:00,b5941a70-cf63-407e-8c24-c979e7f61e45,2000,80,2080
5d9a4403-6463-4f1f-812f-f51f04aee9df,57c6c2b0-e2f9-402c-bcf4-0d3c52cd16c8,2023-06-01 07:29:00,b5941a70-cf63-407e-8c24-c979e7f61e45,500,20,520
cf831ca3-2627-4db5-b389-325d6a904854,157e3e8b-d51a-47bc-a86d-07a1fd743c84,2023-06-01 07:24:00,b5941a70-cf63-407e-8c24-c979e7f61e45,600,24,624
866c0eed-2f5f-4eab-8fe9-6e7e4c900ae0,570253ab-523e-4653-ab6e-34ece733b11c,2023-06-01 10:56:00,b5941a70-cf63-407e-8c24-c979e7f61e45,1000,40,1040
4e4887bf-4e9e-49f1-9db5-781e054f6a50,220ce8d0-aa81-4e3e-ab19-72030bbc4861,2023-06-01 17:53:00,b5941a70-cf63-407e-8c24-c979e7f61e45,600,24,624
1b827c23-ed53-4546-a8fa-0e33349dc73c,e05f0150-7ec1-4c59-8a6a-d2d29675b858,2023-06-01 11:59:00,b5941a70-cf63-407e-8c24-c979e7f61e45,2200,88,2288
77652861-5dfc-4dc6-8fd6-9f6490501f48,96644abe-2cf5-4106-9ac1-bdfb88e3fa95,2023-06-01 14:16:00,b5941a70-cf63-407e-8c24-c979e7f61e45,1800,72,1872
99027664-e8e8-4514-95d2-630bc74e1edb,808a94c7-7a67-4894-bb08-79e474ed271e,2023-06-01 13:27:00,b5941a70-cf63-407e-8c24-c979e7f61e45,1800,72,1872
e4641978-2e45-4a15-9cba-397fed9cb084,6132247f-6f8b-44b1-b413-ba0496c400d4,2023-06-01 13:16:00,b5941a70-cf63-407e-8c24-c979e7f61e45,1200,48,1248
4395772a-feb6-40dd-a68c-120b887ac749,0e6a03f3-0e7b-49c1-ac39-423dc1ac8636,2023-06-01 14:37:00,b5941a70-cf63-407e-8c24-c979e7f61e45,500,20,520
4115c23d-c8e5-49f5-b173-6df2f9ee95e0,567dfb44-437c-405b-b2ef-0d1f10f47c9d,2023-06-01 07:44:00,b5941a70-cf63-407e-8c24-c979e7f61e45,500,20,520
0bbde9c7-4a79-4f1b-9a9a-605151bab9dd,0036c498-6d2c-40fb-af0f-92432b8718bf,2023-06-01 07:29:00,b5941a70-cf63-407e-8c24-c979e7f61e45,600,24,624
22f31290-95af-4287-9a07-c225c0ea93db,27cfdd1c-0f4b-49fc-be05-69c85ca32ec9,2023-06-01 07:00:00,b5941a70-cf63-407e-8c24-c979e7f61e45,1800,72,1872
069738e6-ac54-4436-8cec-f6d3a28942f8,4fa84c10-1eeb-4d1e-a0eb-a9cad5d3857a,2023-06-01 18:34:00,b5941a70-cf63-407e-8c24-c979e7f61e45,2000,80,2080
d6eb9254-7727-4b61-a126-ef9d8825876e,85ebb880-ebb4-472b-ab66-1dabc11c201a,2023-06-01 13:00:00,b5941a70-cf63-407e-8c24-c979e7f61e45,500,20,520
2c57e163-71a1-44dc-9fb9-2778226241f3,13984d5f-4868-4031-8a3b-7240b963cd41,2023-06-01 07:52:00,b5941a70-cf63-407e-8c24-c979e7f61e45,500,20,520
cb84d2cf-f344-4c56-866a-0e9e6d6bb8ad,6ee92fc3-196c-4f81-b063-115ba8cbc26f,2023-06-01 13:32:00,b5941a70-cf63-407e-8c24-c979e7f61e45,600,24,624
3546af6a-75c3-4b17-9fa5-b34728e1c749,c75adf32-8908-4fab-a877-132b9cb25d69,2023-06-01 14:53:00,b5941a70-cf63-407e-8c24-c979e7f61e45,400,16,416
d987a911-3efa-41d0-8711-2f5cfc7f5b34,cb93d5ec-4d83-458a-9601-f3b8982e5faa,2023-06-01 07:12:00,b5941a70-cf63-407e-8c24-c979e7f61e45,600,24,624
29c9ac15-528e-4edb-be58-b26ae784694d,5df63f2e-723a-455f-83d3-d3918002449b,2023-06-01 07:59:00,b5941a70-cf63-407e-8c24-c979e7f61e45,700,28,728
139e2f64-47b1-4994-851c-de7789e384cc,fc774722-89fe-4438-ada1-786425c11614,2023-06-01 17:06:00,b5941a70-cf63-407e-8c24-c979e7f61e45,600,24,624
8568eb7e-b0fa-4db7-8167-10a2edcf0d90,787f14f1-546f-4170-86a7-d3650975ea5b,2023-06-01 14:42:00,b5941a70-cf63-407e-8c24-c979e7f61e45,700,28,728
38097a97-e0d8-4460-8520-9cd8f1e467de,c79c2398-ec1d-40c3-acb8-b95f93ca96dc,2023-06-01 14:46:00,b5941a70-cf63-407e-8c24-c979e7f61e45,1200,48,1248
f2188100-f630-415c-992f-147bd4d87502,186a4f42-32f6-456d-922d-b2d8c2a9d0bd,2023-06-01 13:18:00,b5941a70-cf63-407e-8c24-c979e7f61e45,500,20,520
a3f23024-750c-461b-8c73-0478c8910116,bcfc514d-c182-42a0-b84e-de154eac94c1,2023-06-01 07:32:00,b5941a70-cf63-407e-8c24-c979e7f61e45,600,24,624
e003a58c-77a6-46e4-89cb-c760883512bc,da4f26c8-8268-4f57-b631-33897a927a9a,2023-06-01 19:03:00,b5941a70-cf63-407e-8c24-c979e7f61e45,1200,48,1248
dd5192fb-f07d-4bed-bd76-fbdbfad17169,3f396eff-3b67-454d-a783-e6306bf440e8,2023-06-01 12:37:00,b5941a70-cf63-407e-8c24-c979e7f61e45,400,16,416
d40ab9cc-3b68-4478-a95b-3ece292ec153,5809f003-2708-420f-bcea-034ef0c1ca3c,2023-06-01 18:49:00,b5941a70-cf63-407e-8c24-c979e7f61e45,400,16,416
7e5f921f-d2f2-4243-af35-06ddda17db99,0127f387-2025-4b20-95b4-c7fdfdc08887,2023-06-01 18:28:00,b5941a70-cf63-407e-8c24-c979e7f61e45,700,28,728
0dd1a6eb-e3b4-4669-8890-7efd15c75808,c9193ac6-0dbf-45a7-ab09-d2dbcb8e3cbf,2023-06-01 13:13:00,b5941a70-cf63-407e-8c24-c979e7f61e45,1700,68,1768
92091501-db30-4624-820d-a69655a7b400,a38f7258-c871-49d4-89e1-f535dcb60dc3,2023-06-01 13:49:00,b5941a70-cf63-407e-8c24-c979e7f61e45,1700,68,1768
a93deee6-7140-44a1-89e6-c6b91c65118d,b56a2eff-91be-42e4-925a-98acdfc8dcbe,2023-06-01 14:41:00,b5941a70-cf63-407e-8c24-c979e7f61e45,2000,80,2080
5e5ec220-04b3-4783-b86c-fd5a39a97b39,ec097b3c-c5fd-41c4-a44b-376431dd9bfc,2023-06-01 15:40:00,b5941a70-cf63-407e-8c24-c979e7f61e45,1100,44,1144
e7df7a93-7990-4638-ba0f-db69c56a1450,e972e2ef-2344-47cb-91fc-b6e1b2f82ac9,2023-06-01 18:00:00,b5941a70-cf63-407e-8c24-c979e7f61e45,1600,64,1664
cd808c31-83b7-429d-a70a-1c0cdf98e272,310540d1-8503-4470-8f4b-81ccd6135a4a,2023-06-01 08:34:00,b5941a70-cf63-407e-8c24-c979e7f61e45,700,28,728
2ef78c31-427e-4dc9-968d-0adf502ecf8e,9cabb6de-db70-4794-a40c-57d0be0c639c,2023-06-01 08:20:00,b5941a70-cf63-407e-8c24-c979e7f61e45,700,28,728
fc77fdd1-bbdb-48e0-848d-683dcb859c3a,23b40fa9-2c00-4076-beb3-52cc40ebecb9,2023-06-01 07:54:00,b5941a70-cf63-407e-8c24-c979e7f61e45,600,24,624
92624645-3a66-4eb7-98df-8a96618889b7,5af1ac42-915d-4609-afff-4a73eb170b50,2023-06-01 13:53:00,b5941a70-cf63-407e-8c24-c979e7f61e45,400,16,416
9a38e79b-79e9-4f1b-bbfb-284cd32f826d,afe8270b-5329-4218-a4c8-e6832a92afd8,2023-06-01 07:46:00,b5941a70-cf63-407e-8c24-c979e7f61e45,400,16,416
43d5b1ae-5788-4a2c-a9be-302a0279c9dc,9038b25f-a757-4ad9-957c-bf9c897bf7f7,2023-06-01 14:05:00,b5941a70-cf63-407e-8c24-c979e7f61e45,1800,72,1872
56a0856a-5d9d-47e8-b4ea-532c1c84e8ad,125ca5d7-df9a-4025-91b8-e0f428d43068,2023-06-01 09:07:00,b5941a70-cf63-407e-8c24-c979e7f61e45,600,24,624
41fee79d-6114-4a27-9d6b-b1c50104b319,45ea5caf-d5c3-4772-a218-c6c7413e64fe,2023-06-01 15:43:00,b5941a70-cf63-407e-8c24-c979e7f61e45,500,20,520
358a31b7-5aba-47e7-a282-cc5d15d38635,56489e8f-ff4e-46c9-ae0f-1b337da5bfae,2023-06-01 12:23:00,b5941a70-cf63-407e-8c24-c979e7f61e45,1100,44,1144
9c407de8-277d-4982-a61f-0f1fd83b7a72,b589328d-e095-4f24-8b43-598650d7987b,2023-06-01 14:37:00,b5941a70-cf63-407e-8c24-c979e7f61e45,1600,64,1664
8ce28c64-806d-4607-af61-5291fba4fa1f,6ab56a90-712e-4866-8d4a-fb1b7a086de2,2023-06-01 16:21:00,b5941a70-cf63-407e-8c24-c979e7f61e45,700,28,728
bc665071-12a2-4c55-83fb-eed3236e54ca,49b9328f-15ce-4610-b926-f7455687982f,2023-06-01 07:40:00,b5941a70-cf63-407e-8c24-c979e7f61e45,600,24,624
eab0a509-ede8-4b50-ad9a-22171a6ddbb9,bbed6a52-9761-4c8c-bbee-a25121e2f690,2023-06-01 13:33:00,b5941a70-cf63-407e-8c24-c979e7f61e45,600,24,624
f5876c89-4829-4620-994b-f0c66677d4a7,01b06b2c-1ad5-4112-a37a-61ebdeb7236d,2023-06-01 07:54:00,b5941a70-cf63-407e-8c24-c979e7f61e45,500,20,520
e7733203-48b2-4060-af9f-9e1683a51f62,0f4b96f1-0b6f-45ab-929b-98c3e847436f,2023-06-01 16:53:00,b5941a70-cf63-407e-8c24-c979e7f61e45,600,24,624
b8e3782a-e4b8-420f-ac7c-8cf30a27a16c,afcec46d-e1b4-4419-bf05-9316e3dde336,2023-06-01 08:04:00,b5941a70-cf63-407e-8c24-c979e7f61e45,400,16,416
1ef195ab-931f-48c6-8d70-b4c409d2b641,58251ac9-f1f8-459a-afc2-e12577112356,2023-06-01 07:50:00,b5941a70-cf63-407e-8c24-c979e7f61e45,700,28,728
007ae51e-e54b-4a73-868c-76c97ebbedd2,3a9926ef-6401-4560-8b6f-e379a863961c,2023-06-01 07:50:00,b5941a70-cf63-407e-8c24-c979e7f61e45,700,28,728
39bfa2b2-10d2-4d43-ba2a-a413b4c06837,35ef9a20-373b-49a0-94e7-a652a49ad546,2023-06-01 10:44:00,b5941a70-cf63-407e-8c24-c979e7f61e45,500,20,520
4a64232d-4e46-463d-8623-e607bba9dabe,1d0db805-775f-4a21-93a9-685c78ded448,2023-06-01 07:38:00,b5941a70-cf63-407e-8c24-c979e7f61e45,700,28,728
fdbab351-f386-40e2-b8c6-36540b78d628,30fba204-135e-4e71-a1a8-1c94ddb2c0da,2023-06-01 07:15:00,b5941a70-cf63-407e-8c24-c979e7f61e45,500,20,520
5384affc-031c-4043-9280-7a8fb9a18a6c,c4cece21-cc77-4ff3-a9bf-7193c1e488b3,2023-06-01 12:49:00,b5941a70-cf63-407e-8c24-c979e7f61e45,600,24,624
b32cb54d-9d4d-4695-8997-b7fbe0a27f9a,fb398617-4d10-4ba7-a36e-b66cd127c45d,2023-06-01 07:19:00,b5941a70-cf63-407e-8c24-c979e7f61e45,400,16,416
37aed2a6-676a-43a8-b452-d66cf76b4b7b,37c34e7b-e45c-47db-9e3b-264d25b1933c,2023-06-01 10:12:00,b5941a70-cf63-407e-8c24-c979e7f61e45,600,24,624
04e995b4-c348-44e6-a6bf-e1ef1a49a8cf,3b3487d9-712c-4d93-9cd6-2c8d7e759c76,2023-06-01 07:32:00,b5941a70-cf63-407e-8c24-c979e7f61e45,500,20,520
dd39f673-c1dc-4bbe-9a1e-e0656cafbbb5,8143b925-a728-45dc-90e2-770dc299a5d0,2023-06-01 07:42:00,b5941a70-cf63-407e-8c24-c979e7f61e45,400,16,416
fd93d4a3-eb5c-4099-8219-dd8fb131bd94,c7ba7c0b-dcbd-432b-a25d-5f19f08ee302,2023-06-01 13:56:00,b5941a70-cf63-407e-8c24-c979e7f61e45,400,16,416
6707ad00-bc40-45b7-ba1b-f2784a7ed75d,a233190a-52a9-4cf7-9a10-17472b86c1d9,2023-06-01 07:41:00,b5941a70-cf63-407e-8c24-c979e7f61e45,500,20,520
7affbcb5-9f12-44ef-b1ef-b931ce278dd2,0e36bc6f-6b9f-4c73-bf81-4de9c05bd1f7,2023-06-01 07:43:00,b5941a70-cf63-407e-8c24-c979e7f61e45,600,24,624
05761d7c-9d05-418a-919a-bd91d3fdaf1e,1a675d7b-a1eb-4f6f-95dc-3e742f3773c9,2023-06-01 18:12:00,b5941a70-cf63-407e-8c24-c979e7f61e45,600,24,624
b551d09f-27a5-4311-a829-b588fa83e3af,c1582622-5de3-4f41-846c-28d3d78fedaa,2023-06-01 12:13:00,b5941a70-cf63-407e-8c24-c979e7f61e45,1700,68,1768
9db584e0-7dfc-4db2-bfa7-c7ce5775f191,4818cfac-6545-4c77-b041-6f063a63ddf4,2023-06-01 08:15:00,b5941a70-cf63-407e-8c24-c979e7f61e45,400,16,416
1aaa9f25-03e5-44d1-b4bf-0b60016a857d,d3d3d406-1198-463b-a8df-6b9971422816,2023-06-01 16:20:00,b5941a70-cf63-407e-8c24-c979e7f61e45,600,24,624
949d83f6-04be-46a7-81f6-263cf5477f06,f3cbed3f-752a-4169-bb29-5bf932fd648c,2023-06-01 14:50:00,b5941a70-cf63-407e-8c24-c979e7f61e45,3800,152,3952
c7feed67-33b1-4fec-83b9-9ed2f13882db,81175ca9-2369-4e1b-823e-472ff9cb0241,2023-06-01 13:39:00,b5941a70-cf63-407e-8c24-c979e7f61e45,700,28,728
89016649-da97-4ee5-9447-78f0dd33b1ab,735200b4-2828-4349-96cd-860b863fb154,2023-06-01 08:46:00,b5941a70-cf63-407e-8c24-c979e7f61e45,700,28,728
d1a338eb-5cac-43a0-91c7-d9b6c27c11e0,8ecaec4c-7372-4d3c-9e1a-067e0f658cde,2023-06-01 16:00:00,b5941a70-cf63-407e-8c24-c979e7f61e45,700,28,728
1350b212-685e-45e9-adb3-26d146a5b584,d835a1eb-6636-4c11-a778-5321e636c7e3,2023-06-01 15:57:00,b5941a70-cf63-407e-8c24-c979e7f61e45,700,28,728
f34602d1-a1b0-474c-b727-78e531bec746,77312b67-634b-44fa-afff-84cd492294dd,2023-06-01 07:00:00,b5941a70-cf63-407e-8c24-c979e7f61e45,600,24,624
333861e5-f6ec-4969-bd0e-15a20086b09c,157f19e9-dabb-402d-a24a-1a3daad4390a,2023-06-01 07:37:00,b5941a70-cf63-407e-8c24-c979e7f61e45,400,16,416
93d0fd22-bf47-4864-b1f9-85a3fcbefeff,057d6adc-0a93-4e10-a0ad-eecde498a471,2023-06-01 10:45:00,b5941a70-cf63-407e-8c24-c979e7f61e45,700,28,728
001c831d-8b23-41f1-ae82-5dc0405554b3,c1cfdf53-a54d-4650-b94f-c186d4ef6a33,2023-06-01 08:19:00,b5941a70-cf63-407e-8c24-c979e7f61e45,600,24,624
80ae00f5-a9c8-490d-8fb6-7b203fba181e,6adaa027-c693-435e-89eb-a9bbb5e44b8a,2023-06-01 08:48:00,b5941a70-cf63-407e-8c24-c979e7f61e45,600,24,624
0f1d45cb-b8db-47c7-a740-30c3c398917f,3e137f30-9049-4d26-b807-213d23a47ff4,2023-06-01 08:15:00,b5941a70-cf63-407e-8c24-c979e7f61e45,500,20,520
620e282a-c61c-4133-af2d-1db3a3444789,12bb6504-a73d-4841-9f4b-f77ff5056ebb,2023-06-01 15:57:00,b5941a70-cf63-407e-8c24-c979e7f61e45,1700,68,1768
1846a686-8399-4c78-a511-35e73d3def4f,8310a031-3027-4e50-9668-13752414d69d,2023-06-01 08:40:00,b5941a70-cf63-407e-8c24-c979e7f61e45,400,16,416
458c0bc7-fa74-4c19-ae02-c1b89121e5b1,fd116e0a-17ff-4891-b76a-87564104c894,2023-06-01 13:57:00,b5941a70-cf63-407e-8c24-c979e7f61e45,600,24,624
d1657971-cf9c-4511-9abe-08ef2eeaac2b,4476c00f-aa7a-469a-b999-2d09393919f0,2023-06-01 07:06:00,b5941a70-cf63-407e-8c24-c979e7f61e45,500,20,520
61ae91c3-3bd1-4362-b336-f2e2fff0a355,5e2f8308-17ff-4a1b-aaf0-7ee5789d624f,2023-06-01 07:41:00,b5941a70-cf63-407e-8c24-c979e7f61e45,400,16,416
95c645d0-a2e6-4103-982a-d03b9c4d31bc,965ad9dd-b607-4df4-aeb6-2484cd649486,2023-06-01 10:15:00,b5941a70-cf63-407e-8c24-c979e7f61e45,600,24,624
1e6ee523-aa97-45fa-a7cf-a690a4c2c82d,ce73e748-777f-45ec-9020-2d2cfdb45972,2023-06-01 15:55:00,b5941a70-cf63-407e-8c24-c979e7f61e45,1600,64,1664
f81ed6be-ae90-49f9-84f5-9c1e2000c7fe,330cb663-b876-4a71-aad8-b579d5c68a41,2023-06-01 13:42:00,b5941a70-cf63-407e-8c24-c979e7f61e45,500,20,520
a254a0ae-6ba2-4e4d-8e68-ce0182cbc6d2,83a9211f-46b5-46e9-83ff-21fcb2333b9d,2023-06-01 10:12:00,b5941a70-cf63-407e-8c24-c979e7f61e45,400,16,416
af598b24-8057-48a1-a5be-353e9cb0ea92,8a56193e-7740-40eb-84fc-cfbed31c5b23,2023-06-01 07:22:00,b5941a70-cf63-407e-8c24-c979e7f61e45,600,24,624
1eede000-e347-4482-a443-c8c611ed1200,4bacdb26-77a5-499d-8369-54f7bc613311,2023-06-01 07:59:00,b5941a70-cf63-407e-8c24-c979e7f61e45,2900,115,3015
c3457009-a5fc-448f-984a-ea2c3b0fa2d4,94eed14f-8001-4b43-8f44-165f49fd933d,2023-06-01 11:10:00,b5941a70-cf63-407e-8c24-c979e7f61e45,400,16,416
48f8510e-3e75-4e2c-ba00-f55ca02eb1a1,b47a07e8-cf4b-416d-baf5-4eab119a0a08,2023-06-01 19:38:00,b5941a70-cf63-407e-8c24-c979e7f61e45,600,24,624
7782a382-c19a-4d3b-98b7-fc87174bfef9,711f6709-f3ba-47b2-a1b8-64c4ee16d2f8,2023-06-01 17:06:00,b5941a70-cf63-407e-8c24-c979e7f61e45,1800,72,1872
4c9652e2-7e07-457e-a3f2-d5a11274a811,32d287f3-b003-4c28-925c-26ffc6847227,2023-06-01 18:57:00,b5941a70-cf63-407e-8c24-c979e7f61e45,1100,44,1144
c645e693-52b8-4be7-bec8-be68ea93638d,b4831ea7-1598-4d5a-8e8f-8f7a3fc9fd2a,2023-06-01 08:00:00,b5941a70-cf63-407e-8c24-c979e7f61e45,600,24,624
83e3573e-6f05-42bd-b10d-1fc8c58ff873,e1381e43-7e52-4fde-bb54-70721c780d75,2023-06-01 07:51:00,b5941a70-cf63-407e-8c24-c979e7f61e45,400,16,416
58456034-8d6a-4f7e-941a-9daf2e778bb0,51c70362-b335-415c-aedb-b03180cdcc0e,2023-06-01 13:10:00,b5941a70-cf63-407e-8c24-c979e7f61e45,400,16,416
a5ff16d6-6df1-4f8e-bfe5-e81ed703767a,ef92459f-9ed1-44f8-bc84-2af20287f25e,2023-06-01 07:26:00,b5941a70-cf63-407e-8c24-c979e7f61e45,400,16,416
c63a2ebd-4104-4431-86e8-3674cd5f1aeb,aca4d865-17e7-4668-be18-d81a17da3466,2023-06-01 19:04:00,b5941a70-cf63-407e-8c24-c979e7f61e45,600,24,624
8999d68b-a91d-4a80-82b7-794c0ed63000,413bce01-ac7a-4af0-8c49-23cd68b4aab5,2023-06-01 14:53:00,b5941a70-cf63-407e-8c24-c979e7f61e45,900,36,936
d458088b-7c0f-4d64-bf04-4a3009845fef,64141f13-bf43-4c2a-86ae-1f78687ace7b,2023-06-01 11:44:00,b5941a70-cf63-407e-8c24-c979e7f61e45,400,16,416
a11d909c-cba9-4ad4-a667-f1a1a3afa2d7,4c002b7f-15e5-4722-80a2-e29fdacffe4c,2023-06-01 07:27:00,b5941a70-cf63-407e-8c24-c979e7f61e45,700,28,728
2b635126-24fb-4e0d-8b6e-95865a2d55c7,6e64cd75-e932-49b0-b502-2525f0d050d0,2023-06-01 18:08:00,b5941a70-cf63-407e-8c24-c979e7f61e45,500,20,520
29b033e9-afd1-446b-aa24-a8923ec3e93e,3c3c6349-1759-4e94-a39b-d577360a9edf,2023-06-01 17:03:00,b5941a70-cf63-407e-8c24-c979e7f61e45,1500,60,1560
bfa6fdb4-7109-4cc9-91dc-38eb44fcd7f1,2a13d116-9ce5-4898-8b8d-af7d504361a1,2023-06-01 15:48:00,b5941a70-cf63-407e-8c24-c979e7f61e45,400,16,416
7ed87bd5-2dec-4a3b-a5cc-be475020df92,2c53805a-8a5d-4835-a8a5-363ded197da1,2023-06-01 08:07:00,b5941a70-cf63-407e-8c24-c979e7f61e45,700,28,728
507d1978-794e-4ac6-bd36-62090553369d,ab048a38-1f12-4bca-ab42-1b40682f705b,2023-06-01 11:32:00,b5941a70-cf63-407e-8c24-c979e7f61e45,700,28,728
9879fa37-afd1-4362-ac1a-1012fd8e8047,4824e242-620a-44a3-b4aa-6d34b7342b87,2023-06-01 08:23:00,b5941a70-cf63-407e-8c24-c979e7f61e45,400,16,416
6e705466-3cf2-4bc3-a399-3a7f6a2ba505,e33acab5-9a67-4a77-9171-e8674a44c7c9,2023-06-01 14:39:00,b5941a70-cf63-407e-8c24-c979e7f61e45,2200,88,2288
c6f4025a-267f-4a22-a828-667ff209fdba,ddbfab2a-b55c-4cf6-92d0-62446994c2e0,2023-06-01 14:32:00,b5941a70-cf63-407e-8c24-c979e7f61e45,400,16,416
9e81c44d-b8c4-44cf-8da5-d7d1ff2d6938,f27dbbe4-c022-49a0-978f-6e63a21a1f18,2023-06-01 14:53:00,b5941a70-cf63-407e-8c24-c979e7f61e45,600,24,624
3acdc0e6-e842-4102-8c4b-58cdfcc81226,31841c6e-3c17-459f-825f-4fe37783068f,2023-06-01 15:36:00,b5941a70-cf63-407e-8c24-c979e7f61e45,600,24,624
4bd438d8-71ed-4644-a1db-4c14ee2c947b,e54b719a-48b9-4990-b26b-ac3103c62963,2023-06-01 08:26:00,b5941a70-cf63-407e-8c24-c979e7f61e45,500,20,520
23493bc1-091f-48aa-bc63-a3271c4917d9,9d6095f7-a9a5-4fb9-aff0-d3e1ac17e3f4,2023-06-01 07:59:00,b5941a70-cf63-407e-8c24-c979e7f61e45,500,20,520
9880ab45-6301-415f-bec5-071f3ae07076,b9da3cdd-baf0-43c8-af24-bef0191aa626,2023-06-01 12:34:00,b5941a70-cf63-407e-8c24-c979e7f61e45,0,0,0
381fffd1-7974-4657-a199-b3a02e0352a4,6f2f58e0-3021-482d-9c9e-aed9ff191130,2023-06-01 17:13:00,b5941a70-cf63-407e-8c24-c979e7f61e45,600,24,624
604dc083-ff68-44bd-b992-d0fcb49541bf,8015a6ee-2cb8-4023-bd73-83f79ca11c40,2023-06-01 07:08:00,b5941a70-cf63-407e-8c24-c979e7f61e45,400,16,416
606d720d-c092-4536-9ace-168725aa933b,f6f7cd36-ad87-48b5-86a4-69c72ffedaf5,2023-06-01 07:31:00,b5941a70-cf63-407e-8c24-c979e7f61e45,700,28,728
c389b5a1-66a3-449d-bd16-d5a149aa5135,2dbbf653-fb89-431e-9ce5-5be640628514,2023-06-01 11:16:00,b5941a70-cf63-407e-8c24-c979e7f61e45,500,20,520
ec0db5ee-a749-49a1-a79e-c202aa1f23cc,d495194b-5412-4a94-963f-a575a3c050a4,2023-06-01 08:32:00,b5941a70-cf63-407e-8c24-c979e7f61e45,500,20,520
b18a535b-49f6-4e30-8345-6f3f97480197,c8be7249-034b-44a3-b015-48a629b09aa0,2023-06-01 17:39:00,b3406af8-c4a9-4d2d-9e30-e06f3da01c15,500,40,540
b2312a39-2285-4439-8961-1d012e2402c1,e43c8ecb-3f23-452b-9898-1b0dc684312f,2023-06-01 08:13:00,b3406af8-c4a9-4d2d-9e30-e06f3da01c15,700,56,756
bc09b870-4713-48d2-9171-c2ee2ee619cf,c44fedb1-0107-4b01-ad43-16483dd8baed,2023-06-01 08:30:00,b3406af8-c4a9-4d2d-9e30-e06f3da01c15,400,32,432
66d349d1-6b0c-4f2a-8da7-ec6d3ee6706c,72da3aec-c83f-4145-a832-15352c7930af,2023-06-01 16:24:00,b3406af8-c4a9-4d2d-9e30-e06f3da01c15,1700,136,1836
c4e63e66-168e-41e1-9d23-f5a2c43e6d51,9486bb2e-4b6e-4d11-b2c7-68422ce31dc8,2023-06-01 07:45:00,b3406af8-c4a9-4d2d-9e30-e06f3da01c15,600,48,648
a274092a-9dd2-47be-8f6b-9f6227892cdc,46ee62e2-9de2-4a65-9acb-9324605c196d,2023-06-01 10:28:00,b3406af8-c4a9-4d2d-9e30-e06f3da01c15,700,56,756
d7d7a2a2-6bed-452a-a834-260d932b86a9,e57fd1ce-9431-4eb9-a57e-c7f220b460a0,2023-06-01 10:33:00,b3406af8-c4a9-4d2d-9e30-e06f3da01c15,600,48,648
48d659cd-8533-4ccf-92bc-921c0bcffffb,121b8b14-7638-471c-8d3e-84ba6c7ae179,2023-06-01 13:00:00,b3406af8-c4a9-4d2d-9e30-e06f3da01c15,2200,176,2376
27e812fc-ce35-46b0-a2bb-7559ab5ef7fa,575b1246-f573-4082-863e-3db2825636be,2023-06-01 13:31:00,b3406af8-c4a9-4d2d-9e30-e06f3da01c15,1600,128,1728
fb4c2613-bf63-40a5-8fa7-05bf0178ab5d,37c7145b-b539-42ec-915d-37461adcfff7,2023-06-01 12:55:00,b3406af8-c4a9-4d2d-9e30-e06f3da01c15,600,48,648
6ffd3556-7211-4761-9c59-6dcb73641c30,4e118a6e-8d00-4fbf-b3a7-1c2dd411d8f0,2023-06-01 07:29:00,b3406af8-c4a9-4d2d-9e30-e06f3da01c15,600,48,648
2566e680-4deb-45a2-bfc3-15f04ed465db,98dda004-b8b8-4899-b938-93da30a150a1,2023-06-01 11:00:00,b3406af8-c4a9-4d2d-9e30-e06f3da01c15,700,56,756
275bb43c-c34e-4762-9b13-7c07dcf1015d,22fac9d3-80e8-4460-a840-888ca04de01c,2023-06-01 07:41:00,b3406af8-c4a9-4d2d-9e30-e06f3da01c15,600,48,648
c1c9c910-8806-4d36-8243-3b4b6ef225c5,88ceab79-75e6-4db6-a2bc-acd9ba60dbf3,2023-06-01 08:29:00,b3406af8-c4a9-4d2d-9e30-e06f3da01c15,600,48,648
9e125186-8ad1-4398-bb2b-3c4907b19147,88effe09-4c26-4803-beff-503926d7cec1,2023-06-01 12:26:00,b3406af8-c4a9-4d2d-9e30-e06f3da01c15,2400,192,2592
cfa8ff53-216f-44d5-a142-fb46b813f334,abf424d5-d0e8-4868-8cc4-ec6715b3ff90,2023-06-01 16:50:00,b3406af8-c4a9-4d2d-9e30-e06f3da01c15,700,56,756
2bf8e696-8697-4bb2-b64a-a25abc9132d5,3b2e6b11-b740-4416-989f-d333d59d01e3,2023-06-01 13:04:00,b3406af8-c4a9-4d2d-9e30-e06f3da01c15,600,48,648
56c78dbc-1d2d-4d65-a354-0c167f279507,4302cbf3-971a-478c-b463-eb3284027248,2023-06-01 08:04:00,b3406af8-c4a9-4d2d-9e30-e06f3da01c15,400,32,432
5c6e4453-7a1a-400f-ad3a-d6069d382b23,57af21e0-6171-4029-a116-f9a48606f197,2023-06-01 16:55:00,b3406af8-c4a9-4d2d-9e30-e06f3da01c15,1500,120,1620
15bb3413-ee64-4689-8069-eefec4279ff7,51b16cf1-5300-4593-9472-80ede31dc299,2023-06-01 11:44:00,b3406af8-c4a9-4d2d-9e30-e06f3da01c15,400,32,432
887c4b15-bd58-403c-95f8-698b4716de99,842933c0-5512-4685-8352-54b6acbce721,2023-06-01 15:54:00,b3406af8-c4a9-4d2d-9e30-e06f3da01c15,400,32,432
c6d0ebbd-a608-437c-b939-5ebab9ecbd19,3b957f8f-558e-4c9c-b7be-6dd661554b79,2023-06-01 08:44:00,b3406af8-c4a9-4d2d-9e30-e06f3da01c15,600,48,648
f29677aa-f3b7-479f-92db-a3fd2de1445d,064cf927-4d76-4a1c-96e2-0e2849fe3247,2023-06-01 12:17:00,b3406af8-c4a9-4d2d-9e30-e06f3da01c15,500,40,540
0d2f34bf-de77-4ae5-bfef-962f56d2c8ae,e7557980-b703-4b75-9726-ca57793ec2f7,2023-06-01 08:11:00,b3406af8-c4a9-4d2d-9e30-e06f3da01c15,600,48,648
3fe42562-8f51-48b2-b359-fee6e7586cbf,868bf638-2fcc-4fad-b6a8-ddf22051c14e,2023-06-01 16:13:00,b3406af8-c4a9-4d2d-9e30-e06f3da01c15,1900,152,2052
5cc0c6a7-9ffe-48a2-91e1-96cf221d4637,2a926631-d774-40c9-9a04-d52c882b6edc,2023-06-01 16:07:00,b3406af8-c4a9-4d2d-9e30-e06f3da01c15,600,48,648
3b63d9bc-2518-4369-b14c-652f3aaa0941,d7538bff-54f1-40cf-b3e0-cf3244e312de,2023-06-01 14:41:00,b3406af8-c4a9-4d2d-9e30-e06f3da01c15,600,48,648
1c4fdb8e-0838-4df2-b776-2846f433521a,f72f6178-4c84-4146-84e0-42c9b2bdd0ef,2023-06-01 14:43:00,b3406af8-c4a9-4d2d-9e30-e06f3da01c15,600,48,648
db460273-22a5-496f-bcb6-3703870fc5f8,2232f985-677f-4201-a2ef-b9936516db2a,2023-06-01 18:17:00,b3406af8-c4a9-4d2d-9e30-e06f3da01c15,700,56,756
b329a2a8-3ded-47d6-9eb6-6ee881059249,84246c00-52db-4135-ac94-c99469e4864f,2023-06-01 17:41:00,b3406af8-c4a9-4d2d-9e30-e06f3da01c15,500,40,540
4f5b0668-ad16-431e-a62d-f3b30b00fdea,253c99a5-b969-491d-8525-0b736e9ffc7f,2023-06-01 13:08:00,b3406af8-c4a9-4d2d-9e30-e06f3da01c15,1200,96,1296
f6a08d65-99ce-480c-8405-b1a30085e17b,1555720b-72a8-48bb-805c-f18499ea4cf5,2023-06-01 14:43:00,b3406af8-c4a9-4d2d-9e30-e06f3da01c15,0,0,0
ea21bb0b-5f49-4bc3-94b1-34b9c6c1a9d6,18c2a401-ed3f-4f2e-a7fb-e7e29cb6037f,2023-06-01 10:23:00,b3406af8-c4a9-4d2d-9e30-e06f3da01c15,0,0,0
230c5718-c89f-4db1-902d-20e71410a5fa,10422004-7b53-4701-ae2d-788d043f119d,2023-06-01 17:26:00,b3406af8-c4a9-4d2d-9e30-e06f3da01c15,600,48,648
9d446b9f-fa40-4a07-a76a-0aa9c12f244a,a2091e93-b175-4a4d-a1ad-22e65dd882e2,2023-06-01 10:48:00,b3406af8-c4a9-4d2d-9e30-e06f3da01c15,1300,104,1404
9e942987-aa4f-4f67-8275-d9961d493a04,ec4b1e07-796f-47db-9441-9f4618fe7125,2023-06-01 13:01:00,b3406af8-c4a9-4d2d-9e30-e06f3da01c15,1800,144,1944
d0b0b48c-017d-4c2c-9bef-93e971b6ecc1,fe61d173-a5a0-4639-9464-a1f7719807fa,2023-06-01 08:05:00,b3406af8-c4a9-4d2d-9e30-e06f3da01c15,600,48,648
f82564dc-0976-4a2f-930a-dfa0322c6408,feeba5b2-ee35-494f-bf9a-fc5317519eca,2023-06-01 07:43:00,b3406af8-c4a9-4d2d-9e30-e06f3da01c15,600,48,648
a0233fd4-90a3-4f0c-86d1-fa0243d6a2d6,53dad1bc-76f9-4977-806f-e5433e273d58,2023-06-01 16:00:00,b3406af8-c4a9-4d2d-9e30-e06f3da01c15,1700,136,1836
5f941df0-c82b-4a34-be60-14ca1bf2d29c,c6199251-a226-4c23-92e7-d79c30862553,2023-06-01 08:47:00,b3406af8-c4a9-4d2d-9e30-e06f3da01c15,3900,312,4212
c65640aa-3b96-4a11-a774-4d7771417832,856e13e3-732e-4d27-b681-554c8d89d267,2023-06-01 15:52:00,b3406af8-c4a9-4d2d-9e30-e06f3da01c15,1800,144,1944
7fe9942b-d06c-40cc-81cb-f7017b81e07b,8327e7bb-845d-4ea3-bf02-c4664e7caa24,2023-06-01 16:32:00,b3406af8-c4a9-4d2d-9e30-e06f3da01c15,1800,144,1944
f9db7014-00d0-48cd-81f2-28b84a10c2e2,3dcda216-30ce-47c1-b61e-64e7f3fd38dc,2023-06-01 08:11:00,b3406af8-c4a9-4d2d-9e30-e06f3da01c15,600,48,648
b59d52aa-785e-4c5c-a1e7-6ce9c8f3606f,f27a3372-0d29-4d6a-b883-f6e124a1f046,2023-06-01 13:12:00,b3406af8-c4a9-4d2d-9e30-e06f3da01c15,400,32,432
31fb2f44-2151-4cd3-8956-bc5eb21ee86e,4c14b657-2a3c-4ea5-9948-df7e1566baba,2023-06-01 08:03:00,b3406af8-c4a9-4d2d-9e30-e06f3da01c15,500,40,540
d0d91515-b608-4091-8384-02069f11fb6c,44835168-a3c6-4c3a-afd2-f6c657bb8ed0,2023-06-01 07:30:00,b3406af8-c4a9-4d2d-9e30-e06f3da01c15,700,56,756
e8e1d2d9-3b67-4d3c-a49a-2cec90040698,1b67a578-3e3a-496f-b2db-2e233b75a057,2023-06-01 08:09:00,b3406af8-c4a9-4d2d-9e30-e06f3da01c15,600,48,648
467c6a86-d183-48b6-a53c-aba52667078a,05617299-025b-4e35-82e6-3129af08b43b,2023-06-01 08:13:00,b3406af8-c4a9-4d2d-9e30-e06f3da01c15,600,48,648
111c577d-f115-4786-8815-33e1755da429,4ceb6495-cfcd-4b13-8fe8-93a2250078d4,2023-06-01 16:42:00,b3406af8-c4a9-4d2d-9e30-e06f3da01c15,1600,128,1728
8f7c75ee-95dd-4f52-a35d-84133f941df1,a2000870-ced8-44cc-9747-f8f7d5b5499d,2023-06-01 11:56:00,b3406af8-c4a9-4d2d-9e30-e06f3da01c15,2700,216,2916
c5cbd170-1d56-4371-825e-248121670e95,03530b0b-2cc6-45c8-9658-efd1cdcb84b1,2023-06-01 17:40:00,b3406af8-c4a9-4d2d-9e30-e06f3da01c15,1700,136,1836
e6bf7a67-073e-4c32-8231-6847e97429fb,9ad4d7d0-7c6e-4062-b82a-6c1a852fedae,2023-06-01 07:29:00,b3406af8-c4a9-4d2d-9e30-e06f3da01c15,700,56,756
593cd02d-cbb4-4cf0-b82e-4fc3320002bf,c4d9214e-1a8a-4572-ab3c-d4d92c02af28,2023-06-01 07:50:00,b3406af8-c4a9-4d2d-9e30-e06f3da01c15,400,32,432
3431d773-1c17-427f-ba32-9f6319e15216,96926c2b-1043-47ff-8850-51e5bf2f14d8,2023-06-01 07:10:00,b3406af8-c4a9-4d2d-9e30-e06f3da01c15,700,56,756
c17741eb-1af2-4f1b-b3d5-76c8f670efb9,4a9277ea-471b-44e3-91d1-812ae38ee0af,2023-06-01 07:30:00,b3406af8-c4a9-4d2d-9e30-e06f3da01c15,600,48,648
1d9e64f0-bac3-4da6-871c-9b5ca185b154,905f3530-1560-46d6-9184-11b76f12c731,2023-06-01 08:43:00,b3406af8-c4a9-4d2d-9e30-e06f3da01c15,0,0,0
ef2cecc3-30cf-4a57-9eca-5e8ff44751c6,c363df3a-cefa-46da-aab7-940b980cae89,2023-06-01 07:58:00,b3406af8-c4a9-4d2d-9e30-e06f3da01c15,500,40,540
54fe040e-2015-4451-9b2b-ef5b3151096e,06747680-9930-4877-b467-a5cb4396185d,2023-06-01 16:01:00,b3406af8-c4a9-4d2d-9e30-e06f3da01c15,600,48,648
733c632d-b057-446d-82b0-6e12420ad337,5779e275-8994-4267-9474-f3a509802221,2023-06-01 10:55:00,b3406af8-c4a9-4d2d-9e30-e06f3da01c15,1700,136,1836
32ad0f16-09f7-4544-a8cd-c1643a9ea2df,88128252-2a15-43e6-9f6b-d087b22720a9,2023-06-01 07:10:00,b3406af8-c4a9-4d2d-9e30-e06f3da01c15,600,48,648
41f53524-1982-4c85-92d3-a6775512e49b,27aa2e5e-189e-4554-bd68-cdc6769ac85e,2023-06-01 07:51:00,b3406af8-c4a9-4d2d-9e30-e06f3da01c15,600,48,648
9106cad7-75dd-492f-8dab-2766560e443d,935f8df0-9ed4-421f-a330-c022fd690f49,2023-06-01 08:20:00,b3406af8-c4a9-4d2d-9e30-e06f3da01c15,500,40,540
23737a8d-666f-4613-a7f6-191c1944e7b2,a0adc3c2-77d8-4e4b-a254-525252d95ff2,2023-06-01 14:04:00,b3406af8-c4a9-4d2d-9e30-e06f3da01c15,700,56,756
eb61e2b5-f188-4d96-bb2b-5c9ccee06048,8b254b72-c00b-42d4-8b23-55801d3496e2,2023-06-01 18:29:00,b3406af8-c4a9-4d2d-9e30-e06f3da01c15,1900,152,2052
e22970ce-4065-4e55-a818-255b1283690f,bf98777f-16f7-465d-a17c-31e1ae97506b,2023-06-01 12:55:00,b3406af8-c4a9-4d2d-9e30-e06f3da01c15,500,40,540
522c7b9a-e1f6-466c-aef1-83566fe771bf,4dc43541-9eb4-418a-af40-7b08737d3c43,2023-06-01 08:11:00,b3406af8-c4a9-4d2d-9e30-e06f3da01c15,700,56,756
e3c3a10c-a836-44d5-9ba1-9060dd7e8cbc,23c89686-b6e1-4cb4-8afe-527a20aeede9,2023-06-01 08:21:00,b3406af8-c4a9-4d2d-9e30-e06f3da01c15,600,48,648
1896589f-0a92-4be0-8ed3-deb7092d1c20,095bf03a-d1cd-4d20-abd1-3f4739172cf4,2023-06-01 14:31:00,b3406af8-c4a9-4d2d-9e30-e06f3da01c15,500,40,540
cb993d48-e6f2-4f10-9666-64376fc424cc,8c760acd-0e02-41da-a2cd-c99c07732c1a,2023-06-01 16:08:00,b3406af8-c4a9-4d2d-9e30-e06f3da01c15,600,48,648
46a36823-b131-40b2-a3bd-c9a1e0006473,d22e0d48-9bf2-4a43-b32f-2c2607d00dd5,2023-06-01 11:36:00,b3406af8-c4a9-4d2d-9e30-e06f3da01c15,0,0,0
267586aa-019c-47b0-8da1-2eeb8ce2b9cb,80beca59-cd9e-4ff3-9d94-e1c6879c1316,2023-06-01 08:19:00,b3406af8-c4a9-4d2d-9e30-e06f3da01c15,600,48,648
dc670c1a-020f-4c44-af69-d53ae8181b50,2efd88fb-9b50-48f6-817a-ca2c8541cfd1,2023-06-01 07:53:00,b3406af8-c4a9-4d2d-9e30-e06f3da01c15,600,48,648
ef846251-c2a3-406a-aa2d-951ed21abcab,268cd69b-28ea-4af8-9538-9fa9498732b9,2023-06-01 17:33:00,b3406af8-c4a9-4d2d-9e30-e06f3da01c15,1800,144,1944
03f3e88b-05ee-4f8a-8a68-7d73510c579d,39138df5-0ee9-413c-9571-c4df064cba64,2023-06-01 08:37:00,b3406af8-c4a9-4d2d-9e30-e06f3da01c15,500,40,540
f7e81cdd-6397-4cd7-b7f8-dc926610ed9c,bb64b1cb-a9ad-41d3-b2fc-4335f2918759,2023-06-01 14:02:00,b3406af8-c4a9-4d2d-9e30-e06f3da01c15,600,48,648
7000fc53-cd4e-4671-9af4-cfce08de2dc6,99237b9e-22d6-4ea4-bdfd-187420c78483,2023-06-01 16:13:00,b3406af8-c4a9-4d2d-9e30-e06f3da01c15,700,56,756
899ed6e4-b65c-4664-9d47-1d624c343048,ff60ce7b-ad40-4cfd-b093-f5592bb22810,2023-06-01 12:14:00,b3406af8-c4a9-4d2d-9e30-e06f3da01c15,600,48,648
bcae00f8-cf9f-4edb-a15e-b30dd8528b12,f375e828-1afb-4b45-89c1-26c16035508f,2023-06-01 13:24:00,b3406af8-c4a9-4d2d-9e30-e06f3da01c15,2000,160,2160
da9a4a27-11dd-47fc-aea3-d2e2b949f899,76c7924f-d1ef-4af5-b145-514191a0d17f,2023-06-01 13:50:00,b3406af8-c4a9-4d2d-9e30-e06f3da01c15,1700,136,1836
3ea5ed60-1c3c-4b70-8a7d-be3b5b9098ff,4cc1e57b-b471-4656-987b-ef25a03ca42e,2023-06-01 19:58:00,b3406af8-c4a9-4d2d-9e30-e06f3da01c15,1600,128,1728
4a9f8171-66b9-4e10-9bc9-fd1131fb66e8,5e48221c-cae5-43ec-97c4-8c92051a16a4,2023-06-01 14:02:00,b3406af8-c4a9-4d2d-9e30-e06f3da01c15,600,48,648
af26a631-50e3-4204-9a7a-97d3a50209b3,e153b65e-f6c1-4043-932d-e1357a7d50e7,2023-06-01 07:56:00,b3406af8-c4a9-4d2d-9e30-e06f3da01c15,600,48,648
c44b4744-140b-437a-920d-aa9542ad25d1,13a7703d-03d1-4063-84ca-b89d789a1738,2023-06-01 07:31:00,b3406af8-c4a9-4d2d-9e30-e06f3da01c15,400,32,432
1814cc22-8220-490f-b662-cd73ccd0db65,13f6fed2-fd76-4b9a-afe2-38d310642ae3,2023-06-01 14:31:00,b3406af8-c4a9-4d2d-9e30-e06f3da01c15,600,48,648
0ca6fc47-a157-4c61-adfa-c6c3f513fe6b,23c6e968-0007-4538-b4a8-90dfd7c6a128,2023-06-01 11:45:00,b3406af8-c4a9-4d2d-9e30-e06f3da01c15,1200,96,1296
aed21818-1be8-4931-93d8-8faac23f5371,d8b32b5c-b453-46b3-972f-a82740c80425,2023-06-01 11:57:00,b3406af8-c4a9-4d2d-9e30-e06f3da01c15,2400,192,2592
9f65d905-5444-48a7-9cfa-2944f5fa0103,1b4695e3-474d-4a57-8330-b29e2b1e34a4,2023-06-01 07:36:00,b3406af8-c4a9-4d2d-9e30-e06f3da01c15,600,48,648
76d39a1d-a6d8-496f-9a7d-766c6ed9c57a,5baa0737-66e1-4769-a9bd-d3f5136cfb42,2023-06-01 09:07:00,b3406af8-c4a9-4d2d-9e30-e06f3da01c15,400,32,432
34604755-90ba-4f9d-8f82-58593ac982c9,80a49a51-3aad-4ab0-a876-84ac983a1ecb,2023-06-01 07:00:00,b3406af8-c4a9-4d2d-9e30-e06f3da01c15,500,40,540
caa628ad-1618-45d5-ac1a-2b9a66336252,7b930b65-6a9e-4445-8ae1-1503b76ac988,2023-06-01 08:09:00,b3406af8-c4a9-4d2d-9e30-e06f3da01c15,500,40,540
f7e437d7-43fe-4128-9d11-75ba25fa3f82,d6d9d62c-9cb2-454b-8d33-46481d62557b,2023-06-01 12:37:00,b3406af8-c4a9-4d2d-9e30-e06f3da01c15,600,48,648
01c157ee-17cf-4df3-b045-e738ec0d4329,ea9d5fbe-aa7d-4e34-9eac-a2d38103cf4d,2023-06-01 10:19:00,b3406af8-c4a9-4d2d-9e30-e06f3da01c15,600,48,648
43e1318d-a855-44d3-8409-108dcbd22bf4,5d9f037d-9045-46b5-99b7-f51314dfe487,2023-06-01 10:34:00,b3406af8-c4a9-4d2d-9e30-e06f3da01c15,400,32,432
3b5f1793-4dfa-4970-b9cf-9440564a76f3,8a87962d-68e3-4597-b43e-27b048d4439d,2023-06-01 13:14:00,b3406af8-c4a9-4d2d-9e30-e06f3da01c15,600,48,648
208bcd12-84dd-4ea0-a4ad-5e289ecae87c,e58fb269-c11c-4066-a830-f52499508f2a,2023-06-01 17:22:00,b3406af8-c4a9-4d2d-9e30-e06f3da01c15,1000,80,1080
92562927-73de-4945-8eed-8ebbe8b2c930,361f6a4e-0eaa-4595-9086-b3ad40e8a618,2023-06-01 08:01:00,b3406af8-c4a9-4d2d-9e30-e06f3da01c15,400,32,432
52faaf1a-702a-4c00-81ca-2468fc3b3c1d,6b6847b1-c79c-4831-969c-e1b95141232c,2023-06-01 08:00:00,b3406af8-c4a9-4d2d-9e30-e06f3da01c15,600,48,648
144e4248-97c7-4f8b-aac2-854d293b6f4b,ab9ec2ba-efbc-40af-a2d9-15186dd81cd4,2023-06-01 12:42:00,b3406af8-c4a9-4d2d-9e30-e06f3da01c15,600,48,648
fdf15e32-a861-4304-a96c-7f2e2745c29c,c05af6ca-529b-48e3-9cbf-d11a290da116,2023-06-01 13:40:00,b3406af8-c4a9-4d2d-9e30-e06f3da01c15,500,40,540
1a1cfb79-5a56-4b1b-b71c-7afdab454a3a,1dbd8c01-5471-4c5a-b2e4-db6418673cb3,2023-06-01 19:23:00,b3406af8-c4a9-4d2d-9e30-e06f3da01c15,500,40,540
25982d3f-06f2-4464-9f9c-5fe851931e1b,d1632fc8-d982-4a8a-8ef9-53a6c238f72c,2023-06-01 13:56:00,b3406af8-c4a9-4d2d-9e30-e06f3da01c15,600,48,648
4f79fa46-f2c4-42dd-9409-ed1066617e32,a5b4ca03-0415-4ab0-887f-e9c900e32790,2023-06-01 15:41:00,b3406af8-c4a9-4d2d-9e30-e06f3da01c15,2300,184,2484
8b23989c-79d8-4a0c-afa9-72b9d16e844d,fce60606-1c32-4073-abab-5e73f36b3302,2023-06-01 07:36:00,b3406af8-c4a9-4d2d-9e30-e06f3da01c15,600,48,648
2288c9a6-6db2-4575-8475-b16c093edf1d,cbcda1f0-7b97-4053-ad4b-cc4b5a76e903,2023-06-01 07:52:00,b3406af8-c4a9-4d2d-9e30-e06f3da01c15,500,40,540
e57884c7-5e9a-4e18-8246-5a4de3c68fea,52b280cc-66a1-4aff-a315-65a3e08ba082,2023-06-01 08:19:00,b3406af8-c4a9-4d2d-9e30-e06f3da01c15,600,48,648
60bec404-d900-434e-996d-fd31b109e25c,db206fbc-6df6-47aa-9f6c-7d3bdce9e3c5,2023-06-01 07:29:00,b3406af8-c4a9-4d2d-9e30-e06f3da01c15,500,40,540
f1058ffa-d2a5-46a8-a786-4df1616e024c,6ed4fff1-f154-471e-b304-f0a6506925bb,2023-06-01 11:29:00,b3406af8-c4a9-4d2d-9e30-e06f3da01c15,4800,384,5184
a956b154-db7c-4bd4-abb1-2660cad00049,c2085572-8827-4de1-ac06-5f3d40324313,2023-06-01 07:09:00,b3406af8-c4a9-4d2d-9e30-e06f3da01c15,600,48,648
464d0262-c890-402c-ad3b-43ee2082b9da,d4954aec-b60d-426c-9058-f2d3d61ecf7f,2023-06-01 14:28:00,b3406af8-c4a9-4d2d-9e30-e06f3da01c15,1200,96,1296
30a73324-bf79-4b99-a60a-d87998a5324b,8429261b-8ba3-41d8-beda-f33f31540c22,2023-06-01 10:21:00,b3406af8-c4a9-4d2d-9e30-e06f3da01c15,500,40,540
0be53a42-f7b2-4c54-9446-3b3e7b9dd226,3254d2fb-f762-4502-ad4f-6f57b4a21620,2023-06-01 07:57:00,b3406af8-c4a9-4d2d-9e30-e06f3da01c15,600,48,648
cba72339-a732-4120-b556-b6c834644d97,db7b3e64-5805-46a2-8e59-f78fb53db9ab,2023-06-01 12:46:00,b3406af8-c4a9-4d2d-9e30-e06f3da01c15,2400,192,2592
406b9fc1-ee41-41ed-a20a-af5eb790a2a2,a2fcb9a7-aaa5-4383-a4fb-21687e933dde,2023-06-01 18:50:00,b3406af8-c4a9-4d2d-9e30-e06f3da01c15,600,48,648
28b21b7e-e885-4ec0-8e2f-f836a363d72e,794398f0-d003-410e-81b9-97cfb53b31d1,2023-06-01 17:34:00,b3406af8-c4a9-4d2d-9e30-e06f3da01c15,900,72,972
045317df-69f9-4d02-aca5-3e86da03b914,37fb0e02-a1ba-418d-90f7-2bd67e71feb0,2023-06-01 12:26:00,b3406af8-c4a9-4d2d-9e30-e06f3da01c15,1000,80,1080
43274172-e530-4185-a17c-87a78e52bbd2,e84bffdc-b85d-42a5-900a-67979727373d,2023-06-01 07:14:00,b3406af8-c4a9-4d2d-9e30-e06f3da01c15,600,48,648
7b97aa52-7ec4-4233-b3c2-100e7c0366fa,0acbf411-6839-44f0-8956-631074bb22e0,2023-06-01 09:58:00,b3406af8-c4a9-4d2d-9e30-e06f3da01c15,600,48,648
90a4371e-0932-4142-95d9-f2dc78973d97,25ac8d3c-f20d-445c-98a5-92ba07716d01,2023-06-01 07:38:00,b3406af8-c4a9-4d2d-9e30-e06f3da01c15,600,48,648
af674d06-294f-4289-8e1e-3e958f6c514f,1892dd7a-8ba7-4839-891c-a1faa3c38b01,2023-06-01 14:15:00,b3406af8-c4a9-4d2d-9e30-e06f3da01c15,600,48,648
59fbb365-e3d5-4789-84c7-03488f7ef595,423631a6-92ea-471b-88bc-c47f120439ff,2023-06-01 18:17:00,b3406af8-c4a9-4d2d-9e30-e06f3da01c15,1700,136,1836
ab0c8f25-10a3-4361-b7fe-6d8c41063828,1d402c5f-2fac-4f95-9d30-6ef180da3feb,2023-06-01 14:49:00,b3406af8-c4a9-4d2d-9e30-e06f3da01c15,1600,128,1728
3748f9aa-bde4-4468-8033-1db10ffa46e1,235014d2-591b-47a1-bbff-aeb890034fd3,2023-06-01 16:09:00,b3406af8-c4a9-4d2d-9e30-e06f3da01c15,2200,176,2376
f6b8f4be-aa61-41ed-9e69-02ba2e6f44cc,d3873be4-b64c-42ee-84b6-5bb82cfc5320,2023-06-01 15:37:00,b3406af8-c4a9-4d2d-9e30-e06f3da01c15,600,48,648
5a5eca9b-a717-40dc-97d9-41f6523780a6,f2f7747d-afbe-47b0-b53b-b1befdd2248f,2023-06-01 08:04:00,b3406af8-c4a9-4d2d-9e30-e06f3da01c15,700,56,756
fbecd27d-14b7-4b7e-9589-2a4d6a3e0f22,9218401a-a3fe-4361-b974-75ab3912ede2,2023-06-01 07:00:00,b3406af8-c4a9-4d2d-9e30-e06f3da01c15,400,32,432
2395db80-0931-4a37-b74f-c05da8873b55,8d65ca70-f409-4ca5-8358-00184b8ca792,2023-06-01 07:38:00,b3406af8-c4a9-4d2d-9e30-e06f3da01c15,500,40,540
da454360-c4af-4a69-891a-18d86014a47c,a458afe9-c65f-409f-8219-b305bca5a3cf,2023-06-01 07:57:00,b3406af8-c4a9-4d2d-9e30-e06f3da01c15,600,48,648
0ee219b9-fad7-4fee-9aac-214426dd812f,b2f61eb0-f9d4-4c93-b37f-26081e1fe30a,2023-06-01 11:05:00,b3406af8-c4a9-4d2d-9e30-e06f3da01c15,1300,104,1404
5e183a3e-6fbc-4e94-b993-8bb716c85134,86b0709f-3cb4-4745-a48f-d886fb407676,2023-06-01 07:41:00,b3406af8-c4a9-4d2d-9e30-e06f3da01c15,500,40,540
84bd9c67-4b4a-4bbc-ae2f-e0c9ab4ecffa,a007d2c8-f005-484a-9bba-492bde02b53a,2023-06-01 08:02:00,b3406af8-c4a9-4d2d-9e30-e06f3da01c15,600,48,648
d6c0a997-c147-44dd-9101-837811f1e5a4,e16a6ba6-9dd7-494f-8317-85068747c218,2023-06-01 08:11:00,b3406af8-c4a9-4d2d-9e30-e06f3da01c15,600,48,648
877abed3-a70a-4313-b540-771546aa058d,0a99f923-70d6-40f5-8870-92a09715bce2,2023-06-01 08:04:00,b3406af8-c4a9-4d2d-9e30-e06f3da01c15,600,48,648
2947d396-7c8a-4488-a2a3-df0fb66fdf36,c7ae24da-fb5c-469e-b470-e2aea0050b1b,2023-06-01 09:48:00,b3406af8-c4a9-4d2d-9e30-e06f3da01c15,400,32,432
9eea8647-a05f-4ea0-aa69-d1baabc3bc7d,31934ece-77ac-425f-a29c-8c5460f3ab19,2023-06-01 12:58:00,b3406af8-c4a9-4d2d-9e30-e06f3da01c15,500,40,540
fcb26cca-fec4-45da-896e-61b5e5ba10e3,ed5ab19d-1777-4342-ab81-aa1bc6f6b498,2023-06-01 17:07:00,b3406af8-c4a9-4d2d-9e30-e06f3da01c15,700,56,756
296aef1d-509e-4daa-ab11-f4ee03670b35,27007e99-75c0-4708-bd7c-7d588972a823,2023-06-01 07:57:00,b3406af8-c4a9-4d2d-9e30-e06f3da01c15,400,32,432
df88eb38-55eb-409c-bcd6-dae721fba3c8,7d0d3560-9574-4d65-a9b3-a026cb9b0bbe,2023-06-01 13:40:00,b3406af8-c4a9-4d2d-9e30-e06f3da01c15,1300,104,1404
001cdc87-bbb7-45fd-a730-b6117d39f0ac,5c34ed01-e5d5-4589-b968-4286a6b2c3cf,2023-06-01 08:18:00,b3406af8-c4a9-4d2d-9e30-e06f3da01c15,500,40,540
76c25f36-4cab-48b1-8abe-7aaafc4b08c9,c91e5309-b793-4fd2-9600-73bcf71a5d1b,2023-06-01 15:36:00,b3406af8-c4a9-4d2d-9e30-e06f3da01c15,600,48,648
29a0d204-8b27-411b-abc9-5714571b6255,f986eceb-8694-41cf-ae4c-2be2024e8781,2023-06-01 07:34:00,b3406af8-c4a9-4d2d-9e30-e06f3da01c15,400,32,432
11792baa-44de-48af-9889-dd220f133152,bc469ed6-7fb7-46b7-b20f-e9d5e5b220c3,2023-06-01 14:30:00,b3406af8-c4a9-4d2d-9e30-e06f3da01c15,1800,144,1944
e2350ac8-a08c-47fe-a6f3-69b1523e377e,b4d7bbaf-cc87-47f2-a964-1a64d7d18e19,2023-06-01 07:14:00,b3406af8-c4a9-4d2d-9e30-e06f3da01c15,700,56,756
d7414b49-b0e1-4145-a4b1-c4a0cf0a73d8,6e33e101-a26d-4b95-b7a0-e5a77ebc64dd,2023-06-01 07:57:00,b3406af8-c4a9-4d2d-9e30-e06f3da01c15,500,40,540
390d727a-f459-4a30-a432-6af3956b0d64,25ca8a8e-9061-4213-96b1-6691e7a73e63,2023-06-01 16:01:00,b3406af8-c4a9-4d2d-9e30-e06f3da01c15,700,56,756
a769b439-2a1d-4eee-b13b-47c94bc3ad87,4c529355-b86a-410a-bd67-d69a08e26469,2023-06-01 14:55:00,b3406af8-c4a9-4d2d-9e30-e06f3da01c15,500,40,540
7cfb78ca-1114-4441-9263-dc79b2356b00,e1850c0e-781b-4ab6-9df3-0574ffb34203,2023-06-01 07:12:00,b3406af8-c4a9-4d2d-9e30-e06f3da01c15,500,40,540
96bd5d7b-e55d-4476-8d59-5061444fa3a5,698e721e-d046-458b-8082-08c8bb54ecad,2023-06-01 16:34:00,b3406af8-c4a9-4d2d-9e30-e06f3da01c15,500,40,540
637896a8-a49b-40f6-9abe-ccfdfd92d4e4,ec153219-abcb-4073-8ea0-61706b75c2d4,2023-06-01 09:38:00,b3406af8-c4a9-4d2d-9e30-e06f3da01c15,1700,136,1836
dfefe245-aa48-4374-87d4-8a33442347cc,f487f45c-143d-4d73-9d45-d6d9a100bafa,2023-06-01 08:36:00,b3406af8-c4a9-4d2d-9e30-e06f3da01c15,400,32,432
52b2b541-b239-4612-9d4e-409420deb711,abb9bca3-59ae-4a9f-b115-16c1c3bf57ef,2023-06-01 07:52:00,b3406af8-c4a9-4d2d-9e30-e06f3da01c15,700,56,756
12dd58b8-c033-4982-aa97-38fc9e91a0b2,7888c346-c8ec-4ebb-b146-16f44590b12f,2023-06-01 12:29:00,b3406af8-c4a9-4d2d-9e30-e06f3da01c15,1800,144,1944
7646fe50-4dfe-49f2-acc9-92646ea946a0,2bd22f13-76a5-4011-bef8-686940d3ba2d,2023-06-01 10:37:00,b3406af8-c4a9-4d2d-9e30-e06f3da01c15,1600,128,1728
cb9a1b2a-2081-4bfa-8735-4f5f11fd886e,a1932494-1e79-4f11-90d6-2c3d14b17ff9,2023-06-01 08:08:00,b3406af8-c4a9-4d2d-9e30-e06f3da01c15,600,48,648
93067334-ad1a-4373-accf-a32aacfb64dd,0a996dc6-ec23-473c-964f-78456fbcf5da,2023-06-01 07:00:00,b3406af8-c4a9-4d2d-9e30-e06f3da01c15,400,32,432
5caf2ee0-ce46-448a-a5ad-aaa29ad3c8b6,ff396751-b162-46df-8c81-61f6062eab97,2023-06-01 15:33:00,b3406af8-c4a9-4d2d-9e30-e06f3da01c15,400,32,432
95e72d70-acaf-4ff7-bdf4-4caf8485c671,598e831c-2388-4cb6-9cf0-22e14fee9400,2023-06-01 16:57:00,b3406af8-c4a9-4d2d-9e30-e06f3da01c15,1000,80,1080
334972d0-8649-4c36-8ef4-0b8074e04ac2,09afb464-d131-423d-a7a7-10d3f6093399,2023-06-01 08:12:00,b3406af8-c4a9-4d2d-9e30-e06f3da01c15,500,40,540
753ca75f-0381-4b3d-a88b-8cc5be8e5693,43f6fd00-d1a6-4a98-91d2-7c8ed5145dff,2023-06-01 14:42:00,b3406af8-c4a9-4d2d-9e30-e06f3da01c15,600,48,648
816374df-6c2a-41ed-9841-047bb29b27d7,aa665be8-f1e3-4044-9620-f83b294f8b69,2023-06-01 15:23:00,b3406af8-c4a9-4d2d-9e30-e06f3da01c15,500,40,540
d44c1bca-d443-4a0c-bcd0-d23814cf8d63,0bafee08-21f3-43d6-9aee-ab1d60a7d7ec,2023-06-01 16:31:00,b3406af8-c4a9-4d2d-9e30-e06f3da01c15,700,56,756
ff05f5c3-d917-4696-beea-f87b44284f05,30bb7b4b-20a7-4691-a3fc-4b196f282c03,2023-06-01 14:48:00,b3406af8-c4a9-4d2d-9e30-e06f3da01c15,600,48,648
958e9acc-c2a4-4579-89ad-7e1ece8d394d,96a08a67-3a4f-4c5f-a78b-79cc00ce235c,2023-06-01 08:04:00,b3406af8-c4a9-4d2d-9e30-e06f3da01c15,700,56,756
75ef95cd-48e7-42e3-b19a-ab62d454d827,a1ad81da-9458-4b70-a0ef-c189af7d837c,2023-06-01 13:52:00,b3406af8-c4a9-4d2d-9e30-e06f3da01c15,600,48,648
7e2a287f-1992-417b-86cd-7adab25ee2ae,318d3c38-cc45-4e02-bc63-99141525c4f3,2023-06-01 08:13:00,b3406af8-c4a9-4d2d-9e30-e06f3da01c15,600,48,648
ef64566f-f7d6-43a0-8abe-66f6df145650,0a0e52b6-cde9-4602-8769-b9c061d710b3,2023-06-01 14:39:00,b3406af8-c4a9-4d2d-9e30-e06f3da01c15,600,48,648
baa0c027-0040-477e-8c27-f7c7d3bb06d5,6f84ddb9-2ff6-47b8-a17c-3768afb7c1de,2023-06-01 14:07:00,b3406af8-c4a9-4d2d-9e30-e06f3da01c15,1700,136,1836
635622d3-af76-4b6c-96d5-5c976581787e,03e63491-df23-46b5-aa4e-70612e0286c3,2023-06-01 08:28:00,b3406af8-c4a9-4d2d-9e30-e06f3da01c15,600,48,648
3b901a6d-2d57-41eb-a6ee-05f212b7d4a5,f84d9433-99fb-4dc1-a7b4-ed28df01589c,2023-06-01 08:29:00,b3406af8-c4a9-4d2d-9e30-e06f3da01c15,400,32,432
c9a2571c-d8e3-4842-a88c-7747099631ba,89f23a88-e155-403c-81b7-74624a2a8b7c,2023-06-01 08:59:00,b3406af8-c4a9-4d2d-9e30-e06f3da01c15,400,32,432
f9d27aa3-b3bd-44e3-9bfa-304e301cf60b,6955924f-52b4-4a14-8a1a-4141c64f990f,2023-06-01 07:04:00,b3406af8-c4a9-4d2d-9e30-e06f3da01c15,400,32,432
997a0311-8bcb-44ba-b10a-7c29083a911d,3a34f173-2b77-44ba-92da-28e10ad98f0f,2023-06-01 14:38:00,b3406af8-c4a9-4d2d-9e30-e06f3da01c15,1800,144,1944
4fa5cd9b-4d0a-4573-909a-b6cce58703cc,528277e8-4ab5-4238-8977-eef05607a07b,2023-06-01 16:44:00,b3406af8-c4a9-4d2d-9e30-e06f3da01c15,1600,128,1728
78b47057-f7fd-4a66-8f1a-8261ab946017,3ced9be5-34a5-4ecb-b0c6-0914d923f289,2023-06-01 08:14:00,b3406af8-c4a9-4d2d-9e30-e06f3da01c15,500,40,540
5c601c64-0687-4833-9c89-58d5b78abc65,0f3e973c-42e0-4b6d-8940-db51a4fbdfaf,2023-06-01 07:22:00,b3406af8-c4a9-4d2d-9e30-e06f3da01c15,700,56,756
d9b4a1fe-a66f-404a-8889-a8770c202244,4a5e57dc-e244-4e0d-8e41-6c0deca10336,2023-06-01 07:35:00,b3406af8-c4a9-4d2d-9e30-e06f3da01c15,500,40,540
a3e3267b-07a9-4f17-a518-bcb30da70c0d,31a4ccea-3d90-4e67-a6f8-8d990cfffd1a,2023-06-01 07:56:00,b3406af8-c4a9-4d2d-9e30-e06f3da01c15,600,48,648
ffa127d1-05ff-4e4e-82b8-e0e2400a4b73,86faf3a1-bcd6-4bd4-8900-ba8ed0ffe0f2,2023-06-01 08:30:00,b3406af8-c4a9-4d2d-9e30-e06f3da01c15,600,48,648
376f3527-c50b-4006-bf3f-88099f7f3c2d,a709f29f-6f8e-4f51-b1b6-0d7e99fe176a,2023-06-01 13:08:00,b3406af8-c4a9-4d2d-9e30-e06f3da01c15,1600,128,1728
43dfb4be-dfb9-4bbc-bac9-fd49858f4c9d,177823f1-7955-4fbe-86f9-a65e856a3ca3,2023-06-01 14:48:00,b3406af8-c4a9-4d2d-9e30-e06f3da01c15,400,32,432
13d22508-d9e3-4d47-8fff-cf45e1a1d26b,50823f14-a532-448f-a310-02980e02795d,2023-06-01 18:05:00,b3406af8-c4a9-4d2d-9e30-e06f3da01c15,1700,136,1836
82837966-7b33-4f62-9fe2-f83f999f6fbe,87f0edf1-082f-460b-bc4f-9e72db2598ec,2023-06-01 08:21:00,b3406af8-c4a9-4d2d-9e30-e06f3da01c15,600,48,648
be4a8b65-c828-4dcf-b1e4-d966664ad8d5,06a02b8b-8290-49eb-a59a-1ed359cee4d9,2023-06-01 14:16:00,b3406af8-c4a9-4d2d-9e30-e06f3da01c15,600,48,648
fdc263fa-b5e1-40e3-a68e-0765b3425251,b7af6b39-c4de-481a-95b9-872e4b399c9e,2023-06-01 18:17:00,b3406af8-c4a9-4d2d-9e30-e06f3da01c15,1900,152,2052
9eab0c98-be39-4109-81cc-f5e30cd8178b,44a1345c-83cd-4105-bc81-eb61a59948bc,2023-06-01 07:29:00,b3406af8-c4a9-4d2d-9e30-e06f3da01c15,400,32,432
81409f86-9eef-4629-a8fc-5d2987c9b275,abd96f0c-1f71-4940-b799-0029d8748822,2023-06-01 08:04:00,b3406af8-c4a9-4d2d-9e30-e06f3da01c15,500,40,540
3b9b906a-de8f-4f34-85be-b2f0024cf6ce,c404f93f-22ca-4704-b231-83c13bb26a63,2023-06-01 11:12:00,b3406af8-c4a9-4d2d-9e30-e06f3da01c15,1300,104,1404
faaaaf8b-e196-4e7c-9268-81b5fa30cea8,c26ac399-6c40-4f9c-8b03-1ec608843dee,2023-06-01 07:41:00,b3406af8-c4a9-4d2d-9e30-e06f3da01c15,600,48,648
18b6215f-0305-446c-9682-9adac05a82d5,4190f662-1219-4f03-803f-413f95e73ac8,2023-06-01 15:57:00,b3406af8-c4a9-4d2d-9e30-e06f3da01c15,1800,144,1944
b1ee9016-dc22-46b1-92bd-8a1ce457f625,0e9616a6-6c31-4010-812b-329c8f7b4853,2023-06-01 14:35:00,b3406af8-c4a9-4d2d-9e30-e06f3da01c15,600,48,648
d2553597-c6f2-4978-ad07-ac5f0e43ec63,e035ac52-ddc6-40b9-8ff0-323f85959735,2023-06-01 15:06:00,b3406af8-c4a9-4d2d-9e30-e06f3da01c15,500,40,540
14801e22-6ede-40f5-b336-7c508c505f9a,b3592dd8-025f-42a5-94d3-2e88c5e14f97,2023-06-01 14:01:00,b3406af8-c4a9-4d2d-9e30-e06f3da01c15,2600,208,2808
2a6ff668-b1af-485c-9a78-1c6a6f52785b,8dc8937a-97f2-4c2f-a818-c3324d26e599,2023-06-01 11:55:00,b3406af8-c4a9-4d2d-9e30-e06f3da01c15,2100,168,2268
70fbe98d-6245-4672-a268-1d5c1e241d4a,d95f31c5-538e-45b8-b561-b1a13cdfef1e,2023-06-01 07:24:00,b3406af8-c4a9-4d2d-9e30-e06f3da01c15,500,40,540
b7c2e7b3-cf68-411c-888c-b0c2a24a7d00,5d57c1e8-4c29-4872-bde9-61fb5e8111cb,2023-06-01 13:25:00,b3406af8-c4a9-4d2d-9e30-e06f3da01c15,400,32,432
ebcc53c7-d901-4fb2-90e0-de59c0705998,169eed66-bf2f-4c7b-b0ad-b2878d4ba9d2,2023-06-01 15:09:00,b3406af8-c4a9-4d2d-9e30-e06f3da01c15,600,48,648
a7f5f4d4-96da-48d8-8e13-283aefd36556,d593cb3f-5c32-4ae8-b090-2b2d6cc364e0,2023-06-01 08:05:00,b3406af8-c4a9-4d2d-9e30-e06f3da01c15,700,56,756
c1d2469d-ad63-436f-8dab-84b78bee5467,b9c12e8c-8d2a-43d5-a79a-29aeb082c72a,2023-06-01 09:50:00,b3406af8-c4a9-4d2d-9e30-e06f3da01c15,3800,304,4104
eb7e0847-d35c-424b-900f-2a95779588ae,722c012f-efd2-49d0-8fd3-047157c22e79,2023-06-01 08:22:00,b3406af8-c4a9-4d2d-9e30-e06f3da01c15,400,32,432
91894d2e-97aa-4476-8473-25382972708f,5096dc25-d8a1-44a1-a629-f07365c1878a,2023-06-01 16:30:00,b3406af8-c4a9-4d2d-9e30-e06f3da01c15,1600,128,1728
20097f95-9bdd-4a48-b170-83ca6b8c0290,8db6beac-c887-48a0-a243-51364c4b54e5,2023-06-01 17:08:00,b3406af8-c4a9-4d2d-9e30-e06f3da01c15,1800,144,1944
387d3501-4d84-4c00-b602-895ecb6e8d20,6acbf0ba-f1c3-49cc-963a-d0c2f7c4d8f5,2023-06-01 07:59:00,b3406af8-c4a9-4d2d-9e30-e06f3da01c15,500,40,540
796dcac0-bb7a-46be-b473-5172415284ed,48cd3500-f9c1-471b-9786-fc1d6b7dfb2b,2023-06-01 14:47:00,b3406af8-c4a9-4d2d-9e30-e06f3da01c15,700,56,756
b7bf8bf0-a60d-4240-b2de-f890a8faf9af,2a47cf71-066f-4856-941a-0dcedb495e25,2023-06-01 07:49:00,b3406af8-c4a9-4d2d-9e30-e06f3da01c15,400,32,432
05409b2e-cc74-434e-b4e0-1d4666b3e891,dfcbcca6-3b8b-4b74-8b8a-35d542b61bea,2023-06-01 07:54:00,b3406af8-c4a9-4d2d-9e30-e06f3da01c15,500,40,540
aeba23d7-cbbd-4e46-93e7-531907aa9fd1,5169248c-0343-424f-9004-6c4898defb2e,2023-06-01 09:05:00,b3406af8-c4a9-4d2d-9e30-e06f3da01c15,1200,96,1296
a1605519-5384-44bc-97ed-309946f8c7c1,3e0bfbc5-de9c-4029-9e07-9abf3ea45e78,2023-06-01 07:54:00,b3406af8-c4a9-4d2d-9e30-e06f3da01c15,600,48,648
42505a0c-492e-49de-8ba7-cef2938bdd2a,565b67c6-951e-4d74-b047-1adf6fc2575c,2023-06-01 10:32:00,b3406af8-c4a9-4d2d-9e30-e06f3da01c15,1300,104,1404
79e73de4-f84c-460c-88b3-a68a6d91c970,19f5d8a1-6ea7-4cf1-a579-6255b6bfe1a2,2023-06-01 14:32:00,b3406af8-c4a9-4d2d-9e30-e06f3da01c15,1500,120,1620
d840ac22-e99f-4301-8c52-5d9167c0547d,5f7050b5-70b0-4e68-87ca-3057e2b22fec,2023-06-01 08:07:00,b3406af8-c4a9-4d2d-9e30-e06f3da01c15,700,56,756
21f853ee-953b-4331-92cd-948bd4d7bc30,09a85561-3dcd-44bf-b9d7-6e19a1d38ecb,2023-06-01 12:14:00,b3406af8-c4a9-4d2d-9e30-e06f3da01c15,1700,136,1836
f7c60769-430d-4a87-b470-d80b51603d85,cf232296-6a6b-4d24-9a71-2649bcbac8c1,2023-06-01 11:52:00,b3406af8-c4a9-4d2d-9e30-e06f3da01c15,400,32,432
b3b105e8-8611-4efa-889f-899f03ab26bf,58618b9b-fd0a-4274-bbe4-0fe50a9d9a88,2023-06-01 14:28:00,b3406af8-c4a9-4d2d-9e30-e06f3da01c15,600,48,648
d163e593-3e3e-4dd8-aa00-04e2411a1d2d,a4f9127b-d74a-4f58-810f-420971b161f1,2023-06-01 13:47:00,b3406af8-c4a9-4d2d-9e30-e06f3da01c15,1800,144,1944
5989a042-5c2f-4bbf-b361-13bfcd8665b4,69f7975c-4dc8-44dc-a8cd-1ada09c809f4,2023-06-01 07:33:00,b3406af8-c4a9-4d2d-9e30-e06f3da01c15,600,48,648
7de5f543-3e28-489e-baaa-55daeacd891d,93437d2a-3844-4289-b40d-fddae4789e9f,2023-06-01 08:28:00,b3406af8-c4a9-4d2d-9e30-e06f3da01c15,400,32,432
afdd43c3-bd4c-4288-9b9b-75c238a2fceb,96f755ed-3cd7-4c7a-a270-c8decb7e333c,2023-06-01 08:07:00,b3406af8-c4a9-4d2d-9e30-e06f3da01c15,600,48,648
4a5ba0a5-2180-4f09-a387-b7b96e3cb466,5426db7a-b305-431e-981b-30fb5a510434,2023-06-01 07:14:00,b3406af8-c4a9-4d2d-9e30-e06f3da01c15,500,40,540
8d699dc8-45ce-4d69-8823-cb83c2c070a9,783a4c82-83fb-4f38-8f75-4a7e4824221c,2023-06-01 17:03:00,b3406af8-c4a9-4d2d-9e30-e06f3da01c15,1700,136,1836
732f1ddb-f529-451b-9459-a66a1476dfe8,679485b7-5dd6-41b6-b898-8ef7079bc93a,2023-06-01 18:08:00,b3406af8-c4a9-4d2d-9e30-e06f3da01c15,2100,168,2268
7f27f483-7842-430f-afab-d860cd2d27ae,6abd1eaa-ddec-4830-9213-0c88cbf37819,2023-06-01 08:47:00,b3406af8-c4a9-4d2d-9e30-e06f3da01c15,700,56,756
0aced765-596d-4f56-872f-c74a26c5c1f7,da5f74ed-37ae-4e24-a565-e28f636b84c1,2023-06-01 07:37:00,b3406af8-c4a9-4d2d-9e30-e06f3da01c15,500,40,540
a97d6b0a-3bb8-42bc-8250-393daac38164,15842696-4fc9-4c29-9996-308a244bddf6,2023-06-01 14:20:00,b3406af8-c4a9-4d2d-9e30-e06f3da01c15,700,56,756
25c52453-c30c-4de0-ae4d-f0e41cbd7ea0,f2c43620-2285-47a4-9419-0fb60eb8d25a,2023-06-01 07:28:00,b3406af8-c4a9-4d2d-9e30-e06f3da01c15,600,48,648
42073557-8a3a-4bd9-99c8-2829979ffb5a,3bd451ff-c133-4697-ac9d-1dfee63011f5,2023-06-01 14:59:00,b3406af8-c4a9-4d2d-9e30-e06f3da01c15,1700,136,1836
85618736-43c1-4434-89a4-8263c7c1242e,780dac38-0863-491a-b46d-bc3cd528c1e4,2023-06-01 07:55:00,b3406af8-c4a9-4d2d-9e30-e06f3da01c15,600,48,648
f34c42d2-58c1-4e2d-a825-934f7c5c9db4,2a2621d7-3929-4b01-ba9c-c91bc485bd78,2023-06-01 18:53:00,b3406af8-c4a9-4d2d-9e30-e06f3da01c15,600,48,648
26335836-9ddc-4b55-a16c-893a722d77b9,4c25cfbb-7971-47e1-be1f-7a5110941d8e,2023-06-01 15:37:00,b3406af8-c4a9-4d2d-9e30-e06f3da01c15,600,48,648
6a5f8fe3-a26a-4578-9534-898e5a73bafd,f0ef0634-7b1f-4088-9657-9ad991d04f64,2023-06-01 08:18:00,b3406af8-c4a9-4d2d-9e30-e06f3da01c15,600,48,648
8ec5bc56-6ae6-4e4d-bb70-1c9c9ee381b8,d9345814-fb89-4e3f-9b22-312557035896,2023-06-01 10:13:00,b3406af8-c4a9-4d2d-9e30-e06f3da01c15,600,48,648
f7cf51f6-6498-4881-805f-f0583e4221a6,b5b8ba14-c913-48ca-8f53-c0634b770bc5,2023-06-01 08:08:00,b3406af8-c4a9-4d2d-9e30-e06f3da01c15,400,32,432
2cb029a0-cd36-4439-969e-8f1cba926966,4c1b1465-1124-4da0-a845-304ff87d7b80,2023-06-01 16:41:00,b3406af8-c4a9-4d2d-9e30-e06f3da01c15,700,56,756
3d952c23-2bf8-4e95-8b0b-7ddcc731189f,75c09e8f-8645-4c9f-ac93-1699443c14cb,2023-06-01 08:16:00,b3406af8-c4a9-4d2d-9e30-e06f3da01c15,500,40,540
06f2bc06-3e94-4581-ab36-f1271eb33a03,a1e6e5bf-8ffb-4a1f-a18f-6e7377165ccc,2023-06-01 09:59:00,b3406af8-c4a9-4d2d-9e30-e06f3da01c15,400,32,432
10dd257b-adde-43db-9faf-e1421c8e4b1f,be28b3ee-678e-4706-8265-7912b58409ca,2023-06-01 15:29:00,b3406af8-c4a9-4d2d-9e30-e06f3da01c15,500,40,540
32e7597e-030a-4a8c-9b90-347250b97227,60f6f9d2-5739-45d8-a478-3113ae487937,2023-06-01 15:58:00,b3406af8-c4a9-4d2d-9e30-e06f3da01c15,1700,136,1836
b74c1d8c-4c0b-4e9f-80a2-bc3416c11414,bb5ab63c-2b60-4ad2-b1b5-a02988e61b69,2023-06-01 13:27:00,b3406af8-c4a9-4d2d-9e30-e06f3da01c15,600,48,648
01483953-253c-4a71-8ee6-38d777b0c9d9,ef0ff021-ea9a-4f5a-89ca-9605d5694b86,2023-06-01 15:38:00,b3406af8-c4a9-4d2d-9e30-e06f3da01c15,2000,160,2160
adb177d4-5d06-41e8-bdeb-0cbf2d1b471f,d0fb7f3a-f27f-4d4e-ba9b-df1d3fbc30eb,2023-06-01 09:26:00,b3406af8-c4a9-4d2d-9e30-e06f3da01c15,3400,272,3672
2bf20ebb-538a-42f6-9388-785d38673666,ce0a5720-9060-41a3-87ed-6c94ade8161b,2023-06-01 14:20:00,b3406af8-c4a9-4d2d-9e30-e06f3da01c15,2100,168,2268
81a15631-e17f-48db-9e8e-57069837493e,0aa65868-ac92-4465-84a1-1e9a1f865c36,2023-06-01 18:43:00,b3406af8-c4a9-4d2d-9e30-e06f3da01c15,1700,136,1836
1c1ee468-062b-4a3e-82a5-db94cb698b69,9fb4a20c-205f-4b24-9b1b-e9cf352df13c,2023-06-01 17:10:00,b3406af8-c4a9-4d2d-9e30-e06f3da01c15,1500,120,1620
96869cae-55f6-4030-9f72-5e0b5ceb166a,e64930bf-9aea-452b-9770-6d9ab8e75b98,2023-06-01 14:26:00,b3406af8-c4a9-4d2d-9e30-e06f3da01c15,600,48,648
951ee307-d1b0-401a-89ec-a9d7705e2567,2e523f43-e1d5-4705-9bf0-a303ac8e2325,2023-06-01 09:40:00,b3406af8-c4a9-4d2d-9e30-e06f3da01c15,1000,80,1080
a456aefb-3e06-419d-8f52-95e98ccb824c,89beb553-07d8-468a-afb8-475cddc32a77,2023-06-01 08:02:00,b3406af8-c4a9-4d2d-9e30-e06f3da01c15,600,48,648
60a1ae4c-6d49-47e0-9526-73947d1487c0,6f62631e-1d5a-4f8f-8e63-0a0f41dbd8ee,2023-06-01 08:28:00,b3406af8-c4a9-4d2d-9e30-e06f3da01c15,600,48,648
7827980d-4885-43f0-a805-8b2f398c20cd,16e865e6-eca2-4dba-b362-059d91cbde66,2023-06-01 11:56:00,b3406af8-c4a9-4d2d-9e30-e06f3da01c15,600,48,648
b802e3d3-bf06-48b6-96d8-c2c6a41abc2d,ff5a232b-ee8b-4ca2-96b1-ef1650c72b1a,2023-06-01 08:23:00,b3406af8-c4a9-4d2d-9e30-e06f3da01c15,400,32,432
c331ec0f-0130-4ec3-892e-f37a90dde6db,5f6dc068-c7a6-4b9f-8f6b-cc0a2c0f5920,2023-06-01 08:06:00,b3406af8-c4a9-4d2d-9e30-e06f3da01c15,600,48,648
25c34e8c-e0df-4d69-afb0-1c51f0da1df5,9af44487-75a5-464e-9686-6f0f667729e7,2023-06-01 15:53:00,b3406af8-c4a9-4d2d-9e30-e06f3da01c15,400,32,432
5380c51b-c296-4ef6-ac96-f49539078d58,e5a9b9ac-c173-44e3-bd7b-273f20532544,2023-06-01 12:18:00,b3406af8-c4a9-4d2d-9e30-e06f3da01c15,1800,144,1944
0566d92f-a242-40b7-99c3-8d9a0e028471,ce1f8a7f-7721-44d4-96d8-7d520acad1f1,2023-06-01 12:44:00,b3406af8-c4a9-4d2d-9e30-e06f3da01c15,1000,80,1080
96e1c4e4-1831-49a7-bede-e1c28e0ca251,d4eac3ba-2779-4b21-99f2-198fba33f339,2023-06-01 10:06:00,b3406af8-c4a9-4d2d-9e30-e06f3da01c15,800,64,864
4e0d2860-c7b0-47dc-a5b1-52f7ac8e8974,4b4d226b-43b8-4ab9-b8c9-0ff707cf3862,2023-06-01 13:37:00,b3406af8-c4a9-4d2d-9e30-e06f3da01c15,3200,256,3456
7537f63b-e250-4ac2-a919-7c638549c8c7,fa9e8c55-3724-43ef-bc87-cd18cf46c453,2023-06-01 07:59:00,b3406af8-c4a9-4d2d-9e30-e06f3da01c15,500,40,540
361c3d15-6056-4806-8755-f30deff5555a,063e0a0b-9da6-413a-9759-065854e5f48f,2023-06-01 14:21:00,b3406af8-c4a9-4d2d-9e30-e06f3da01c15,1600,128,1728
51286866-be79-4286-8c8c-1403a9452c88,72e39e59-1d0a-43f5-9fd7-68c18e43f2f1,2023-06-01 12:07:00,b3406af8-c4a9-4d2d-9e30-e06f3da01c15,0,0,0
66cb0a0c-f02a-4f37-bf6b-42da47d0e6fb,81d151e6-2213-44c8-b3f8-3c92ca5f9d6f,2023-06-01 15:34:00,b3406af8-c4a9-4d2d-9e30-e06f3da01c15,500,40,540
bd96ef1c-aa92-40ea-a277-46a95b517001,2eef6761-a562-43e0-becd-e1ab245983ab,2023-06-01 16:00:00,b3406af8-c4a9-4d2d-9e30-e06f3da01c15,600,48,648
64414d6a-0c2b-41ae-8e13-0c2c33611015,250a707f-0648-4114-aed3-fc271fbdae6e,2023-06-01 07:14:00,b3406af8-c4a9-4d2d-9e30-e06f3da01c15,500,40,540
6b904487-b58d-4b49-8493-edc7551e475a,b17947fc-f4f9-4d4d-82a7-a21c9ef29f08,2023-06-01 14:56:00,b3406af8-c4a9-4d2d-9e30-e06f3da01c15,1200,96,1296
